31586
28172
22945
22787
23156
23072
22361
34444
21324
22576
34989
23478
22427
23217
21331
22564
26801
23572
23222
22925
22829
23106
22280
23449
21284
23262
23585
22997
23788
21970
21133
22875
22703
29408
28636
27592
23435
27299
23453
22364
21431
22698
27674
23134
28025
22714
23225
22401
27801
22940
29834
22255
22644
23928
22767
22763
24017
23254
23393
23187
24522
22866
29499
23063
22459
23092
22169
34590
22317
29967
22877
29608
22712
22594
22919
23750
23025
23441
24900
24393
22794
23679
29515
23249
29861
22632
35580
22695
22445
30096
31509
36781
23647
22677
22841
30221
22355
22989
24608
23647
22694
22619
34283
25002
24428
22842
22833
22438
24459
29820
23797
21190
21713
22916
23036
23229
26067
23917
29734
22161
30250
22960
22070
23220
22335
22757
22122
24278
22617
23159
22516
22926
22911
22693
23433
22434
27279
27191
23167
22780
22679
34054
22808
22461
23385
22023
22114
22305
22209
23638
20981
35052
22569
29978
22574
23603
22602
26456
23001
36714
23068
32441
23100
22170
22318
22632
24928
29408
23805
32716
22896
22736
23053
22906
22606
23087
28292
22816
22779
22715
23394
22910
22071
22882
23424
22890
25116
22110
23026
22546
23209
29952
22978
27571
22872
29257
35712
35047
24999
22565
22479
23572
24514
27752
29598
23410
23324
22686
22615
23074
22496
23166
22994
22658
30839
23866
22191
23210
23250
23060
22827
22699
28209
22755
23364
23097
22513
24454
22807
26188
28006
22485
22651
29587
23382
22544
27639
27820
22432
23864
22837
22231
23076
23069
28000
22382
22381
22628
22809
23004
23882
24281
23920
22651
22137
41340
22958
21036
21221
30211
23169
22602
28386
22685
31832
25887
26427
22149
22976
30200
22892
23032
22575
22887
29605
23487
22855
21190
37422
21432
29355
23370
28327
22430
22697
26915
22233
22768
24190
27432
22347
23015
22439
22256
23109
22346
29994
28588
22602
22850
22368
25372
23644
28527
22647
28823
22654
23644
33404
22838
23150
29323
22834
23227
22745
22877
22391
23934
22976
21784
29231
28779
22738
22748
28263
22513
29756
22303
34149
23611
26440
22445
22604
22684
28729
22184
22546
32155
24572
22530
21002
22233
27090
22737
22514
23311
22461
25382
22692
27973
22651
25097
29905
35618
22632
29936
22398
22485
23190
22581
38493
30394
22634
23363
27955
29292
29958
22702
28334
23612
22107
27237
22877
29920
23203
31306
22480
22727
22773
28657
22577
22532
23928
22416
22977
22858
22962
23486
28231
23695
22926
22610
20820
28010
30145
22641
24393
32235
24346
31244
23439
23289
23324
22808
23498
22260
23400
22979
29525
29845
22619
23472
22017
23114
30880
26230
23269
23490
22671
22722
23584
32521
22804
22517
22768
23231
23260
22797
23012
23232
24848
23251
22922
22709
23178
22712
22816
22740
22091
23412
40840
23634
38031
22559
35921
30186
31493
27604
22599
22599
22545
26917
28532
24432
27103
35491
22500
25282
26069
22044
29698
22958
22342
23375
24825
23644
22890
22933
21298
22214
31875
23067
29789
35078
28865
30685
22185
25861
23150
22690
23230
24604
22659
21718
24348
24819
22776
27489
28588
23905
22579
27704
23311
23284
32260
23198
23297
28380
22511
22656
21016
28621
22732
21052
22192
22326
22646
30466
23011
21796
22710
23272
25302
33511
22644
30338
22844
29944
22205
32499
22706
23027
22575
23474
27809
22860
27802
21170
23891
40389
23160
22931
22651
28902
22487
23303
26755
29533
23398
22351
22972
26630
24963
27366
23250
22217
23081
23176
22877
22956
22608
24007
22900
22676
22883
29734
30130
21733
26324
27824
36163
22704
23452
22775
23550
22553
25336
27712
23423
24374
23057
21253
23203
23605
23091
24433
25357
22398
30030
22276
30077
22682
23265
22319
31281
22471
23874
23113
22195
22006
22823
29081
22835
21023
22530
22389
21245
29215
22975
29675
22531
22330
22692
22836
22957
27195
22657
21504
24009
28655
22525
20793
22291
22866
22513
23118
23391
24556
23987
22624
22700
20891
22533
21124
24810
24605
21429
30388
22827
24633
35030
22789
22681
31284
22168
22929
29127
24858
23635
23293
22201
23461
24518
22756
26865
23427
22960
22572
25691
21175
24594
22721
25152
23246
23276
22686
23059
22818
21997
24472
22371
22497
22557
22435
25709
23114
23093
26440
21350
22914
28729
22619
22303
26722
23100
35738
22404
40872
39638
22748
29937
27091
35645
23582
23163
22625
22606
21500
27455
23197
23450
28538
31155
29198
23007
21128
24302
23156
22863
33647
23898
23387
23055
23436
23569
27740
22693
22975
24361
23316
23529
29720
23518
22573
21286
23910
23330
31919
34494
31216
21175
25366
23656
22813
23636
27366
31902
26457
30198
23536
33897
21350
22256
27379
23503
22898
22921
24428
23427
30943
28299
23463
23372
30018
23953
22976
23064
39171
23796
22671
28044
29188
23464
33378
34226
26757
25797
23389
23379
24665
24536
29078
22773
32750
23627
24632
32610
26169
30452
21865
23193
21175
25162
28685
25532
23355
28398
28544
30253
22787
31622
28806
22339
27284
27246
30750
25030
32411
24108
24441
21679
31167
22391
24038
23692
22709
26399
23701
29524
23065
28967
23335
33342
39956
27750
22255
23187
22951
22781
22962
23296
22831
24066
45193
28333
24453
23203
22626
22972
23065
23268
27954
23496
23439
23363
23234
22987
23051
22689
21231
23563
24375
22490
22362
24057
24825
23497
24499
25453
22782
26025
30022
27697
22499
23162
23319
24118
22763
35241
23532
23599
21535
27412
24647
28619
22966
27995
26263
29973
20676
21681
29343
23215
30235
22384
28887
30365
23558
23628
30925
22524
31039
27316
21617
22879
24184
29594
28988
23150
23000
22649
23371
27323
25146
21047
22659
30327
22231
27425
22456
23619
27523
26517
23120
23757
23203
22924
30401
25890
22763
22441
23102
23516
22749
26117
22710
22973
24447
22514
28669
21376
22056
22484
22872
23300
22159
22855
36083
22575
28128
30773
24457
22305
23842
27958
22656
30489
29682
22382
21211
24252
22793
29538
27509
23024
30158
23326
29631
23280
22553
31152
22502
22954
24553
22607
35779
23149
22816
23148
27663
22488
22261
29141
23457
21010
23328
21234
23994
29130
26998
27243
23135
23186
22162
27025
22898
23037
22564
29584
30462
22615
28746
24571
22276
27951
23018
29698
24480
28640
23686
23688
23925
23669
24530
26493
23087
22692
23673
22612
27083
23764
22857
23798
23307
23153
23608
24495
28400
28527
26840
