(30915, 40145, 32298)
(31002, 64419, 32347)
(31220, 64905, 32569)
(30847, 63997, 32212)
(30912, 64195, 32292)
(30847, 63850, 32232)
(30938, 64382, 32291)
(31022, 65080, 32367)
(30970, 64992, 32322)
(31128, 65722, 32488)
(30836, 64953, 32196)
(30940, 65199, 32304)
(30883, 64550, 32243)
(30868, 64126, 32245)
(30957, 64023, 32337)
(45047, 82430, 46733)
(30843, 64646, 32202)
(38332, 74759, 39938)
(30871, 65330, 32235)
(30984, 64039, 32357)
(30950, 64291, 32325)
(31063, 64229, 32412)
(30873, 65071, 32242)
(31112, 64489, 32466)
(30939, 63817, 32280)
(30913, 64648, 32287)
(30921, 64537, 32273)
(30903, 63838, 32242)
(30879, 63852, 32249)
(31109, 64900, 32521)
(30913, 64539, 32252)
(30886, 64114, 32262)
(38019, 72908, 39667)
(30864, 64311, 32229)
(30870, 64966, 32228)
(31357, 65282, 32715)
(30998, 63956, 32354)
(31077, 64190, 32425)
(30912, 63784, 32276)
(30845, 64444, 32214)
(30899, 64055, 32242)
(31068, 64911, 32416)
(30896, 65196, 32250)
(31144, 64819, 32508)
(31008, 63946, 32366)
(30888, 64956, 32237)
(30882, 65152, 32230)
(31027, 64825, 32376)
(31128, 64571, 32473)
(31002, 65504, 32358)
(30941, 65402, 32293)
(30904, 64669, 32281)
(30830, 65007, 32185)
(30994, 64814, 32343)
(30996, 64387, 32354)
(30854, 64416, 32207)
(30942, 64149, 32277)
(31066, 65462, 32442)
(30925, 64129, 32262)
(30943, 63927, 32309)
(30905, 64174, 32252)
(30888, 64488, 32262)
(30992, 64251, 32350)
(30879, 64113, 32228)
(30920, 64291, 32298)
(30889, 64154, 32261)
(30875, 63835, 32231)
(30909, 65088, 32269)
(30854, 64883, 32209)
(30907, 64767, 32247)
(44952, 81807, 46632)
(31047, 64671, 32417)
(30909, 64870, 32255)
(31000, 64853, 32354)
(30939, 64350, 32281)
(30898, 64276, 32263)
(30889, 64640, 32249)
(30952, 64044, 32294)
(30999, 63832, 32363)
(30920, 64416, 32270)
(30874, 63990, 32242)
(30919, 64535, 32301)
(30900, 64959, 32269)
(31025, 64018, 32393)
(31251, 64729, 32617)
(31325, 64520, 32678)
(30884, 63136, 32238)
(31133, 64650, 32482)
(30975, 64797, 32319)
(31005, 64709, 32347)
(30991, 64339, 32331)
(31012, 64834, 32354)
(30867, 64340, 32217)
(30987, 64890, 32344)
(30893, 63991, 32255)
(31137, 64783, 32475)
(30889, 63616, 32229)
(30862, 63703, 32214)
(30943, 64795, 32295)
(30993, 63737, 32358)
(30941, 64640, 32299)
(30827, 64407, 32171)
(30881, 64602, 32214)
(30877, 38781, 32214)
(30865, 39765, 32197)
(30915, 39611, 32280)
(30995, 40580, 32378)
(30886, 64698, 32244)
(30939, 64606, 32285)
(30823, 64281, 32175)
(31016, 65145, 32395)
(30866, 64418, 32218)
(30863, 64101, 32241)
(30924, 64679, 32281)
(31047, 64403, 32420)
(30815, 76000, 32158)
(30908, 64945, 32259)
(30878, 65297, 32227)
(30881, 64772, 32244)
(44988, 81238, 46667)
(30887, 64557, 32224)
(31252, 65646, 32623)
(30887, 64696, 32234)
(30869, 64763, 32238)
(31153, 64780, 32518)
(30948, 64755, 32286)
(30864, 64352, 32236)
(30949, 64529, 32290)
(31184, 64702, 32572)
(30999, 64972, 32350)
(30901, 64910, 32239)
(31319, 64490, 32724)
(30913, 65147, 32259)
(30896, 64176, 32262)
(31217, 64498, 32567)
(30827, 39264, 32162)
(30954, 64428, 32299)
(30878, 64030, 32243)
(30896, 64536, 32263)
(31127, 64866, 32472)
(30914, 64489, 32265)
(30865, 64504, 32209)
(30920, 63904, 32278)
(30930, 64929, 32295)
(31068, 64661, 32418)
(30852, 64405, 32188)
(30928, 63296, 32282)
(30925, 64204, 32274)
(30875, 64101, 32221)
(30803, 64526, 32183)
(30917, 64818, 32280)
(30879, 64319, 32232)
(30926, 64283, 32263)
(31001, 64358, 32356)
(30897, 64865, 32267)
(30891, 63409, 32274)
(30911, 64146, 32267)
(30902, 64827, 32272)
(30855, 64757, 32216)
(30889, 44044, 32257)
(30903, 64279, 32253)
(30986, 64762, 32345)
(30879, 64561, 32232)
(31097, 64276, 32457)
(30888, 64773, 32249)
(30917, 64876, 32274)
(30863, 63683, 32223)
(30902, 64274, 32265)
(30991, 64858, 32341)
(30886, 64523, 32263)
(30925, 64283, 32264)
(30904, 64555, 32259)
(30911, 64871, 32285)
(30915, 64584, 32263)
(30918, 65442, 32274)
(31076, 64386, 32478)
(30877, 64292, 32230)
(30905, 64545, 32245)
(30956, 64053, 32299)
(30894, 39196, 32237)
(31064, 38730, 32433)
(30905, 39562, 32243)
(30994, 39414, 32339)
(30894, 38982, 32236)
(31006, 39222, 32347)
(30881, 40028, 32237)
(30886, 38918, 32247)
(31056, 39766, 32410)
(31098, 38883, 32455)
(30899, 39590, 32254)
(30880, 39341, 32241)
(31007, 38996, 32346)
(30843, 40144, 32199)
(30973, 38677, 32332)
(38301, 48241, 39938)
(38017, 47750, 39639)
(30852, 39372, 32183)
(30882, 39618, 32236)
(31181, 39829, 32529)
(30880, 39754, 32215)
(31030, 39134, 32383)
(30913, 38862, 32269)
(30969, 39158, 32304)
(30965, 39020, 32346)
(30893, 39054, 32250)
(30884, 38133, 32245)
(30869, 39024, 32206)
(30951, 38775, 32312)
(31117, 39036, 32470)
(38297, 47998, 39898)
(38035, 47194, 39674)
(30964, 38271, 32297)
(30885, 38213, 32235)
(30894, 38575, 32260)
(30889, 39168, 32241)
(30892, 39472, 32238)
(30895, 39308, 32247)
(30964, 39999, 32325)
(30939, 43745, 32347)
(30870, 39425, 32229)
(30909, 40002, 32264)
(31065, 40604, 32424)
(30996, 39875, 32351)
(30846, 39479, 32179)
(30988, 39364, 32339)
(31097, 40644, 32448)
(30850, 40078, 32202)
(31277, 40776, 32638)
(30933, 39314, 32312)
(31120, 39785, 32470)
(38738, 47452, 40366)
(30860, 39141, 32224)
(30866, 39309, 32213)
(30973, 38655, 32312)
(30966, 40060, 32326)
(30852, 39905, 32200)
(30864, 39256, 32215)
(30973, 38396, 32329)
(30827, 38130, 32175)
(30897, 39537, 32251)
(31048, 39523, 32401)
(30966, 38176, 32306)
(31002, 38881, 32357)
(30889, 64955, 32234)
(30979, 39802, 32347)
(30961, 64314, 32330)
(30924, 64794, 32293)
(31078, 64774, 32415)
(30956, 38281, 32322)
(30979, 39539, 32353)
(30983, 39460, 32333)
(31092, 38761, 32543)
(30983, 38196, 32330)
(30921, 37803, 32262)
(30927, 37818, 32283)
(30841, 39529, 32176)
(30924, 38049, 32263)
(30927, 37647, 32266)
(30907, 37821, 32262)
(30877, 38958, 32221)
(31028, 39665, 32385)
(30900, 38171, 32267)
(30966, 38990, 32319)
(31006, 38399, 32364)
(30891, 64683, 32247)
(30935, 64886, 32304)
(30899, 64686, 32250)
(30871, 64406, 32236)
(31113, 65215, 32466)
(30922, 63880, 32270)
(31074, 64480, 32419)
(30884, 64976, 32244)
(30967, 64723, 32344)
(30939, 65164, 32307)
(30943, 64121, 32306)
(30880, 64803, 32244)
(30892, 64765, 32269)
(30886, 64099, 32255)
(30936, 65006, 32304)
(30906, 65071, 32244)
(30859, 64011, 32206)
(30890, 64211, 32260)
(31001, 74505, 32396)
(31042, 65622, 32393)
(30848, 64690, 32193)
(31109, 64861, 32480)
(30887, 64532, 32232)
(31048, 64489, 32402)
(30871, 64348, 32227)
(30888, 63685, 32235)
(30966, 64913, 32332)
(31132, 65190, 32524)
(31006, 63973, 32367)
(31008, 65027, 32354)
(30959, 64172, 32333)
(30959, 65081, 32329)
(31130, 64587, 32479)
(30898, 64806, 32247)
(37692, 72072, 39266)
(30896, 64797, 32280)
(38211, 74207, 39810)
(30869, 64856, 32210)
(30995, 64709, 32333)
(30944, 65203, 32291)
(30879, 64858, 32232)
(30879, 63623, 32249)
(31039, 61987, 32428)
(30925, 38604, 32293)
(30915, 39438, 32263)
(30932, 38749, 32283)
(31061, 39747, 32432)
(30914, 39311, 32264)
(30954, 39576, 32304)
(30847, 39288, 32186)
(30879, 39269, 32228)
(31225, 39699, 32572)
(30897, 38872, 32236)
(30875, 39842, 32228)
(31190, 39887, 32534)
(30923, 39088, 32266)
(30954, 38859, 32310)
(38275, 48194, 39967)
(31104, 39242, 32444)
(30855, 39613, 32193)
(30920, 39633, 32275)
(30899, 39929, 32239)
(31039, 40461, 32396)
(30875, 39935, 32223)
(31010, 40790, 32409)
(30857, 40339, 32193)
(30896, 40550, 32237)
(30998, 40011, 32375)
(31014, 40541, 32374)
(30916, 39774, 32259)
(30899, 39304, 32251)
(30973, 39878, 32335)
(30895, 39695, 32249)
(30942, 39283, 32314)
(31054, 40445, 32395)
(31018, 39259, 32363)
(38104, 47704, 39736)
(31042, 39737, 32404)
(30968, 38871, 32312)
(30855, 39086, 32219)
(30922, 64469, 32261)
(30983, 38830, 32328)
(30916, 64460, 32269)
(30910, 39799, 32256)
(31040, 65045, 32384)
(38106, 85656, 39767)
(30957, 64473, 32306)
(30926, 65188, 32267)
(30885, 64246, 32252)
(30902, 64095, 32265)
(31206, 65397, 32547)
(30849, 64357, 32221)
(31029, 64500, 32402)
(31073, 64131, 32445)
(30942, 65116, 32313)
(30845, 64690, 32211)
(30909, 64495, 32260)
(30896, 64693, 32267)
(31065, 65057, 32434)
(37630, 72349, 39264)
(30875, 64780, 32240)
(30897, 64681, 32269)
(31050, 64433, 32428)
(30917, 63734, 32276)
(30906, 64264, 32271)
(30921, 64450, 32287)
(31197, 65028, 32558)
(30913, 65512, 32259)
(30899, 64154, 32270)
(30887, 64591, 32262)
(30907, 63907, 32287)
(30996, 64071, 32342)
(30920, 64741, 32286)
(30913, 63965, 32261)
(38053, 73401, 39723)
(30912, 51812, 32271)
(30883, 39438, 32241)
(30893, 48321, 32235)
(30979, 65223, 32345)
(30897, 64769, 32283)
(30876, 64489, 32229)
(31012, 64499, 32362)
(30977, 64217, 32327)
(31014, 64716, 32375)
(31069, 64265, 32423)
(30913, 63818, 32259)
(31009, 64955, 32357)
(30910, 64445, 32272)
(31018, 64188, 32371)
(30905, 64699, 32257)
(30955, 64675, 32322)
(30949, 65885, 32302)
(30961, 64355, 32317)
(31068, 64787, 32415)
(31229, 64461, 32587)
(30859, 64501, 32200)
(30993, 64830, 32352)
(31070, 64886, 32424)
(30997, 64853, 32350)
(30927, 65358, 32290)
(30886, 38835, 32237)
(30842, 41488, 32198)
(30809, 38974, 32158)
(30921, 64972, 32286)
(30940, 64808, 32288)
(31056, 64844, 32416)
(31031, 64509, 32387)
(30900, 64133, 32266)
(30877, 65275, 32258)
(31099, 64477, 32471)
(30924, 64640, 32292)
(30866, 63908, 32228)
(30974, 64420, 32430)
(38380, 73794, 40003)
(30921, 63791, 32282)
(30876, 64960, 32242)
(30923, 64528, 32288)
(30921, 64672, 32262)
(30854, 64057, 32192)
(30873, 64488, 32230)
(31030, 64652, 32384)
(30869, 64291, 32243)
(30980, 64976, 32345)
(30951, 64350, 32300)
(30822, 64266, 32168)
(30830, 63282, 32205)
(30901, 63820, 32254)
(31049, 64124, 32388)
(30889, 65031, 32249)
(30866, 63998, 32216)
(30877, 65033, 32231)
(30876, 64002, 32230)
(31031, 64349, 32373)
(30878, 39252, 32234)
(30995, 39326, 32333)
(30902, 39320, 32260)
(31096, 39742, 32442)
(31028, 39593, 32393)
(30874, 51787, 32258)
(31029, 39869, 32371)
(30835, 39565, 32180)
(30930, 39044, 32271)
(30936, 39588, 32311)
(31059, 38824, 32402)
(30992, 39925, 32351)
(30957, 38345, 32324)
(31113, 38559, 32455)
(30865, 39885, 32226)
(30851, 39542, 32217)
(30894, 39731, 32233)
(30933, 38852, 32274)
(30948, 39681, 32342)
(31073, 40483, 32451)
(30906, 65004, 32254)
(30904, 78122, 32248)
(30916, 45911, 32265)
(31044, 40013, 32457)
(31045, 45153, 32395)
(30844, 58896, 32187)
(30840, 62154, 32177)
(30983, 65636, 32347)
(30806, 64965, 32163)
(30900, 63905, 32280)
(30837, 64358, 32204)
(30936, 65230, 32310)
(30878, 63680, 32224)
(30890, 64376, 32240)
(30916, 64072, 32264)
(30995, 64755, 32342)
(38408, 48113, 40012)
(31090, 38762, 32521)
(31013, 38450, 32365)
(31154, 39674, 32529)
(31102, 40138, 32536)
(31947, 40678, 33297)
(30848, 40391, 32188)
(31077, 39571, 32438)
(30851, 40177, 32200)
(30826, 40015, 32180)
(30856, 39705, 32206)
(30905, 39483, 32262)
(30901, 39478, 32246)
(30922, 64265, 32261)
(30978, 64879, 32343)
(37807, 73819, 39431)
(30882, 64534, 32248)
(30962, 64436, 32335)
(30915, 64685, 32284)
(30859, 64161, 32211)
(30929, 64835, 32271)
(30905, 64922, 32271)
(30903, 64633, 32261)
(31006, 64613, 32356)
(30825, 64187, 32201)
(30975, 64662, 32355)
(31089, 65433, 32475)
(44913, 81590, 46616)
(30838, 63516, 32189)
(30930, 64528, 32282)
(30936, 64938, 32303)
(30963, 64002, 32337)
(30908, 64668, 32261)
(30895, 65675, 32257)
(30861, 64709, 32216)
(30999, 65103, 32356)
(30966, 64771, 32324)
(31380, 65710, 32749)
(30883, 65769, 32253)
(30898, 64953, 32247)
(30915, 64066, 32291)
(30838, 63424, 32185)
(30939, 63846, 32296)
(38280, 74069, 39894)
(31304, 65494, 32676)
(30932, 64376, 32298)
(30885, 64406, 32245)
(31049, 65283, 32426)
(30825, 64776, 32174)
(30863, 64551, 32239)
(30899, 64178, 32265)
(30983, 64386, 32330)
(38350, 74446, 39977)
(30970, 64266, 32328)
(30892, 64005, 32239)
(30923, 64528, 32275)
(30899, 64259, 32259)
(30989, 64132, 32335)
(30876, 64168, 32248)
(30937, 64572, 32300)
(31105, 64463, 32462)
(30890, 65521, 32246)
(30860, 65283, 32236)
(30871, 64637, 32231)
(31226, 65463, 32575)
(30830, 65315, 32198)
(30908, 63524, 32258)
(31027, 63746, 32399)
(30927, 64523, 32291)
(31296, 66177, 32678)
(31040, 66039, 32401)
(31274, 64810, 32672)
(30919, 64527, 32277)
(30924, 63856, 32268)
(30880, 64043, 32242)
(31068, 64768, 32412)
(30880, 64270, 32269)
(31116, 64081, 32482)
(30821, 66040, 32169)
(30839, 65034, 32182)
(30843, 64721, 32182)
(30906, 64074, 32251)
(30876, 64777, 32239)
(30857, 65261, 32243)
(31123, 64213, 32539)
(31074, 65523, 32425)
(31254, 65210, 32616)
(30964, 64708, 32339)
(30936, 64638, 32296)
(31021, 65362, 32433)
(30858, 65161, 32209)
(30905, 64583, 32280)
(30879, 64782, 32226)
(38152, 73101, 39790)
(30906, 62932, 32243)
(30922, 64458, 32283)
(30944, 64427, 32300)
(30895, 64575, 32240)
(30899, 38674, 32259)
(31176, 38284, 32511)
(30854, 65177, 32227)
(30919, 38856, 32260)
(30896, 38894, 32250)
(30910, 40063, 32265)
(30893, 40036, 32269)
(30917, 39079, 32272)
(30876, 39189, 32216)
(31075, 39352, 32407)
(30909, 39846, 32270)
(30998, 39314, 32362)
(30822, 40277, 32163)
(30907, 39697, 32273)
(38143, 48441, 39736)
(30910, 39836, 32245)
(30897, 39140, 32256)
(30966, 39891, 32317)
(30874, 40142, 32238)
(37841, 48088, 39478)
(30917, 40257, 32263)
(30861, 40396, 32224)
(30864, 40212, 32195)
(30855, 39709, 32207)
(30919, 39808, 32262)
(38362, 48169, 39964)
(30916, 40420, 32265)
(31064, 40624, 32435)
(30909, 39832, 32274)
(30929, 39636, 32280)
(30946, 44505, 32395)
(30907, 39758, 32254)
(30908, 40066, 32266)
(31029, 40553, 32387)
(31075, 62486, 32428)
(30844, 64623, 32205)
(30952, 64185, 32291)
(31005, 64765, 32362)
(30891, 65598, 32266)
(30824, 64439, 32181)
(31373, 65358, 32716)
(30914, 64367, 32282)
(30921, 65471, 32268)
(31032, 64746, 32393)
(30980, 64737, 32327)
(30894, 64574, 32263)
(30917, 64948, 32276)
(30890, 64356, 32283)
(30865, 64385, 32202)
(30922, 66004, 32270)
(31025, 64879, 32386)
(31131, 65701, 32480)
(31283, 64709, 32645)
(30930, 64768, 32282)
(30988, 64773, 32357)
(30922, 65060, 32258)
(30937, 65200, 32311)
(30916, 64516, 32267)
(30909, 65215, 32248)
(30905, 64718, 32286)
(30987, 65000, 32351)
(30885, 64659, 32250)
(31074, 63984, 32424)
(31091, 65386, 32446)
(30913, 65077, 32275)
(30875, 64750, 32222)
(31074, 65169, 32411)
(31138, 65204, 32493)
(30895, 64298, 32265)
(30904, 65023, 32255)
(30888, 64337, 32239)
(30905, 65070, 32256)
(30893, 64400, 32278)
(30889, 65243, 32241)
(30982, 64397, 32328)
(31009, 64988, 32359)
(30981, 65221, 32347)
(30919, 64182, 32286)
(30878, 65039, 32220)
(31048, 65274, 32408)
(30953, 65523, 32341)
(31099, 65409, 32463)
(31029, 40983, 32401)
(30933, 39642, 32296)
(31048, 40791, 32385)
(30834, 40542, 32192)
(30930, 40185, 32278)
(30891, 40647, 32249)
(30890, 40122, 32290)
(31099, 40503, 32462)
(30887, 45537, 32222)
(30952, 40591, 32311)
(30835, 39737, 32193)
(30880, 39372, 32228)
(30850, 39173, 32229)
(38083, 47276, 39689)
(30934, 39286, 32283)
(30974, 38793, 32327)
(30827, 38576, 32189)
(30961, 38762, 32305)
(30900, 40309, 32277)
(31003, 40609, 32379)
(30929, 38752, 32286)
(31083, 40691, 32474)
(30941, 40752, 32293)
(31187, 39903, 32541)
(31020, 40317, 32470)
(37258, 46485, 38791)
(30926, 39106, 32280)
(30940, 38977, 32301)
(30870, 40455, 32220)
(30952, 39839, 32290)
(30899, 39264, 32273)
(38302, 47798, 39935)
(31059, 40150, 32409)
(30895, 40172, 32250)
(38039, 47703, 39677)
(30908, 39266, 32280)
(30918, 40138, 32269)
(30890, 40489, 32237)
(30883, 40470, 32266)
(31149, 39760, 32488)
(30847, 39687, 32189)
(30910, 40282, 32275)
(30913, 40528, 32271)
(30910, 40419, 32268)
(30958, 39207, 32314)
(31024, 40181, 32403)
(30840, 40321, 32182)
(30895, 40366, 32253)
(30951, 39585, 32418)
(30922, 39846, 32280)
(30928, 39306, 32266)
(30861, 40133, 32206)
(30881, 64550, 32252)
(37840, 85706, 39516)
(30857, 65308, 32203)
(31003, 65311, 32357)
(30910, 65013, 32262)
(31056, 64723, 32413)
(30872, 63577, 32219)
(30916, 63531, 32275)
(30854, 63781, 32214)
(30829, 39080, 32174)
(30923, 39627, 32293)
(30903, 39280, 32259)
(30875, 40115, 32234)
(30879, 40223, 32230)
(30912, 39682, 32265)
(30915, 40073, 32285)
(31173, 40492, 32592)
(30913, 39811, 32273)
(31014, 41635, 32396)
(30892, 40183, 32253)
(30929, 46928, 32322)
(31228, 39410, 32570)
(30889, 38548, 32245)
(30923, 38697, 32261)
(30965, 37815, 32318)
(30891, 39160, 32239)
(31063, 39476, 32406)
(30894, 39261, 32248)
(30887, 39085, 32233)
(31129, 39568, 32479)
(31121, 38800, 32484)
(30899, 39104, 32239)
(30946, 38325, 32302)
(30976, 38755, 32342)
(30863, 39919, 32213)
(31008, 40295, 32381)
(30827, 38164, 32165)
(30912, 39730, 32241)
(30903, 40084, 32262)
(30822, 40004, 32164)
(30834, 40388, 32186)
(31025, 40307, 32375)
(30822, 37967, 32170)
(30894, 39737, 32240)
(30910, 38826, 32269)
(38321, 47779, 39929)
(30926, 38567, 32266)
(30921, 39105, 32277)
(30965, 39453, 32313)
(31057, 39361, 32407)
(30875, 50733, 32296)
(30920, 38397, 32264)
(38185, 73556, 39827)
(30979, 64415, 32335)
(30840, 65000, 32203)
(30872, 65645, 32237)
(30871, 64196, 32220)
(30915, 38888, 32257)
(30892, 39453, 32248)
(30924, 38871, 32272)
(30932, 39878, 32276)
(30996, 39379, 32339)
(31047, 39833, 32392)
(30833, 39490, 32170)
(30947, 38596, 32310)
(30868, 40026, 32253)
(30887, 39733, 32230)
(30905, 39497, 32278)
(30837, 39592, 32201)
(30902, 39097, 32247)
(30822, 39690, 32179)
(31034, 39657, 32390)
(30879, 38733, 32241)
(31106, 39269, 32509)
(30861, 39132, 32226)
(30966, 38289, 32333)
(30911, 39056, 32270)
(30867, 39230, 32227)
(30816, 39277, 32152)
(30918, 46727, 32310)
(30840, 39312, 32195)
(31145, 38370, 32545)
(31003, 64825, 32346)
(30902, 64937, 32284)
(30901, 64739, 32262)
(31076, 64417, 32421)
(30852, 64470, 32197)
(30895, 64512, 32259)
(31199, 64979, 32589)
(30926, 64544, 32284)
(30849, 64189, 32211)
(31091, 63923, 32449)
(30912, 64572, 32274)
(30878, 64407, 32250)
(30867, 63874, 32223)
(30969, 64729, 32325)
(30909, 63424, 32278)
(30858, 64406, 32217)
(30860, 64563, 32199)
(30879, 64294, 32248)
(31083, 64795, 32428)
(30978, 64620, 32329)
(30904, 64209, 32260)
(30967, 39497, 32321)
(30842, 39739, 32209)
(30924, 39143, 32258)
(31010, 64373, 32361)
(31098, 65548, 32442)
(31033, 64345, 32417)
(31102, 64236, 32469)
(30898, 64225, 32263)
(31194, 64197, 32533)
(30899, 65188, 32259)
(30895, 64239, 32260)
(31190, 64647, 32542)
(30943, 65751, 32296)
(30910, 65197, 32290)
(30878, 64490, 32233)
(30978, 65069, 32327)
(31242, 64916, 32616)
(37534, 72266, 39117)
(30945, 64231, 32303)
(30878, 63940, 32221)
(30930, 64407, 32292)
(30907, 64410, 32271)
(31025, 64376, 32402)
(30903, 64171, 32256)
(30854, 64338, 32204)
(30999, 64863, 32363)
(30904, 65348, 32256)
(30915, 40159, 32271)
(30914, 39885, 32287)
(30808, 38854, 32167)
(30849, 39643, 32212)
(31026, 64656, 32415)
(30889, 64177, 32240)
(30901, 64521, 32275)
(30844, 64746, 32188)
(30842, 65052, 32213)
(30949, 64447, 32314)
(30913, 64057, 32262)
(31129, 64771, 32493)
(30882, 64165, 32243)
(30895, 64220, 32240)
(31098, 63660, 32451)
(30887, 64527, 32250)
(30845, 64818, 32196)
(30920, 64266, 32278)
(31078, 64505, 32437)
(30855, 65135, 32220)
(31175, 64585, 32525)
(30843, 64764, 32203)
(31029, 64521, 32397)
(30950, 64704, 32320)
(30911, 39308, 32253)
(30875, 39119, 32214)
(30981, 39715, 32330)
(30894, 40088, 32252)
(30997, 39995, 32354)
(30905, 39175, 32261)
(31078, 40647, 32429)
(30894, 40024, 32251)
(31143, 39798, 32501)
(31110, 39834, 32455)
(31056, 39500, 32417)
(30913, 39012, 32257)
(31160, 40091, 32534)
(31215, 39119, 32587)
(30847, 38313, 32211)
(31004, 39186, 32371)
(30877, 39275, 32243)
(30895, 39000, 32264)
(30841, 65278, 32207)
(31149, 38885, 32502)
(30934, 63520, 32291)
(30981, 64412, 32360)
(30921, 65032, 32262)
(30870, 64590, 32237)
(30848, 65091, 32189)
(30852, 64191, 32226)
(30833, 64191, 32217)
(30925, 62386, 32296)
(30933, 39280, 32309)
(30896, 39628, 32268)
(30886, 40110, 32257)
(30922, 38915, 32303)
(30896, 39156, 32247)
(31109, 39449, 32449)
(30917, 38891, 32272)
(30912, 38735, 32264)
(30891, 40018, 32249)
(30922, 38853, 32256)
(31081, 39505, 32444)
(30946, 38100, 32290)
(30959, 64514, 32331)
(30840, 64986, 32210)
(30881, 64209, 32235)
(31013, 64463, 32381)
(30906, 64945, 32258)
(31088, 65048, 32433)
(30959, 64345, 32342)
(30881, 63743, 32235)
(31131, 64849, 32500)
(38386, 73530, 40028)
(31137, 65319, 32490)
(30908, 64257, 32257)
(30839, 64283, 32182)
(30917, 64252, 32263)
(30854, 64663, 32197)
(31283, 65285, 32649)
(30887, 64250, 32239)
(30955, 65015, 32330)
(31113, 64146, 32451)
(30855, 64191, 32208)
(30891, 64651, 32263)
(31032, 64614, 32400)
(30918, 64346, 32267)
(31008, 63646, 32378)
(30857, 63891, 32210)
(31012, 65163, 32401)
(30969, 64883, 32329)
(30819, 64753, 32178)
(30924, 64538, 32287)
(30872, 64628, 32232)
(31176, 64881, 32537)
(30928, 64353, 32282)
(30922, 64463, 32288)
(38285, 72036, 39933)
(30929, 64356, 32280)
(31004, 64210, 32355)
(30912, 64722, 32260)
(30986, 68273, 32379)
(30954, 69614, 32311)
(30909, 70399, 32288)
(30925, 69696, 32300)
(30889, 65451, 32292)
(30899, 64906, 32263)
(31033, 64224, 32381)
(30958, 64587, 32309)
(30860, 64796, 32203)
(30828, 64189, 32165)
(31040, 65216, 32406)
(30933, 72321, 32308)
(31102, 64553, 32459)
(31063, 65040, 32452)
(30801, 64510, 32160)
(30905, 64591, 32278)
(31048, 65336, 32409)
(30893, 63965, 32254)
(30896, 64536, 32241)
(38040, 73038, 39648)
(45372, 82413, 47078)
(30822, 64596, 32181)
(30874, 64335, 32250)
(30874, 64582, 32236)
(30866, 64253, 32253)
(30953, 63781, 32291)
(30938, 64349, 32303)
(38343, 73867, 39983)
(30996, 65589, 32353)
(31115, 65239, 32482)
(30880, 64912, 32290)
(30939, 64081, 32302)
(30827, 64049, 32178)
(31356, 65436, 32718)
(30936, 64510, 32283)
(31087, 64695, 32454)
(30990, 64258, 32337)
(30896, 64144, 32242)
(30996, 64564, 32378)
(30945, 64702, 32287)
(30829, 64344, 32195)
(30913, 64620, 32263)
(30911, 64315, 32257)
(31167, 64830, 32576)
(30867, 64537, 32231)
(31001, 64013, 32335)
(30933, 64694, 32313)
(30903, 64531, 32256)
(30916, 63878, 32264)
(30863, 64954, 32219)
(30923, 64542, 32277)
(30926, 64878, 32277)
(31067, 67081, 32437)
(30892, 64243, 32246)
(37687, 72544, 39273)
(38005, 72863, 39627)
(30906, 64596, 32265)
(30927, 63759, 32291)
(30921, 65291, 32270)
(30890, 64269, 32249)
(30892, 64618, 32249)
(30868, 63990, 32233)
(31019, 64380, 32369)
(31204, 65239, 32627)
