16508
18827
20439
17812
16423
16341
17335
25926
15705
18082
16390
16305
14379
19849
20027
15830
19370
17150
16701
15137
15625
16684
17244
20241
17135
18740
22863
15758
15212
21499
16307
15861
22476
18017
19946
17834
16216
14467
17273
15902
16057
21565
13682
19722
20671
17082
14762
15948
20722
15066
21136
14017
12406
18917
13628
20549
24850
15264
15098
15966
18943
21680
16521
14790
15280
16886
17128
16738
16397
19578
15353
16246
20212
16484
18842
16727
17564
13757
15353
16895
14304
24429
19875
16806
19894
14752
17803
20838
12958
18269
14408
20236
15785
15220
20876
16102
20890
18933
15191
14117
15546
14559
13427
13773
13052
15224
15425
22238
16697
23692
15925
16672
19877
20706
16437
20134
15771
17141
20223
15262
16582
15782
16524
26756
19934
16292
17395
19158
16988
21505
14871
18932
17439
20399
21630
16235
15006
19266
17011
21040
15810
18065
20676
19911
17760
17052
19749
19335
18991
15934
17131
16135
15275
18909
18372
15990
14885
15640
19198
22037
16425
15295
14319
16303
14304
16767
18096
15405
20065
15013
22181
18752
15427
15948
15906
19768
22027
16116
17514
14526
17838
15263
16358
16792
19065
19299
16152
18064
15861
16490
19809
17905
21935
18749
17369
19195
15902
15196
16613
15379
16202
15122
14706
20451
24662
16692
25209
18078
17721
16279
21131
19329
16133
15594
17978
18636
15530
23396
17770
16455
15616
16961
18782
19465
16151
18871
17507
16707
15203
16275
19367
20034
18874
16772
16189
16833
14169
15954
15748
16630
22532
17147
15857
17230
13682
16202
18012
16574
17183
16364
20178
17099
16658
14311
19976
15873
16279
18282
16671
15241
15352
15169
21336
14532
20258
18584
17596
21552
18444
16055
15077
20962
16549
18503
15972
14733
15525
16935
17955
17131
12850
21071
16127
17599
18088
19962
15589
18726
16484
15495
16160
16641
16731
17942
20834
22483
18069
14275
17069
13560
14343
15321
17866
22101
17138
13163
14527
17233
16299
13281
19274
16751
17914
13827
14696
22063
13879
15910
16427
13341
18168
17663
14931
19097
16280
14743
13899
22786
15654
16234
14846
16334
25474
15727
15688
13661
18671
21271
15688
26198
15617
16469
19508
15765
18980
17214
15959
16086
15400
21374
18248
16984
16722
21705
15770
15553
21186
15298
19323
18334
15113
19013
13615
16245
15833
19235
15654
13800
25152
13180
18655
19501
18476
16504
16061
15875
15816
16021
13309
22245
14143
16071
13415
14610
16378
17384
14948
17385
19186
16436
17451
13912
13678
15440
15573
20081
13656
14161
16576
16461
18848
23468
14440
28124
17668
19397
15778
16533
14509
19676
15658
13354
19928
23446
21613
15932
19867
20315
13237
18547
17148
14981
17721
17327
18126
17114
16010
18769
16086
20504
20376
19176
15859
23118
17979
15949
18007
17054
13675
23106
14409
18815
19186
17192
15473
20165
20048
16154
15081
16116
17703
17312
17916
16969
19729
16371
19143
14838
16691
20293
18442
18547
14634
19584
18476
16538
17650
15812
17657
17259
17364
19927
17701
15884
21931
15065
18678
22703
18913
21144
18325
16489
19879
16042
15541
19071
15404
17279
14674
17539
15658
19020
16580
17922
18248
21193
27178
15938
15071
20699
19098
21597
15775
16809
16033
17758
15701
14435
20545
15690
14852
16104
24829
18481
16256
17399
17294
16676
13345
19145
16628
14633
14808
15993
16388
16386
15222
15250
15883
15267
17085
16111
21519
15110
15086
16460
15879
17345
16049
15683
15648
14975
17223
14708
13379
17718
15663
16168
15697
16331
15778
17488
15105
15881
19469
15393
18055
17994
16596
15283
16058
17295
17410
18599
20287
16644
15780
15672
21179
17449
15444
14810
27709
14735
21788
15339
12994
17317
22821
19328
18322
16909
21886
16654
15498
16107
16052
17027
16905
17138
16739
18302
16459
15479
18782
15606
16616
18194
15628
16450
16754
15524
15007
17581
15983
21821
14697
16335
19947
19218
13602
16263
19277
19306
23431
18635
25777
17784
21133
13321
21217
21342
20175
20606
15689
15899
15674
16839
15590
16190
16164
15136
23726
16828
22048
20608
13928
14972
21739
18478
16985
20716
17979
19519
20891
15580
16436
20900
16242
15227
13993
17922
16179
20308
16104
17543
18576
21174
16304
19541
14840
18112
22403
17258
22237
15064
16823
15975
18085
16047
19150
15007
16619
17348
16442
16210
15724
16773
14762
18646
14881
15222
20312
15893
17356
16949
14859
17454
17020
16045
18543
16377
18726
20795
17081
14598
15360
16051
15912
19356
14876
20298
18737
16499
20272
17164
17299
14543
14813
16656
16490
15940
16111
15699
16370
16355
19527
19917
18834
15484
16083
13735
15487
19515
18880
15938
16185
21269
20497
16425
19322
18332
16557
16834
15827
16803
15153
17465
21585
15440
20471
19924
18761
21227
18147
19787
16618
19589
17492
16080
22304
19664
16471
13306
15821
16916
17282
16128
15896
15078
21072
20576
16517
23347
18269
16687
19983
16623
23196
17098
15961
17308
16639
16904
15993
18633
18245
16030
13255
12940
19043
16758
16032
17320
13868
15297
19526
13037
22162
20663
15351
16061
18662
20736
16239
18026
19727
21295
17428
15962
13641
15448
23057
16417
14025
21512
15116
15471
24205
18780
15239
15945
21161
18334
15825
15075
15005
19155
16071
17341
16209
16899
17484
15731
20368
15881
20977
13949
22705
14793
15725
17949
15783
15040
16953
14063
21621
18922
14812
16211
14973
16681
16299
18884
17282
15056
15941
18055
15419
18263
21110
20358
25444
22732
14522
17386
13953
15709
20210
24745
22291
13704
19552
15494
14704
17924
17996
20674
21273
17292
20904
15883
20687
20545
19815
15792
19987
15945
21053
17425
13480
13811
18490
16610
23548
14531
15994
17625
16044
14935
19514
16107
18906
23112
17915
16979
15921
12921
16332
17945
16904
15328
15397
16280
16098
20508
16463
19433
18390
15625
16690
18333
14914
14101
15912
19015
21450
22450
16445
19730
15871
17023
15432
15583
20750
15561
18812
16239
14635
18673
14805
16134
19816
16314
16857
15646
12905
13337
17719
16359
15335
16156
16170
17643
18187
27782
16110
16723
20607
20548
15503
18688
22129
16593
16876
14709
19288
15868
16320
17181
21752
16847
14814
15981
19642
23366
19273
15811
18592
22792
16391
16633
15265
14150
16260
21994
19651
17592
16229
15442
15977
14368
16032
15823
20925
16000
15171
16140
14380
17261
14245
15636
16295
18326
14941
15918
15494
13870
22152
20243
