(4655, 6502, 4716)
(4649, 6447, 4713)
(5044, 6623, 5122)
(4658, 6233, 4713)
(5016, 6746, 5102)
(5045, 7105, 5159)
(5003, 6609, 5067)
(7553, 10012, 7650)
(4987, 6823, 5042)
(5007, 6753, 5094)
(4987, 6927, 5036)
(5028, 6499, 5078)
(4665, 6037, 4722)
(4648, 6134, 4699)
(4987, 6633, 5042)
(5038, 6717, 5085)
(4985, 6687, 5041)
(4651, 6240, 4704)
(4656, 6341, 4707)
(5050, 6995, 5124)
(5100, 6700, 5179)
(5034, 6542, 5081)
(4629, 6084, 4679)
(5043, 6785, 5097)
(4995, 6762, 5053)
(4976, 6588, 5019)
(4714, 6217, 4794)
(5011, 6521, 5066)
(4647, 6241, 4704)
(4980, 6608, 5028)
(5045, 6688, 5109)
(5073, 6959, 5133)
(4998, 6447, 5058)
(4980, 6555, 5027)
(4985, 6630, 5038)
(5076, 6486, 5130)
(4974, 6393, 5021)
(5050, 6736, 5093)
(5033, 6796, 5080)
(5003, 6901, 5068)
(4646, 6087, 4695)
(5035, 6869, 5087)
(5019, 6687, 5064)
(4973, 6195, 5020)
(4649, 6649, 4708)
(5032, 6504, 5089)
(4983, 6826, 5032)
(5028, 7104, 5091)
(4987, 6652, 5059)
(4976, 6796, 5017)
(4652, 6149, 4697)
(5037, 6552, 5093)
(4981, 6659, 5024)
(4998, 7514, 5062)
(5010, 7479, 5076)
(4992, 6749, 5057)
(4646, 6166, 4705)
(4978, 6314, 5020)
(4641, 6071, 4691)
(5018, 6731, 5072)
(5037, 6408, 5090)
(4631, 6012, 4692)
(4662, 6398, 4708)
(4996, 6572, 5058)
(4988, 6709, 5037)
(4656, 6108, 4708)
(4988, 7000, 5048)
(4981, 6765, 5037)
(5004, 6758, 5066)
(5011, 6313, 5052)
(4978, 6742, 5038)
(4976, 6502, 5030)
(4980, 6756, 5023)
(4641, 6497, 4688)
(4650, 6374, 4696)
(4993, 6816, 5062)
(5000, 6900, 5083)
(5039, 6984, 5098)
(4987, 6986, 5034)
(4610, 6445, 4674)
(5042, 6899, 5102)
(5027, 6599, 5080)
(4637, 6108, 4692)
(4998, 6339, 5055)
(4999, 6669, 5067)
(5046, 6701, 5105)
(4982, 6608, 5029)
(4996, 6640, 5050)
(4993, 6835, 5042)
(4979, 6430, 5020)
(4648, 6562, 4699)
(5034, 6653, 5087)
(5018, 6340, 5079)
(4985, 6584, 5026)
(4655, 6299, 4713)
(4642, 6274, 4700)
(4988, 6473, 5048)
(4651, 6247, 4702)
(5061, 6495, 5122)
(5096, 6733, 5187)
(4994, 6424, 5035)
(5032, 6741, 5079)
(4988, 6728, 5066)
(4589, 6238, 4643)
(4980, 6796, 5031)
(4971, 6528, 5014)
(5017, 6619, 5071)
(8504, 10863, 8605)
(4665, 6153, 4749)
(7534, 10093, 7599)
(4637, 5981, 4688)
(4644, 6189, 4701)
(4985, 6568, 5038)
(5015, 6929, 5083)
(4653, 6584, 4708)
(4653, 6422, 4708)
(5039, 7322, 5102)
(5019, 6747, 5078)
(5001, 6814, 5059)
(4981, 6520, 5029)
(5005, 6635, 5065)
(5014, 6515, 5058)
(4658, 6065, 4720)
(4641, 5999, 4686)
(5043, 6757, 5094)
(5025, 6586, 5074)
(5003, 6642, 5071)
(5026, 6711, 5076)
(5011, 6641, 5065)
(4637, 6068, 4684)
(5026, 6772, 5080)
(5016, 6554, 5064)
(4638, 6426, 4683)
(6151, 8324, 6237)
(4993, 6692, 5059)
(5066, 6712, 5131)
(4973, 6697, 5020)
(5079, 6705, 5141)
(5006, 6674, 5057)
(4652, 6275, 4709)
(4984, 6727, 5037)
(6058, 7974, 6128)
(5029, 6706, 5071)
(4639, 6274, 4692)
(4649, 6547, 4704)
(4972, 6947, 5019)
(4651, 6253, 4713)
(5507, 7370, 5566)
(4984, 6493, 5035)
(4980, 6512, 5026)
(6057, 8280, 6115)
(4652, 5962, 4697)
(4657, 6209, 4703)
(5002, 6397, 5064)
(4644, 5952, 4691)
(5026, 6590, 5075)
(5039, 6874, 5089)
(4994, 6739, 5069)
(5512, 7742, 5583)
(4979, 6652, 5023)
(5078, 6900, 5140)
(4996, 7031, 5059)
(5002, 6970, 5057)
(4986, 6696, 5031)
(4628, 6040, 4670)
(4989, 6783, 5041)
(4629, 5938, 4675)
(4992, 7248, 5053)
(4994, 7050, 5036)
(4983, 6889, 5028)
(5017, 7020, 5073)
(5588, 7709, 5656)
(5023, 6850, 5074)
(4646, 6734, 4708)
(4990, 7275, 5040)
(4638, 6504, 4697)
(6700, 8937, 6776)
(5035, 6847, 5101)
(6061, 8550, 6121)
(5024, 7034, 5086)
(4969, 7070, 5010)
(4989, 7051, 5038)
(5002, 9937, 5104)
(4642, 9327, 4827)
(4659, 9527, 4868)
(4642, 8329, 4745)
(5035, 10098, 5162)
(4975, 8397, 5062)
(6131, 9070, 6217)
(4654, 6555, 4716)
(5129, 8416, 5230)
(5036, 7056, 5086)
(6771, 9159, 6854)
(6164, 8679, 6252)
(5028, 6598, 5079)
(5012, 6645, 5056)
(4993, 7044, 5055)
(5010, 6745, 5082)
(5033, 6623, 5083)
(4972, 6642, 5013)
(4986, 6965, 5040)
(4997, 6567, 5057)
(4990, 6805, 5038)
(5052, 8195, 5141)
(7559, 10724, 7642)
(5033, 7382, 5078)
(5609, 7858, 5661)
(4997, 6677, 5048)
(4975, 6619, 5018)
(4993, 7776, 5043)
(5059, 9467, 5226)
(4652, 7389, 4769)
(4644, 6573, 4691)
(5032, 7170, 5085)
(5099, 7030, 5153)
(5541, 7125, 5599)
(4980, 6930, 5028)
(4641, 9016, 4772)
(4983, 6670, 5038)
(4660, 7015, 4728)
(5012, 6933, 5079)
(4972, 6447, 5019)
(4993, 6933, 5049)
(5011, 6592, 5086)
(4986, 6508, 5042)
(5026, 6843, 5083)
(5028, 7188, 5091)
(5022, 6845, 5084)
(4994, 7124, 5047)
(5002, 6472, 5065)
(5027, 7181, 5091)
(4994, 7076, 5056)
(5026, 6886, 5072)
(5030, 7017, 5089)
(4986, 6618, 5044)
(4668, 6489, 4731)
(4644, 6395, 4696)
(5015, 6926, 5096)
(4980, 6969, 5028)
(4644, 6055, 4705)
(5026, 7134, 5074)
(4652, 7693, 4706)
(5002, 7983, 5065)
(5025, 7654, 5083)
(5025, 6569, 5079)
(5028, 6587, 5084)
(5004, 6891, 5063)
(5014, 6627, 5082)
(4636, 7776, 4730)
(5016, 6816, 5065)
(4687, 6519, 4741)
(4989, 6869, 5053)
(4973, 6815, 5016)
(5030, 6977, 5073)
(5013, 6734, 5078)
(5012, 6829, 5061)
(5024, 6568, 5070)
(4998, 7027, 5055)
(5000, 6826, 5065)
(4999, 7652, 5056)
(4980, 6819, 5025)
(4990, 6754, 5046)
(4645, 7118, 4698)
(4998, 7121, 5051)
(4663, 5993, 4728)
(4999, 6931, 5057)
(5021, 6701, 5066)
(4993, 6688, 5075)
(5630, 7199, 5684)
(5023, 6504, 5065)
(4645, 6187, 4696)
(4666, 6247, 4742)
(5003, 6771, 5052)
(4642, 6212, 4693)
(5093, 7052, 5160)
(4969, 6446, 5011)
(4997, 6787, 5054)
(4655, 6521, 4713)
(4985, 6512, 5037)
(4645, 6322, 4695)
(4991, 6471, 5060)
(4625, 6099, 4666)
(4676, 6429, 4735)
(4978, 6636, 5022)
(4999, 6728, 5043)
(5045, 6969, 5104)
(4988, 6722, 5035)
(4642, 5732, 4694)
(4651, 6354, 4719)
(4990, 6443, 5040)
(4643, 5954, 4689)
(4651, 6441, 4704)
(4988, 6599, 5042)
(5040, 7336, 5107)
(5056, 6959, 5104)
(4986, 6883, 5040)
(4991, 6483, 5037)
(4979, 6632, 5040)
(5005, 6663, 5060)
(5020, 6675, 5079)
(5007, 6445, 5066)
(5015, 6715, 5096)
(6038, 8183, 6086)
(4647, 6538, 4702)
(4640, 6099, 4689)
(4976, 6597, 5031)
(4655, 6391, 4709)
(4987, 6607, 5033)
(5062, 6744, 5128)
(4993, 6902, 5055)
(5003, 6749, 5065)
(4632, 6217, 4684)
(5029, 6608, 5085)
(5017, 7044, 5067)
(4987, 7314, 5052)
(4646, 6504, 4696)
(5024, 7200, 5083)
(4662, 6719, 4717)
(5038, 6778, 5093)
(5027, 6597, 5080)
(5044, 7397, 5164)
(4668, 6146, 4723)
(5004, 6465, 5061)
(5550, 7373, 5625)
(4620, 6651, 4663)
(4968, 6899, 5009)
(5029, 8871, 5097)
(4980, 7287, 5025)
(5018, 6853, 5065)
(5011, 7543, 5056)
(4995, 7683, 5051)
(4659, 7209, 4718)
(4672, 7464, 4734)
(4993, 7478, 5050)
(4991, 7086, 5050)
(5018, 6913, 5061)
(5046, 8366, 5109)
(4621, 6202, 4664)
(5007, 6952, 5065)
(5488, 7524, 5539)
(4993, 6580, 5054)
(5019, 7143, 5067)
(4644, 6336, 4710)
(4592, 6633, 4646)
(5023, 6772, 5069)
(4977, 6951, 5024)
(5029, 6641, 5088)
(5015, 6637, 5057)
(4987, 7778, 5035)
(4644, 7294, 4702)
(4561, 6337, 4606)
(4967, 6465, 5008)
(4647, 8076, 4701)
(5002, 6700, 5073)
(5010, 6374, 5063)
(4989, 7094, 5055)
(5086, 7645, 5145)
(4985, 8199, 5042)
(4629, 6273, 4674)
(5051, 7185, 5108)
(4971, 7110, 5013)
(4991, 7510, 5048)
(5032, 6938, 5085)
(4999, 7070, 5068)
(4989, 6625, 5052)
(4993, 8119, 5115)
(4601, 6680, 4691)
(5040, 7078, 5105)
(4655, 6157, 4708)
(4987, 7681, 5063)
(5606, 7820, 5660)
(4644, 6247, 4694)
(5003, 6667, 5069)
(5032, 6655, 5080)
(4636, 6180, 4694)
(5001, 6844, 5060)
(4657, 6260, 4715)
(5017, 6482, 5068)
(4992, 6771, 5034)
(4636, 5972, 4695)
(5041, 6656, 5100)
(5032, 6767, 5083)
(4992, 6838, 5049)
(4987, 6502, 5042)
(5030, 7936, 5085)
(5027, 7193, 5092)
(5043, 7776, 5097)
(4629, 6365, 4676)
(7411, 10318, 7472)
(5047, 7571, 5111)
(4991, 6644, 5042)
(5008, 6688, 5085)
(4990, 6591, 5050)
(4994, 6381, 5043)
(5004, 6535, 5084)
(5036, 6621, 5094)
(5077, 6508, 5136)
(5009, 6643, 5087)
(4995, 6423, 5059)
(4648, 6028, 4707)
(5041, 6631, 5089)
(4986, 6930, 5052)
(4627, 6433, 4670)
(6679, 8739, 6764)
(5035, 7555, 5086)
(4987, 7140, 5062)
(5003, 6800, 5060)
(4645, 6211, 4697)
(5021, 7030, 5072)
(5001, 6785, 5058)
(5062, 6981, 5138)
(4990, 7121, 5051)
(4660, 6904, 4710)
(4986, 6478, 5049)
(4634, 6482, 4684)
(4990, 6906, 5054)
(5055, 8066, 5141)
(5041, 8356, 5177)
(4981, 6745, 5028)
(4998, 7007, 5057)
(5025, 7062, 5084)
(4980, 7241, 5026)
(4640, 7404, 4688)
(5019, 7035, 5069)
(5041, 6849, 5124)
(4984, 8221, 5062)
(4989, 7072, 5048)
(5010, 6921, 5084)
(5126, 6673, 5193)
(4990, 6639, 5054)
(4999, 6530, 5051)
(5016, 7039, 5090)
(5033, 8704, 5117)
(4991, 6951, 5047)
(5040, 7439, 5131)
(5008, 7199, 5071)
(6066, 7990, 6111)
(5029, 7022, 5078)
(5017, 7131, 5077)
(4660, 6840, 4720)
(4638, 7801, 4687)
(4978, 6359, 5025)
(4981, 6437, 5022)
(4665, 6091, 4721)
(4977, 6473, 5032)
(4989, 6765, 5045)
(4643, 6062, 4710)
(5035, 6841, 5083)
(4968, 8134, 5014)
(4628, 7959, 4756)
(4656, 9642, 4730)
(5031, 7910, 5078)
(4658, 6736, 4716)
(5025, 6888, 5072)
(4630, 6326, 4676)
(4655, 7099, 4708)
(6097, 10416, 6233)
(4975, 7305, 5041)
(4650, 6634, 4718)
(5000, 6772, 5063)
(4719, 6467, 4791)
(5018, 6813, 5062)
(5000, 7113, 5054)
(6059, 8339, 6144)
(4641, 6534, 4690)
(4630, 6446, 4675)
(4983, 6521, 5025)
(5043, 7201, 5095)
(5019, 7283, 5069)
(5005, 7505, 5079)
(4656, 8335, 4717)
(4647, 6406, 4702)
(5034, 7248, 5087)
(4984, 7001, 5054)
(4658, 6405, 4716)
(4970, 8414, 5138)
(4991, 8532, 5074)
(5022, 7872, 5134)
(5127, 7241, 5202)
(5017, 7221, 5089)
(4966, 7164, 5063)
(4995, 6441, 5044)
(5009, 6544, 5045)
(5082, 6755, 5155)
(5027, 6989, 5075)
(5042, 6778, 5087)
(5015, 6594, 5064)
(5000, 7663, 5121)
(4990, 7045, 5036)
(4980, 6591, 5022)
(5010, 6777, 5094)
(5006, 6859, 5065)
(5021, 6859, 5071)
(4986, 7257, 5062)
(4971, 6647, 5018)
(5001, 6772, 5058)
(4734, 7358, 4870)
(5054, 8057, 5182)
(4979, 6680, 5022)
(4993, 8983, 5088)
(4980, 6773, 5024)
(4631, 6254, 4677)
(5003, 7018, 5063)
(4987, 7179, 5045)
(5012, 6803, 5080)
(4641, 6060, 4697)
(4991, 7381, 5052)
(4739, 6842, 4809)
(5044, 6888, 5095)
(5018, 6946, 5084)
(4974, 6930, 5028)
(4739, 7441, 4813)
(4982, 6651, 5038)
(5077, 7235, 5151)
(5012, 6934, 5053)
(4972, 7570, 5018)
(4995, 7037, 5058)
(4992, 8169, 5048)
(4988, 6976, 5045)
(5104, 7473, 5174)
(5033, 9413, 5176)
(4994, 7884, 5051)
(4974, 6914, 5023)
(5026, 6943, 5079)
(5014, 6598, 5068)
(5050, 7141, 5094)
(5005, 7563, 5069)
(4998, 9579, 5229)
(4995, 6896, 5064)
(4995, 7051, 5047)
(5023, 7794, 5071)
(5038, 7013, 5083)
(4658, 6422, 4701)
(4999, 6592, 5066)
(4985, 6440, 5042)
(5036, 6755, 5085)
(5010, 6620, 5069)
(5041, 6953, 5098)
(5094, 7014, 5154)
(4998, 7032, 5057)
(5014, 6741, 5062)
(5002, 6659, 5057)
(4984, 6772, 5053)
(4652, 6482, 4711)
(5003, 6647, 5050)
(5018, 6863, 5067)
(4974, 7144, 5023)
(4994, 7588, 5060)
(4997, 9113, 5101)
(4663, 6358, 4721)
(5008, 6910, 5066)
(4649, 6438, 4703)
(4993, 6708, 5061)
(5028, 6813, 5086)
(4651, 7165, 4697)
(4707, 8684, 4898)
(4989, 8124, 5092)
(6067, 8149, 6161)
(4646, 6064, 4699)
(4652, 6540, 4710)
(5032, 9352, 5199)
(5037, 7108, 5103)
(4668, 7016, 4728)
(5022, 7353, 5103)
(4630, 6500, 4675)
(5024, 7045, 5079)
(4995, 6978, 5045)
(4634, 6681, 4680)
(5023, 6953, 5072)
(4990, 6942, 5055)
(4981, 7851, 5097)
(4991, 7048, 5049)
(4655, 6254, 4707)
(4972, 7146, 5014)
(4724, 6204, 4783)
(5019, 6780, 5091)
(5065, 6758, 5120)
(5634, 7585, 5697)
(4998, 6617, 5065)
(4981, 6573, 5031)
(4990, 6653, 5059)
(4664, 6669, 4741)
(5055, 6861, 5111)
(4987, 6646, 5041)
(4986, 6729, 5034)
(4657, 6452, 4710)
(5022, 6614, 5068)
(5017, 6707, 5062)
(4587, 6119, 4647)
(5029, 6806, 5075)
(4649, 6687, 4706)
(4642, 6025, 4691)
(4995, 7730, 5124)
(4979, 7802, 5093)
(5025, 6882, 5077)
(4983, 6779, 5027)
(4984, 6659, 5033)
(5008, 6826, 5061)
(4993, 7744, 5069)
(5029, 6984, 5085)
(4652, 6677, 4698)
(4991, 6721, 5060)
(4993, 6762, 5040)
(4638, 6205, 4685)
(4999, 6791, 5058)
(5029, 6887, 5079)
(4987, 6659, 5052)
(5034, 6881, 5097)
(4982, 6534, 5023)
(4971, 6469, 5018)
(4995, 6867, 5055)
(4985, 6702, 5060)
(5025, 6767, 5078)
(4973, 6358, 5021)
(4984, 6402, 5033)
(4988, 6530, 5045)
(5019, 6750, 5079)
(5031, 6738, 5087)
(4644, 6369, 4689)
(5023, 6754, 5077)
(5042, 6705, 5102)
(4997, 6939, 5055)
(4999, 6732, 5063)
(4992, 6652, 5051)
(5037, 6989, 5095)
(5006, 6922, 5065)
(4979, 6858, 5061)
(4999, 7073, 5074)
(4993, 6795, 5052)
(4994, 6680, 5057)
(4648, 6430, 4701)
(4976, 6511, 5024)
(4636, 6151, 4687)
(4632, 5909, 4683)
(5029, 6801, 5074)
(4653, 6312, 4711)
(5011, 6766, 5054)
(5012, 6669, 5086)
(5023, 6543, 5080)
(5030, 6605, 5092)
(4636, 6097, 4688)
(4995, 6508, 5052)
(4982, 6463, 5030)
(4635, 6096, 4693)
(5035, 7093, 5108)
(4990, 6886, 5044)
(4654, 6185, 4702)
(4649, 6162, 4701)
(5029, 6839, 5079)
(4999, 6628, 5054)
(5029, 6933, 5078)
(4993, 6803, 5068)
(4645, 6252, 4702)
(5042, 6754, 5101)
(4708, 6657, 4764)
(6149, 8590, 6248)
(5588, 7250, 5640)
(4711, 6094, 4782)
(4632, 6112, 4682)
(4985, 6594, 5042)
(4991, 6653, 5051)
(5009, 6890, 5057)
(5615, 7646, 5674)
(5000, 6805, 5065)
(7588, 10101, 7664)
(5023, 6785, 5070)
(5034, 7031, 5093)
(4997, 6792, 5057)
(5013, 6728, 5074)
(5010, 6750, 5086)
(4976, 6916, 5029)
(4973, 6761, 5015)
(5019, 6763, 5077)
(5094, 6474, 5171)
(4983, 6650, 5040)
(5026, 6581, 5078)
(4986, 6572, 5035)
(5034, 6536, 5089)
(4636, 6021, 4689)
(4990, 6678, 5057)
(5073, 6682, 5144)
(4973, 6580, 5032)
(4989, 6668, 5059)
(5023, 6808, 5083)
(4975, 6632, 5021)
(4649, 6028, 4705)
(5031, 6483, 5095)
(4981, 6435, 5026)
(4626, 5989, 4669)
(4985, 6918, 5039)
(4974, 6683, 5046)
(5029, 6887, 5076)
(5010, 6948, 5068)
(4658, 6388, 4704)
(5109, 6679, 5180)
(4648, 6133, 4698)
(4976, 6610, 5022)
(4992, 6733, 5061)
(4996, 6560, 5058)
(4660, 6621, 4723)
(4969, 6764, 5011)
(4975, 6721, 5023)
(4987, 6591, 5038)
(5041, 6673, 5110)
(5030, 6784, 5085)
(5004, 6897, 5075)
(4990, 6781, 5074)
(4645, 6231, 4705)
(4979, 6916, 5024)
(5027, 6674, 5083)
(5042, 6821, 5098)
(5034, 6735, 5096)
(4734, 6898, 4809)
(5006, 6793, 5077)
(4650, 6492, 4708)
(4998, 6787, 5055)
(4994, 6885, 5052)
(4633, 6258, 4685)
(5580, 7707, 5637)
(4977, 6522, 5031)
(4985, 6616, 5041)
(5007, 6688, 5053)
(5019, 6795, 5100)
(5057, 6471, 5115)
(5041, 6687, 5102)
(5012, 6551, 5074)
(4994, 6407, 5048)
(5027, 6728, 5094)
(4645, 6116, 4701)
(5008, 6631, 5077)
(5036, 6968, 5099)
(5525, 6955, 5585)
(4981, 6550, 5036)
(4993, 7318, 5066)
(5003, 6643, 5049)
(5071, 6656, 5141)
(4645, 6334, 4697)
(4647, 6402, 4704)
(5039, 6638, 5108)
(5092, 7160, 5151)
(4991, 6789, 5056)
(5024, 6831, 5074)
(4987, 6901, 5042)
(4996, 6860, 5058)
(4723, 6078, 4777)
(5038, 6922, 5100)
(5003, 6889, 5061)
(5035, 6879, 5092)
(4992, 6803, 5050)
(5002, 6580, 5067)
(4720, 6253, 4779)
(5004, 6696, 5066)
(4667, 6228, 4722)
(5075, 6967, 5159)
(4978, 6598, 5018)
(5072, 6984, 5144)
(4631, 6518, 4676)
(4662, 6288, 4710)
(5013, 6744, 5055)
(4988, 6477, 5047)
(4640, 6001, 4687)
(4599, 6547, 4658)
(5160, 7180, 5255)
(5575, 7708, 5630)
(4989, 6734, 5053)
(4652, 7204, 4725)
(4738, 6671, 4806)
(4645, 6306, 4697)
(4992, 8564, 5101)
(4998, 7193, 5077)
(4979, 7247, 5046)
(4640, 6307, 4686)
(4650, 6770, 4714)
(4972, 8166, 5084)
(5027, 7229, 5078)
(5036, 6974, 5092)
(4651, 6643, 4709)
(5018, 8198, 5141)
(4981, 6670, 5036)
(4971, 6337, 5012)
(4713, 6221, 4788)
(4640, 6390, 4687)
(4638, 6628, 4697)
(4630, 6381, 4680)
(5001, 7368, 5083)
(5000, 7850, 5056)
(5594, 7852, 5645)
(4984, 7674, 5035)
(5007, 9225, 5165)
(4986, 8301, 5045)
(5008, 7057, 5081)
(5027, 6652, 5078)
(5045, 7185, 5136)
(5039, 6589, 5080)
(5040, 7014, 5132)
(4996, 6884, 5087)
(6043, 8462, 6095)
(6087, 8613, 6156)
(4647, 5838, 4705)
(4647, 6182, 4703)
(4637, 6377, 4689)
(4986, 6699, 5044)
(4655, 6332, 4707)
(5044, 6947, 5087)
(5012, 6804, 5057)
(4636, 6478, 4684)
(4603, 6528, 4657)
(4971, 6927, 5017)
(5021, 7353, 5079)
(4988, 7015, 5066)
(4986, 6486, 5028)
(5025, 6652, 5071)
(4999, 6770, 5054)
(4645, 6323, 4692)
(5020, 6337, 5090)
(5003, 6649, 5067)
(4998, 6974, 5050)
(5025, 6657, 5072)
(4993, 6683, 5054)
(4992, 6909, 5037)
(4649, 6435, 4703)
(5598, 7439, 5661)
(5026, 7191, 5078)
(5035, 7377, 5120)
(4980, 7146, 5022)
(5013, 6501, 5068)
(5056, 6680, 5107)
(4976, 6517, 5017)
(5537, 7386, 5591)
(4993, 6735, 5041)
(5005, 7084, 5079)
(4991, 6663, 5049)
(4997, 6985, 5059)
(4989, 6582, 5034)
(4739, 6227, 4805)
(5013, 6821, 5057)
(4986, 6834, 5037)
(4635, 6875, 4747)
(5031, 8301, 5159)
(4653, 7319, 4708)
(5008, 8196, 5174)
(4724, 6241, 4801)
(5018, 6599, 5064)
(5016, 6372, 5066)
(4635, 6064, 4686)
(4966, 6831, 5005)
(5054, 6703, 5116)
(4985, 6679, 5032)
(5001, 7246, 5083)
(4648, 6361, 4706)
(6040, 7989, 6089)
(5037, 6713, 5088)
(4648, 6079, 4700)
(4988, 7107, 5041)
(4659, 6445, 4718)
(4983, 6841, 5034)
(5010, 6797, 5047)
(4987, 6722, 5043)
(4651, 6191, 4710)
(4644, 6478, 4694)
(5002, 7026, 5067)
(4975, 6732, 5018)
(5020, 6797, 5066)
(5013, 7374, 5078)
(4658, 8151, 4730)
(5023, 6950, 5066)
(5005, 6763, 5069)
(4990, 7447, 5051)
(6685, 8706, 6754)
(4743, 6228, 4808)
(5007, 6753, 5072)
(5031, 6776, 5085)
(5025, 6511, 5068)
(5011, 6902, 5069)
(4985, 7014, 5026)
(4972, 6970, 5027)
(4980, 6630, 5026)
(4994, 6736, 5063)
(5018, 6673, 5070)
(5026, 6719, 5077)
(5019, 6896, 5074)
(5027, 7421, 5070)
(5032, 7021, 5087)
(4648, 6290, 4697)
(4651, 6162, 4702)
(5069, 7163, 5132)
(4653, 6002, 4707)
(5027, 6575, 5077)
(4653, 6231, 4706)
(4985, 6991, 5042)
(4982, 6665, 5023)
(4974, 6482, 5016)
(4967, 6524, 5007)
(5026, 6540, 5085)
(4982, 6949, 5039)
(6071, 8733, 6175)
(4998, 7040, 5055)
(4997, 6677, 5048)
(5022, 6816, 5084)
(4653, 6307, 4701)
(4632, 6543, 4677)
(4998, 7145, 5042)
(5009, 9483, 5111)
(4998, 6515, 5058)
(5090, 6652, 5170)
(4972, 6778, 5015)
(4998, 7049, 5084)
(4642, 6481, 4701)
(5008, 6703, 5073)
(4980, 6593, 5039)
(5004, 6575, 5059)
(4993, 6581, 5050)
(4983, 6274, 5027)
(5064, 6882, 5156)
(5000, 6553, 5056)
(5024, 6624, 5075)
(4641, 6210, 4694)
(4971, 6862, 5013)
(4979, 6736, 5026)
(4625, 6203, 4669)
(5017, 7091, 5072)
(4981, 6710, 5041)
(4986, 6734, 5041)
(4987, 6864, 5028)
(4967, 6291, 5009)
(4994, 7699, 5096)
(5045, 7023, 5099)
(5003, 6504, 5047)
(5040, 7083, 5109)
(5005, 6653, 5077)
(5033, 6598, 5081)
(4657, 6363, 4707)
(4655, 6264, 4709)
(4660, 6183, 4724)
(4655, 6267, 4702)
(5034, 6696, 5080)
(5002, 6772, 5061)
(5027, 6620, 5083)
(4742, 6550, 4816)
(4997, 6476, 5056)
(4985, 6677, 5035)
(5027, 6498, 5079)
(4639, 6329, 4690)
(5010, 6773, 5077)
(4991, 6514, 5044)
(7571, 11639, 7637)
(5041, 7250, 5097)
(5013, 6483, 5064)
(5001, 6997, 5054)
(5008, 6936, 5071)
(5021, 8339, 5113)
(5023, 8264, 5090)
(6063, 8470, 6146)
(4993, 6418, 5066)
(6050, 8082, 6101)
(4988, 6559, 5033)
(4642, 6310, 4692)
(4999, 6848, 5059)
(6098, 8043, 6175)
(5083, 6683, 5142)
(4720, 6426, 4785)
(4986, 6760, 5048)
(4980, 6669, 5027)
(5030, 6337, 5076)
(5004, 6995, 5084)
(4620, 6146, 4664)
(5043, 6472, 5096)
(4997, 6944, 5061)
(5096, 7066, 5164)
(6663, 8522, 6742)
(4642, 6095, 4694)
(4650, 6157, 4699)
(5032, 6864, 5087)
(4642, 5930, 4695)
(5033, 6665, 5096)
(6677, 8497, 6753)
(5032, 6494, 5091)
(4643, 6189, 4688)
(4990, 6654, 5038)
(4991, 6772, 5039)
(5205, 6652, 5265)
(5024, 6670, 5073)
(5030, 6517, 5102)
(4658, 6332, 4733)
(6039, 7889, 6083)
(4982, 6702, 5037)
(4979, 6484, 5037)
(5000, 6487, 5063)
(4648, 5981, 4702)
(4651, 6204, 4704)
(4989, 6443, 5037)
(4980, 6695, 5042)
(4654, 5995, 4712)
(4988, 6777, 5047)
(4603, 6284, 4665)
(4982, 6706, 5027)
(5041, 6790, 5110)
(5100, 7071, 5158)
(4652, 6339, 4708)
(5099, 6841, 5174)
