(28015, 55570, 28630)
(28893, 34534, 29073)
(27944, 34010, 28353)
(28911, 34515, 29100)
(28880, 34430, 29066)
(26433, 33407, 26628)
(26323, 39609, 26497)
(27933, 34968, 28330)
(28888, 34466, 29073)
(27994, 34473, 28512)
(28881, 33979, 29059)
(28889, 34348, 29064)
(27997, 33921, 28554)
(26337, 33143, 26506)
(28893, 35051, 29074)
(26323, 33042, 26478)
(26320, 32935, 26475)
(27952, 35137, 28313)
(28890, 34886, 29082)
(28042, 35105, 28597)
(28014, 34599, 28574)
(27990, 34247, 28549)
(27974, 34981, 28460)
(28008, 34562, 28550)
(28014, 34466, 28630)
(27895, 34367, 28255)
(28888, 34811, 29068)
(28895, 34953, 29084)
(27954, 35139, 28362)
(28892, 35171, 29080)
(28939, 35504, 29226)
(26318, 32682, 26476)
(28013, 34492, 28566)
(26319, 32740, 26480)
(28009, 34076, 28571)
(28028, 36342, 28589)
(27980, 35232, 28491)
(28015, 35926, 28542)
(27983, 36993, 28532)
(27977, 33935, 28483)
(27965, 34307, 28501)
(26324, 32717, 26488)
(28896, 35241, 29090)
(26327, 32762, 26494)
(27950, 34545, 28386)
(26325, 32874, 26479)
(28000, 34031, 28566)
(27958, 34419, 28529)
(28011, 34019, 28590)
(26295, 32391, 26478)
(28885, 34008, 29061)
(28890, 34431, 29097)
(28880, 33855, 29072)
(27982, 34302, 28475)
(26317, 34512, 26483)
(26321, 32529, 26474)
(28023, 34053, 28636)
(26318, 32651, 26481)
(28903, 34836, 29092)
(28059, 35388, 28638)
(27958, 35456, 28431)
(27988, 35830, 28412)
(28005, 35262, 28520)
(28902, 35434, 29081)
(28018, 34972, 28580)
(27932, 34706, 28369)
(27943, 34503, 28345)
(27976, 35215, 28415)
(27991, 34490, 28490)
(30021, 37840, 30287)
(27975, 34486, 28435)
(28892, 35738, 29067)
(27980, 35031, 28522)
(28028, 35482, 28699)
(28071, 34296, 28761)
(28009, 33929, 28625)
(28017, 34532, 28594)
(28095, 34706, 28743)
(28160, 35231, 28874)
(28875, 34426, 29079)
(28155, 35625, 28896)
(28880, 34492, 29093)
(27974, 34295, 28481)
(26332, 33263, 26504)
(28900, 34574, 29104)
(26321, 33145, 26485)
(27972, 35433, 28427)
(28894, 34691, 29087)
(28897, 35454, 29088)
(28013, 35469, 28515)
(27992, 35672, 28464)
(27990, 34609, 28479)
(26316, 33215, 26467)
(27979, 34547, 28504)
(26319, 33822, 26531)
(28049, 34941, 28672)
(28885, 33989, 29064)
(26324, 31269, 26471)
(26300, 31838, 26462)
(26304, 32516, 26465)
(27983, 55033, 28454)
(27981, 55067, 28535)
(27994, 55084, 28553)
(27986, 55753, 28480)
(27978, 34327, 28437)
(28884, 34316, 29058)
(27967, 34463, 28463)
(28883, 34705, 29058)
(27984, 34832, 28483)
(28880, 34472, 29073)
(28878, 34120, 29059)
(28034, 34859, 28618)
(28785, 35354, 28962)
(26315, 32677, 26481)
(28879, 33793, 29067)
(26330, 32372, 26497)
(27886, 34171, 28234)
(28051, 35131, 28680)
(26324, 32499, 26476)
(27975, 34603, 28421)
(28082, 34982, 28736)
(28018, 34913, 28605)
(26323, 30978, 26481)
(27994, 34810, 28490)
(28005, 35010, 28526)
(28775, 35134, 28969)
(28009, 34388, 28556)
(28029, 34724, 28615)
(28049, 34650, 28585)
(28887, 34144, 29066)
(26324, 32439, 26498)
(28009, 55255, 28497)
(27958, 34763, 28397)
(27928, 34248, 28365)
(28056, 34470, 28706)
(28024, 34285, 28544)
(26320, 32357, 26479)
(28888, 34054, 29082)
(27971, 45900, 28530)
(28026, 35485, 28616)
(27912, 34807, 28251)
(26322, 32539, 26507)
(27990, 34226, 28581)
(26325, 32791, 26478)
(29001, 34695, 29192)
(28068, 34359, 28688)
(28024, 34706, 28584)
(26338, 32892, 26490)
(28041, 35194, 28583)
(28023, 35498, 28649)
(28907, 35044, 29135)
(27968, 35752, 28338)
(28888, 34711, 29069)
(29028, 35404, 29259)
(27970, 54727, 28465)
(27910, 35439, 28228)
(27974, 35404, 28450)
(27982, 34791, 28513)
(28775, 35621, 28952)
(28053, 35260, 28651)
(26320, 33281, 26474)
(28027, 35076, 28648)
(28032, 35718, 28625)
(31714, 39860, 31890)
(28886, 34639, 29080)
(26324, 33238, 26471)
(28026, 35262, 28541)
(28886, 34282, 29067)
(28014, 34907, 28610)
(27936, 35627, 28279)
(26321, 32866, 26483)
(27985, 35056, 28470)
(28047, 34190, 28683)
(26316, 53089, 26484)
(28904, 56455, 29082)
(26325, 53844, 26511)
(27939, 55474, 28339)
(28003, 55998, 28574)
(26333, 53368, 26502)
(27984, 56214, 28447)
(28030, 55230, 28594)
(26353, 53092, 26517)
(28886, 57670, 29096)
(26338, 52503, 26504)
(28908, 56656, 29115)
(27996, 55321, 28451)
(28006, 55690, 28663)
(27985, 55844, 28619)
(28909, 56791, 29100)
(28006, 54747, 28478)
(26302, 53445, 26454)
(27989, 55765, 28468)
(26332, 53160, 26500)
(26307, 52894, 26463)
(27918, 55297, 28346)
(27958, 56274, 28466)
(26314, 52415, 26493)
(27935, 55291, 28327)
(27951, 54879, 28360)
(27909, 54673, 28184)
(27974, 54947, 28449)
(26315, 53307, 26464)
(26286, 53225, 26436)
(27988, 56135, 28500)
(27975, 56857, 28406)
(27982, 56414, 28499)
(26314, 52878, 26468)
(31706, 60212, 31876)
(26318, 52946, 26487)
(27985, 56051, 28479)
(28882, 56663, 29075)
(27963, 55074, 28482)
(28878, 56200, 29054)
(27980, 54874, 28458)
(26318, 52026, 26479)
(28003, 54832, 28606)
(26340, 53271, 26504)
(27964, 54933, 28405)
(28778, 57438, 28951)
(28878, 56112, 29061)
(28887, 56722, 29077)
(27979, 54919, 28488)
(27985, 55557, 28502)
(27923, 55242, 28342)
(28901, 57310, 29081)
(28900, 57456, 29099)
(28876, 57559, 29054)
(26333, 52864, 26502)
(26323, 52269, 26470)
(26313, 52333, 26478)
(26310, 52674, 26472)
(28899, 56970, 29088)
(30046, 57000, 30274)
(28887, 56551, 29083)
(27951, 55777, 28376)
(26330, 32651, 26500)
(26355, 52661, 26519)
(27928, 34035, 28296)
(27905, 35097, 28245)
(28885, 34325, 29075)
(26329, 52482, 26521)
(26318, 52607, 26477)
(28877, 57176, 29067)
(27976, 55411, 28497)
(27997, 56507, 28546)
(28005, 55911, 28630)
(27978, 55523, 28499)
(28879, 55187, 29058)
(28003, 54615, 28561)
(27967, 55375, 28434)
(28762, 55818, 28945)
(27979, 55813, 28478)
(28765, 56780, 28955)
(27990, 54997, 28502)
(27964, 54158, 28358)
(28042, 34773, 28663)
(26306, 32309, 26456)
(28461, 34607, 28620)
(28108, 34613, 28801)
(28903, 34625, 29089)
(28035, 34740, 28584)
(27955, 34931, 28414)
(27914, 34433, 28255)
(27994, 34082, 28552)
(27997, 34328, 28526)
(27925, 34142, 28315)
(27910, 34370, 28257)
(27905, 34239, 28246)
(27999, 33759, 28570)
(27915, 34754, 28263)
(27953, 34870, 28373)
(28895, 34653, 29084)
(26317, 32116, 26469)
(28053, 34358, 28643)
(28098, 34792, 28796)
(27962, 34465, 28439)
(28889, 34501, 29082)
(26329, 31129, 26493)
(28018, 34161, 28559)
(27886, 34804, 28246)
(28038, 34532, 28600)
(28890, 34701, 29079)
(28073, 34668, 28732)
(26312, 32821, 26494)
(28044, 34755, 28694)
(26315, 32181, 26493)
(28089, 35440, 28799)
(27942, 34585, 28374)
(28040, 34481, 28652)
(28016, 34827, 28575)
(27953, 34758, 28404)
(27965, 34921, 28427)
(27993, 34441, 28526)
(27977, 34846, 28533)
(28902, 35334, 29092)
(28043, 34946, 28631)
(28070, 47740, 28646)
(27975, 54965, 28480)
(28909, 57471, 29098)
(28006, 55290, 28656)
(28004, 55597, 28632)
(27987, 55138, 28514)
(27995, 54980, 28522)
(27979, 56014, 28551)
(28004, 55933, 28578)
(28862, 57649, 29044)
(27978, 55394, 28464)
(26314, 53082, 26466)
(27953, 54939, 28398)
(27982, 54817, 28519)
(26333, 53387, 26498)
(27955, 55251, 28379)
(27971, 55049, 28414)
(27992, 55289, 28504)
(28897, 57131, 29078)
(27951, 54954, 28359)
(27969, 54872, 28429)
(27907, 55630, 28224)
(26333, 53486, 26485)
(27944, 55902, 28338)
(27955, 55104, 28363)
(27981, 54705, 28484)
(28893, 56905, 29079)
(27973, 55186, 28435)
(26316, 52132, 26484)
(27875, 55634, 28210)
(26330, 53459, 26495)
(27940, 55043, 28363)
(28893, 56974, 29113)
(27927, 54988, 28313)
(28896, 56575, 29072)
(26311, 52986, 26476)
(26342, 33080, 26498)
(28903, 57450, 29077)
(26324, 32497, 26489)
(26323, 52597, 26494)
(26332, 32760, 26484)
(28916, 34717, 29103)
(31100, 38857, 31291)
(26323, 33048, 26486)
(26321, 33069, 26485)
(28030, 34992, 28626)
(27944, 35012, 28276)
(27995, 34659, 28523)
(27998, 34615, 28535)
(26314, 32623, 26497)
(28903, 35147, 29097)
(28884, 33877, 29057)
(27932, 35032, 28305)
(26322, 33047, 26469)
(27992, 34586, 28475)
(26302, 32394, 26469)
(28770, 35858, 28959)
(27991, 34936, 28471)
(27936, 33872, 28372)
(28066, 34131, 28726)
(28107, 34416, 28764)
(27983, 33612, 28503)
(27995, 33935, 28530)
(26327, 32579, 26474)
(26322, 31476, 26498)
(28074, 34786, 28713)
(28016, 33786, 28642)
(28066, 35402, 28718)
(27973, 38431, 28462)
(27999, 34124, 28546)
(28068, 35012, 28538)
(27909, 35040, 28301)
(28869, 33759, 29047)
(27940, 34699, 28375)
(28911, 34994, 29092)
(33463, 40284, 34161)
(27952, 33962, 28443)
(27986, 34644, 28531)
(27921, 34348, 28318)
(26314, 31815, 26462)
(28010, 34293, 28587)
(28142, 34789, 28826)
(28059, 34666, 28757)
(26564, 32325, 26775)
(28880, 35028, 29073)
(28895, 33989, 29078)
(28773, 35272, 28978)
(28873, 33434, 29051)
(28879, 34126, 29070)
(28195, 34741, 28888)
(28003, 33790, 28535)
(28903, 34132, 29083)
(28889, 33496, 29063)
(28021, 34303, 28596)
(27903, 54644, 28273)
(26284, 52941, 26446)
(27938, 55192, 28410)
(28043, 34668, 28662)
(28896, 34686, 29082)
(26318, 32400, 26481)
(26314, 32466, 26465)
(28023, 34677, 28583)
(28060, 34368, 28674)
(27989, 34971, 28485)
(28069, 34785, 28719)
(26324, 32398, 26473)
(28777, 35211, 28964)
(28899, 33809, 29096)
(28896, 35329, 29089)
(26318, 32567, 26499)
(28020, 34078, 28650)
(26332, 32618, 26486)
(28889, 35473, 29068)
(26324, 32597, 26486)
(28035, 34666, 28626)
(28015, 33913, 28622)
(26323, 32444, 26508)
(28905, 34491, 29080)
(28009, 33907, 28572)
(26317, 32824, 26490)
(28053, 35458, 28667)
(26331, 33393, 26500)
(28903, 35486, 29096)
(28769, 36093, 28953)
(26330, 32914, 26490)
(28024, 33814, 28206)
(28899, 57146, 29076)
(27923, 55654, 28271)
(28033, 55222, 28667)
(27953, 55618, 28415)
(27879, 53785, 28177)
(27904, 55602, 28307)
(27976, 55778, 28475)
(28891, 57148, 29084)
(27980, 55441, 28459)
(28013, 55344, 28473)
(28862, 57414, 29080)
(28001, 55426, 28651)
(27957, 55185, 28465)
(27994, 55475, 28615)
(27986, 55717, 28481)
(26319, 54101, 26501)
(26323, 53227, 26485)
(27981, 55484, 28466)
(28843, 34045, 29046)
(27998, 41252, 28536)
(26329, 68796, 26516)
(27935, 55802, 28345)
(28999, 57587, 29215)
(26331, 53457, 26485)
(27962, 37610, 28410)
(26312, 32507, 26463)
(26321, 32328, 26474)
(27988, 34185, 28527)
(26315, 32814, 26463)
(28020, 34645, 28629)
(27988, 35446, 28446)
(28898, 35787, 29096)
(28025, 34885, 28635)
(28019, 34413, 28610)
(28487, 34336, 28648)
(28977, 35507, 29207)
(28110, 41985, 28765)
(26325, 52803, 26475)
(28890, 57747, 29071)
(28911, 56700, 29084)
(26332, 54110, 26490)
(26329, 53230, 26497)
(27983, 54892, 28504)
(27984, 54418, 28468)
(26327, 53458, 26512)
(27915, 55122, 28306)
(27983, 55212, 28470)
(27976, 34570, 28437)
(28034, 34879, 28610)
(28900, 34762, 29080)
(26321, 32359, 26473)
(28782, 34506, 28972)
(28062, 34152, 28729)
(27988, 35092, 28470)
(26340, 32944, 26500)
(28088, 34447, 28278)
(27963, 34978, 28399)
(28888, 34788, 29065)
(27991, 34247, 28563)
(28028, 34209, 28673)
(28000, 34926, 28575)
(27974, 35359, 28400)
(26329, 32604, 26493)
(26343, 33151, 26509)
(26336, 31766, 26503)
(28881, 34307, 29075)
(28775, 35635, 28962)
(27955, 35630, 28417)
(28020, 34731, 28541)
(26321, 33044, 26473)
(28885, 34145, 29064)
(28020, 34164, 28641)
(28027, 34402, 28682)
(27969, 34375, 28490)
(27976, 35248, 28451)
(26327, 33210, 26518)
(27906, 34821, 28216)
(28891, 34688, 29086)
(28058, 34764, 28694)
(28885, 34354, 29079)
(26311, 32572, 26475)
(28023, 34813, 28637)
(26322, 32969, 26486)
(27974, 35360, 28479)
(26328, 32781, 26537)
(28779, 35257, 28969)
(28771, 35389, 28957)
(26325, 32477, 26503)
(26312, 32945, 26476)
(28772, 35182, 28946)
(28890, 35418, 29083)
(27903, 34520, 28203)
(28019, 34301, 28626)
(28108, 34524, 28751)
(28048, 35321, 28745)
(27905, 34245, 28259)
(27949, 34463, 28391)
(28890, 34928, 29065)
(26326, 32571, 26481)
(27982, 43112, 28555)
(27984, 43207, 28556)
(28888, 34770, 29068)
(28039, 35664, 28624)
(27911, 37054, 28348)
(26339, 32766, 26504)
(28892, 33894, 29081)
(28055, 34380, 28652)
(26319, 32591, 26471)
(26325, 32794, 26491)
(28887, 34541, 29076)
(27966, 34725, 28463)
(26323, 32453, 26510)
(28888, 34550, 29064)
(26331, 33048, 26496)
(27993, 34982, 28542)
(28031, 34344, 28569)
(26325, 33052, 26496)
(28024, 34605, 28574)
(26316, 32325, 26468)
(28888, 33951, 29105)
(28070, 34681, 28699)
(28054, 33925, 28722)
(26330, 32562, 26486)
(28076, 35266, 28709)
(28890, 34339, 29071)
(28872, 33762, 29049)
(26333, 40149, 26501)
(28883, 38684, 29068)
(28013, 35102, 28558)
(28889, 35032, 29064)
(26317, 53696, 26504)
(26321, 53536, 26484)
(28018, 34546, 28569)
(28902, 56927, 29098)
(27988, 55541, 28502)
(27876, 55386, 28195)
(26296, 54433, 26483)
(28877, 57090, 29054)
(26295, 52990, 26456)
(28466, 55630, 28636)
(27926, 54991, 28284)
(31719, 60686, 31891)
(27986, 55779, 28569)
(26336, 53745, 26502)
(27942, 55582, 28356)
(26320, 53308, 26484)
(27957, 54888, 28347)
(28901, 56347, 29079)
(28869, 56899, 29069)
(27964, 55604, 28438)
(27955, 56235, 28376)
(26323, 53344, 26486)
(28002, 55233, 28640)
(27967, 55120, 28341)
(28003, 55896, 28608)
(26329, 53473, 26481)
(27977, 55933, 28408)
(26290, 52795, 26453)
(28900, 56977, 29078)
(28904, 56444, 29082)
(28876, 57223, 29069)
(28894, 57402, 29076)
(27990, 55907, 28538)
(28029, 33960, 28619)
(28897, 35211, 29093)
(27996, 35219, 28527)
(26328, 33203, 26490)
(28059, 35150, 28626)
(28774, 35907, 28964)
(28027, 34616, 28614)
(28899, 35454, 29094)
(28888, 34994, 29072)
(28903, 37094, 29155)
(27923, 34687, 28292)
(27980, 33849, 28475)
(28023, 33897, 28614)
(26334, 32488, 26483)
(26313, 32539, 26475)
(28002, 34352, 28558)
(28875, 33977, 29053)
(26333, 32608, 26501)
(28051, 34125, 28648)
(28050, 33531, 28662)
(27938, 35025, 28394)
(26324, 32423, 26500)
(28887, 34072, 29070)
(28034, 34535, 28621)
(28897, 34078, 29092)
(27946, 33936, 28379)
(26309, 32445, 26481)
(28022, 34113, 28660)
(27991, 34440, 28511)
(26320, 33103, 26481)
(28798, 35167, 28994)
(27982, 34496, 28466)
(27921, 34802, 28261)
(27997, 34068, 28542)
(28045, 34591, 28705)
(27974, 34191, 28427)
(28790, 35302, 28976)
(28048, 34771, 28706)
(26323, 32668, 26476)
(26329, 33095, 26512)
(28011, 35145, 28574)
(28900, 35862, 29076)
(28012, 35117, 28564)
(28007, 35462, 28585)
(28028, 36212, 28613)
(28889, 35599, 29064)
(27993, 55561, 28565)
(28882, 57118, 29081)
(28878, 57189, 29054)
(28869, 57186, 29060)
(28950, 57418, 29135)
(28775, 57221, 28960)
(27942, 53762, 28316)
(27977, 55238, 28499)
(28877, 56865, 29078)
(26299, 52648, 26460)
(28015, 56596, 28576)
(27902, 55185, 28232)
(26308, 54253, 26473)
(28874, 56632, 29052)
(26324, 53543, 26473)
(28886, 56578, 29083)
(28878, 57194, 29098)
(28873, 57115, 29071)
(27910, 55661, 28265)
(28005, 55688, 28618)
(28880, 57052, 29086)
(27885, 55363, 28129)
(28908, 57459, 29100)
(28892, 57262, 29087)
(26342, 52231, 26497)
(28760, 56126, 28931)
(27978, 54970, 28392)
(26325, 52147, 26492)
(28892, 56876, 29087)
(28892, 56503, 29082)
(27986, 53424, 28461)
(27925, 54686, 28224)
(27985, 55650, 28434)
(27983, 54884, 28425)
(26313, 52483, 26463)
(27999, 54982, 28512)
(26294, 52891, 26443)
(26333, 52552, 26504)
(28908, 56945, 29106)
(27990, 55220, 28401)
(27978, 55876, 28527)
(28001, 55584, 28447)
(28891, 57093, 29086)
(26303, 51416, 26453)
(27971, 54397, 28513)
(27964, 55590, 28370)
(27939, 55425, 28328)
(27965, 55176, 28411)
(27975, 55356, 28390)
(27948, 55566, 28374)
(28888, 34480, 29068)
(28001, 35146, 28553)
(26325, 33262, 26492)
(26321, 32805, 26469)
(27941, 35663, 28302)
(26324, 32578, 26489)
(26322, 39728, 26483)
(28881, 43781, 29103)
(28880, 34599, 29096)
(26298, 53864, 26463)
(26319, 51537, 26484)
(27993, 55293, 28509)
(26310, 66007, 26501)
(28004, 55593, 28554)
(27991, 55319, 28407)
(27945, 55074, 28300)
(27950, 55166, 28391)
(25963, 51172, 26136)
(27990, 54874, 28499)
(28771, 57165, 28965)
(28858, 57616, 29048)
(27897, 54099, 28065)
(28882, 56786, 29067)
(28891, 57199, 29072)
(28909, 56721, 29103)
(26317, 52691, 26467)
(28773, 56695, 28952)
(28878, 57293, 29059)
(26332, 53974, 26489)
(26329, 51870, 26483)
(28885, 57528, 29076)
(26357, 55544, 26537)
(28776, 57763, 28963)
(31106, 60053, 31314)
(27977, 54548, 28444)
(27980, 56047, 28399)
(27959, 55111, 28422)
(26337, 52650, 26525)
(28913, 57436, 29146)
(28900, 57723, 29097)
(27968, 56021, 28514)
(27974, 55221, 28467)
(28872, 56446, 29067)
(26334, 52916, 26486)
(27964, 55429, 28371)
(27926, 55614, 28300)
(26328, 53538, 26483)
(28877, 57339, 29070)
(27979, 54723, 28439)
(28005, 55789, 28574)
(27971, 34871, 28426)
(26325, 43451, 26499)
(27993, 47244, 28609)
(28886, 34067, 29073)
(28054, 35317, 28670)
(27990, 55503, 28483)
(28904, 56822, 29084)
(28899, 57659, 29080)
(26334, 52503, 26494)
(27975, 55879, 28437)
(28004, 56320, 28551)
(26324, 53446, 26490)
(28773, 57096, 28950)
(26319, 53972, 26473)
(27987, 56412, 28445)
(26336, 52854, 26536)
(28032, 55223, 28584)
(27999, 54508, 28480)
(26292, 52230, 26457)
(27993, 55184, 28456)
(27900, 54481, 28234)
(28888, 56758, 29068)
(27877, 54352, 28140)
(27917, 54809, 28243)
(27990, 55257, 28493)
(28914, 57757, 29096)
(28010, 55917, 28548)
(26303, 53230, 26453)
(27991, 54572, 28503)
(26320, 32048, 26508)
(28020, 34919, 28562)
(26315, 32333, 26482)
(26323, 32345, 26486)
(27906, 34352, 28250)
(27989, 34383, 28498)
(26327, 32609, 26486)
(28889, 33920, 29085)
(28779, 35362, 28961)
(28045, 34136, 28729)
(30040, 36711, 30354)
(28098, 34535, 28775)
(26331, 33117, 26489)
(28001, 35691, 28496)
(27958, 35740, 28419)
(27980, 35118, 28474)
(27928, 34952, 28338)
(28019, 35011, 28602)
(28063, 34005, 28675)
(27953, 34930, 28387)
(28879, 57201, 29058)
(27897, 54506, 28210)
(28887, 57475, 29064)
(28891, 34517, 29070)
(28047, 34201, 28661)
(27991, 34201, 28507)
(27957, 34951, 28453)
(28887, 33829, 29082)
(26325, 32127, 26473)
(28066, 34520, 28707)
(27962, 34801, 28419)
(28087, 34994, 28764)
(28030, 33978, 28645)
(28024, 34730, 28578)
(26330, 32395, 26500)
(28895, 35100, 29074)
(26327, 33699, 26480)
(26322, 33496, 26466)
(31021, 38447, 31216)
(26421, 33641, 26645)
(27991, 34140, 28475)
(28140, 35134, 28838)
(26318, 32422, 26478)
(27993, 33992, 28526)
(28077, 35053, 28709)
(27965, 35645, 28401)
(28893, 57355, 29080)
(26325, 52491, 26477)
(26330, 53479, 26480)
(26326, 52777, 26502)
(28023, 34600, 28561)
(28892, 34297, 29085)
(28900, 34048, 29077)
(28882, 33944, 29058)
(27991, 34361, 28488)
(27974, 35158, 28456)
(28011, 34560, 28569)
(27973, 34686, 28394)
(28033, 35452, 28585)
(27970, 34877, 28434)
(28007, 33916, 28606)
(28894, 34635, 29095)
(27926, 34969, 28301)
(27964, 34215, 28470)
(26322, 32837, 26489)
(28893, 34261, 29073)
(28038, 34370, 28645)
(27938, 35325, 28406)
(27913, 34194, 28309)
(26323, 52298, 26489)
(27980, 55359, 28422)
(28887, 56664, 29081)
(26317, 52874, 26470)
(28016, 54935, 28193)
(28901, 57302, 29092)
(27983, 55107, 28426)
(28897, 56901, 29076)
(27930, 54872, 28294)
(28886, 56997, 29059)
(27905, 54514, 28186)
(28004, 55545, 28576)
(28000, 58189, 28590)
(28780, 57438, 28955)
(27928, 55200, 28316)
(28892, 56973, 29072)
(27982, 55774, 28462)
(28017, 33844, 28667)
(26322, 53603, 26482)
(28041, 34499, 28591)
(26325, 32374, 26480)
(28038, 34520, 28617)
(28890, 34240, 29087)
(28074, 34427, 28724)
(28767, 34842, 28937)
(28895, 33694, 29106)
(28913, 44389, 29111)
(27999, 55464, 28590)
(28904, 57769, 29095)
(26322, 53240, 26470)
(28782, 55256, 28968)
(27892, 54792, 28199)
(27995, 55561, 28496)
(27964, 55282, 28428)
(26319, 51864, 26472)
(26329, 54003, 26499)
(27992, 55252, 28471)
(28010, 55534, 28551)
(27993, 33902, 28532)
(28077, 34699, 28714)
(28035, 34510, 28657)
(27933, 34187, 28346)
(28007, 34549, 28596)
(27908, 34760, 28245)
(26316, 32947, 26480)
(26323, 32985, 26492)
(27904, 35235, 28224)
(26341, 38595, 26546)
(28895, 34683, 29068)
(28887, 34393, 29063)
(28055, 34743, 28640)
(27895, 35038, 28235)
(28059, 34861, 28677)
(27993, 34548, 28517)
(27985, 34898, 28479)
(27962, 34187, 28416)
(26318, 32555, 26480)
(26320, 32811, 26502)
(28889, 34892, 29085)
(27903, 35194, 28231)
(28014, 34349, 28601)
(27914, 34101, 28316)
(26316, 32563, 26482)
(26330, 33197, 26498)
(27934, 35366, 28363)
(28016, 34328, 28641)
(27963, 35358, 28385)
(28064, 34530, 28731)
(27990, 34383, 28525)
(28027, 34905, 28595)
(28052, 35471, 28673)
(27893, 35309, 28240)
(28889, 34171, 29067)
(27989, 34505, 28505)
(28889, 34230, 29071)
(26311, 32549, 26478)
(28880, 33950, 29079)
(28895, 34110, 29113)
(27969, 34386, 28404)
(28908, 46280, 29091)
(26317, 32720, 26489)
(28886, 34581, 29079)
(28769, 35743, 28945)
(28886, 34211, 29092)
(28035, 35014, 28558)
(28013, 34270, 28661)
(26327, 32686, 26476)
(27990, 35440, 28525)
(27969, 36033, 28408)
(28479, 34608, 28648)
(26321, 32833, 26485)
(28895, 35944, 29092)
(28019, 34681, 28647)
(26328, 32888, 26492)
(27931, 34962, 28099)
(26320, 32655, 26485)
(28026, 35703, 28637)
(28052, 34793, 28649)
(28020, 34961, 28584)
(27970, 34254, 28469)
(28011, 34977, 28560)
(28912, 34294, 29119)
(28094, 35058, 28764)
(28009, 35103, 28575)
(28029, 35132, 28590)
(28000, 34890, 28529)
(27910, 34690, 28344)
(28011, 35099, 28522)
(27926, 34231, 28363)
(28886, 34785, 29073)
(28061, 34737, 28688)
(28909, 34420, 29086)
(27890, 34796, 28214)
(28868, 34399, 29069)
(28891, 34767, 29066)
(28046, 35292, 28627)
(28105, 35694, 28807)
(28883, 34893, 29140)
(28863, 34147, 29055)
(33622, 40681, 34254)
(27944, 34166, 28423)
(28894, 34202, 29074)
(27999, 34297, 28620)
(28890, 34284, 29085)
(28054, 35199, 28636)
(26333, 32694, 26503)
(28881, 34059, 29059)
(27967, 34454, 28503)
(28020, 34868, 28609)
(28776, 34937, 28950)
(27919, 34749, 28282)
(28894, 34311, 29073)
(26342, 32832, 26501)
(27972, 35560, 28482)
(28896, 34317, 29087)
(28025, 34603, 28650)
(28015, 35146, 28568)
(27983, 34779, 28545)
(28083, 34745, 28747)
(28897, 34253, 29077)
(27927, 55713, 28266)
(27979, 34106, 28471)
(27988, 55933, 28439)
(28887, 34604, 29061)
(28902, 56795, 29083)
(27984, 34901, 28516)
(28090, 35434, 28710)
(27943, 55454, 28318)
(26328, 53528, 26489)
(26315, 31662, 26462)
(28892, 56834, 29071)
(28080, 34635, 28731)
(28909, 57804, 29083)
(26342, 32243, 26491)
(28895, 56378, 29076)
(28783, 56499, 28969)
(26340, 52520, 26510)
(26330, 52509, 26477)
(26310, 52493, 26464)
(28107, 35601, 28687)
(26326, 52746, 26489)
(28053, 34149, 28671)
(28024, 34278, 28699)
(27895, 54147, 28164)
(28887, 33982, 29081)
(26453, 32507, 26618)
(26316, 31964, 26468)
(28895, 57332, 29084)
(28912, 57464, 29108)
(34521, 41324, 34684)
(28012, 45533, 28765)
