(5550, 7642, 5611)
(6018, 8293, 6101)
(5590, 8540, 5640)
(5522, 7533, 5572)
(5521, 6878, 5575)
(5490, 7223, 5536)
(5590, 7289, 5643)
(7350, 9634, 7449)
(5528, 7457, 5588)
(5502, 7110, 5549)
(7378, 9794, 7433)
(5518, 7121, 5578)
(5591, 7604, 5645)
(5532, 7363, 5587)
(5593, 7574, 5649)
(6018, 7949, 6093)
(6060, 7995, 6108)
(6018, 8234, 6089)
(6023, 9635, 6099)
(6024, 8115, 6102)
(5541, 7505, 5594)
(7351, 9693, 7447)
(6048, 8127, 6095)
(6057, 8027, 6106)
(5516, 7384, 5579)
(5515, 6937, 5570)
(6023, 8232, 6096)
(5484, 7007, 5530)
(5519, 7367, 5573)
(5523, 7389, 5583)
(6017, 8068, 6089)
(5520, 7224, 5569)
(5537, 7432, 5598)
(6722, 8816, 6784)
(6042, 8101, 6118)
(5503, 6603, 5553)
(5591, 7693, 5647)
(5511, 7100, 5565)
(6046, 8109, 6088)
(6022, 8057, 6094)
(5506, 7376, 5563)
(6034, 8003, 6109)
(5512, 7044, 5562)
(5517, 7318, 5581)
(6061, 8126, 6106)
(5578, 7164, 5629)
(5514, 7268, 5563)
(5483, 6811, 5526)
(6009, 7948, 6080)
(5584, 7869, 5646)
(6013, 8518, 6089)
(5514, 7221, 5570)
(5591, 7419, 5648)
(7382, 9807, 7486)
(6026, 11030, 6096)
(5602, 7507, 5665)
(6044, 8119, 6089)
(7358, 9869, 7461)
(5508, 7288, 5554)
(5996, 7990, 6068)
(5589, 7518, 5640)
(5558, 7273, 5602)
(7419, 10160, 7510)
(6033, 8123, 6072)
(5584, 7471, 5631)
(7344, 9371, 7438)
(5535, 7363, 5601)
(7352, 9814, 7453)
(5522, 7330, 5571)
(6011, 8088, 6083)
(5587, 7356, 5641)
(8501, 12504, 8563)
(5508, 7486, 5563)
(6040, 7875, 6081)
(5590, 7833, 5654)
(6024, 8195, 6100)
(6066, 8134, 6124)
(5578, 7615, 5627)
(6015, 8183, 6091)
(5511, 7294, 5560)
(6003, 8120, 6070)
(5511, 7248, 5560)
(5524, 7518, 5584)
(6017, 8555, 6097)
(6759, 9335, 6842)
(5534, 7444, 5591)
(7373, 10334, 7438)
(5519, 8484, 5568)
(6050, 8431, 6097)
(7325, 10040, 7423)
(6016, 7919, 6087)
(6779, 9240, 6850)
(6035, 9519, 6114)
(5492, 7158, 5544)
(5592, 8001, 5649)
(6752, 8894, 6820)
(6052, 9157, 6096)
(6038, 9490, 6113)
(5600, 7463, 5654)
(6040, 8670, 6083)
(5591, 7682, 5651)
(5524, 7344, 5573)
(6747, 9237, 6812)
(6039, 8838, 6112)
(5604, 8461, 5659)
(6027, 9267, 6108)
(5573, 8346, 5662)
(8449, 11243, 8563)
(5515, 7385, 5562)
(7364, 9703, 7457)
(5593, 7253, 5649)
(6046, 8724, 6089)
(5586, 7382, 5637)
(5522, 7346, 5576)
(6042, 8147, 6094)
(5606, 7507, 5655)
(6021, 7953, 6111)
(5532, 7477, 5603)
(5482, 7344, 5530)
(6016, 8240, 6089)
(8463, 13025, 8581)
(7387, 9786, 7442)
(5512, 8507, 5563)
(5591, 8691, 5645)
(6036, 9262, 6104)
(6033, 8391, 6120)
(5516, 8624, 5568)
(6217, 8359, 6315)
(6023, 8086, 6102)
(6018, 7986, 6092)
(5531, 7200, 5590)
(6013, 8295, 6098)
(6362, 8941, 6474)
(6038, 8212, 6081)
(5528, 7387, 5588)
(6033, 8316, 6110)
(5510, 6900, 5565)
(6035, 8328, 6106)
(6019, 8348, 6099)
(7451, 11012, 7588)
(5517, 7394, 5566)
(6045, 8097, 6090)
(5522, 7405, 5575)
(5522, 7256, 5571)
(6046, 8404, 6091)
(6042, 8467, 6087)
(5523, 7465, 5583)
(5523, 7464, 5599)
(6017, 9165, 6090)
(6013, 9581, 6087)
(6016, 8165, 6093)
(6044, 8103, 6096)
(6010, 8125, 6084)
(5514, 7387, 5564)
(6045, 8097, 6089)
(7356, 9812, 7464)
(5508, 7121, 5564)
(6020, 8203, 6097)
(5501, 7237, 5552)
(7388, 11118, 7459)
(5549, 7447, 5610)
(6038, 7906, 6079)
(5600, 9311, 5654)
(5509, 9219, 5567)
(5593, 8803, 5643)
(5525, 7352, 5586)
(5579, 7452, 5628)
(6022, 7875, 6095)
(5512, 7312, 5567)
(5545, 7182, 5601)
(6011, 9175, 6094)
(5598, 7460, 5653)
(5538, 7183, 5591)
(6047, 7989, 6094)
(6017, 7965, 6089)
(6043, 8151, 6088)
(6746, 8954, 6812)
(5510, 7195, 5560)
(6014, 8160, 6083)
(5593, 7383, 5650)
(5578, 7470, 5632)
(6007, 8133, 6093)
(6047, 8203, 6089)
(5593, 7548, 5646)
(6026, 8554, 6104)
(6025, 8229, 6102)
(7360, 9938, 7470)
(6042, 8147, 6084)
(6046, 8001, 6099)
(6031, 8059, 6102)
(5596, 9477, 5647)
(7338, 9712, 7436)
(6745, 8951, 6812)
(6048, 8302, 6091)
(6027, 7938, 6101)
(6024, 8295, 6100)
(5508, 7271, 5564)
(5507, 7226, 5562)
(6044, 8162, 6090)
(5518, 7258, 5573)
(7429, 11762, 7544)
(5509, 7121, 5560)
(6014, 8061, 6083)
(6055, 7823, 6101)
(7359, 9829, 7456)
(6020, 8273, 6095)
(5592, 7696, 5648)
(6027, 8094, 6096)
(5591, 7353, 5644)
(7355, 9578, 7451)
(5592, 7500, 5648)
(6016, 9354, 6100)
(5592, 9045, 5643)
(6038, 7870, 6080)
(6019, 7976, 6100)
(5531, 7276, 5583)
(5508, 7645, 5561)
(6052, 8169, 6099)
(5607, 7333, 5659)
(5595, 8724, 5646)
(6029, 9170, 6105)
(6030, 7973, 6108)
(6022, 8228, 6101)
(6022, 9304, 6095)
(5511, 8459, 5564)
(5589, 8408, 5644)
(5596, 7980, 5651)
(7339, 9756, 7444)
(7376, 9752, 7484)
(7397, 9521, 7452)
(5593, 7446, 5649)
(5519, 7175, 5574)
(5595, 7451, 5646)
(6029, 8151, 6103)
(5509, 6996, 5558)
(6025, 8132, 6101)
(5512, 7039, 5567)
(6020, 8288, 6104)
(5521, 7411, 5573)
(6046, 7969, 6088)
(6046, 8062, 6091)
(6014, 8318, 6089)
(6019, 8194, 6093)
(5600, 7456, 5656)
(6040, 8042, 6118)
(5509, 8937, 5561)
(5516, 9186, 5576)
(6037, 8074, 6107)
(5523, 7260, 5574)
(6048, 7676, 6095)
(5510, 7393, 5569)
(5519, 7193, 5576)
(6045, 8252, 6087)
(5580, 7295, 5630)
(5590, 7461, 5645)
(7344, 9673, 7446)
(6020, 7904, 6096)
(5499, 7250, 5543)
(5521, 8530, 5577)
(5512, 8389, 5568)
(6017, 7957, 6094)
(7384, 9672, 7484)
(6007, 7942, 6087)
(5523, 7480, 5585)
(6014, 7946, 6095)
(6039, 7880, 6084)
(5595, 7419, 5648)
(5525, 7165, 5579)
(5683, 8839, 5775)
(7390, 9805, 7450)
(5592, 8839, 5643)
(6044, 9079, 6118)
(6029, 9160, 6106)
(7349, 9717, 7447)
(5505, 7105, 5555)
(5500, 8232, 5552)
(7355, 10051, 7451)
(6023, 8211, 6126)
(5513, 7174, 5567)
(6047, 8456, 6089)
(7396, 9626, 7469)
(6023, 7955, 6105)
(6780, 8740, 6846)
(7358, 9977, 7461)
(5516, 7466, 5574)
(7353, 9985, 7455)
(6029, 8080, 6103)
(6191, 8984, 6312)
(5514, 7316, 5570)
(6053, 7992, 6100)
(6056, 7932, 6105)
(5502, 7146, 5556)
(5592, 7389, 5648)
(6008, 8201, 6086)
(5889, 8081, 5992)
(6034, 8574, 6113)
(5509, 7269, 5565)
(6019, 8276, 6095)
(6033, 8445, 6122)
(7389, 9827, 7452)
(6040, 8046, 6117)
(6143, 8482, 6263)
(6034, 7892, 6111)
(6017, 8136, 6095)
(6049, 9399, 6090)
(6066, 8044, 6110)
(5589, 7940, 5643)
(5528, 8227, 5587)
(6023, 7998, 6097)
(5513, 7381, 5568)
(6034, 8019, 6077)
(5522, 7181, 5579)
(5511, 8391, 5567)
(5509, 6700, 5564)
(6027, 8206, 6106)
(5509, 8192, 5562)
(5642, 7914, 5725)
(6027, 8123, 6105)
(7349, 10631, 7461)
(6049, 8007, 6096)
(6021, 7970, 6092)
(6038, 8016, 6117)
(6012, 8245, 6092)
(5524, 7250, 5573)
(5530, 7258, 5581)
(6742, 8915, 6813)
(7347, 9846, 7445)
(6057, 7883, 6107)
(7334, 11253, 7437)
(5510, 8547, 5564)
(5512, 8259, 5566)
(5596, 7166, 5651)
(6043, 8017, 6087)
(6048, 7906, 6090)
(6047, 8069, 6095)
(5520, 7137, 5575)
(6046, 8215, 6095)
(5584, 8448, 5634)
(5514, 7217, 5574)
(5514, 7262, 5563)
(6048, 8055, 6136)
(6048, 7943, 6095)
(5590, 7650, 5647)
(5596, 7430, 5649)
(5589, 7467, 5645)
(5528, 7111, 5582)
(6009, 7997, 6079)
(5672, 7582, 5743)
(6029, 8123, 6099)
(5522, 7337, 5574)
(6008, 8205, 6098)
(6057, 8205, 6100)
(7358, 9639, 7455)
(6763, 9088, 6830)
(7369, 10104, 7479)
(5593, 7524, 5644)
(7384, 22804, 7507)
(5619, 7907, 5682)
(5526, 7519, 5581)
(7476, 10288, 7641)
(7219, 9553, 7270)
(6046, 7909, 6088)
(6053, 8069, 6098)
(5523, 7406, 5573)
(6747, 8769, 6811)
(5522, 7334, 5576)
(5519, 8796, 5570)
(6047, 7864, 6094)
(6019, 8145, 6094)
(7347, 9597, 7445)
(5592, 7461, 5643)
(6022, 8045, 6100)
(6046, 7830, 6092)
(5512, 7038, 5564)
(5523, 7701, 5578)
(5519, 7245, 5576)
(6027, 8432, 6103)
(6038, 8128, 6081)
(5509, 7466, 5558)
(6029, 7884, 6103)
(6033, 8227, 6100)
(5505, 7134, 5553)
(5615, 7518, 5674)
(7374, 9725, 7430)
(6022, 8217, 6101)
(5591, 7319, 5643)
(5602, 7396, 5658)
(7399, 9520, 7464)
(7393, 10018, 7506)
(5998, 8064, 6075)
(5509, 7182, 5561)
(5594, 7552, 5644)
(5999, 7991, 6072)
(5599, 7281, 5662)
(7398, 10171, 7522)
(6016, 8024, 6091)
(6039, 7879, 6081)
(6028, 8782, 6116)
(6040, 8137, 6117)
(6036, 8222, 6115)
(6021, 8237, 6093)
(5594, 7284, 5646)
(6022, 8169, 6093)
(6737, 9118, 6800)
(5524, 7789, 5575)
(6026, 8186, 6105)
(5606, 8677, 5657)
(6741, 8699, 6812)
(7346, 9749, 7448)
(5529, 7134, 5586)
(6002, 7911, 6071)
(6015, 8212, 6091)
(6056, 8376, 6102)
(6000, 20082, 6079)
(5491, 8291, 5541)
(5614, 7745, 5675)
(6018, 8045, 6091)
(6039, 8040, 6083)
(6033, 8102, 6111)
(6029, 8201, 6124)
(6069, 8067, 6124)
(5524, 7434, 5577)
(5505, 7299, 5556)
(6016, 8257, 6100)
(6053, 8141, 6097)
(6037, 8311, 6112)
(5540, 7432, 5601)
(6051, 8114, 6092)
(6033, 7986, 6105)
(5510, 7363, 5566)
(6034, 8092, 6133)
(6046, 8131, 6091)
(5517, 7268, 5566)
(5531, 7378, 5585)
(6023, 7953, 6100)
(6045, 8087, 6090)
(6016, 7874, 6099)
(6047, 8060, 6093)
(5537, 7831, 5600)
(5500, 7226, 5551)
(7382, 9716, 7434)
(6032, 8157, 6103)
(7347, 9728, 7438)
(5508, 7044, 5561)
(7319, 9805, 7421)
(5518, 7439, 5569)
(5534, 7464, 5589)
(6012, 8193, 6085)
(5507, 7308, 5559)
(6028, 8114, 6106)
(7915, 10587, 7987)
(5594, 7484, 5651)
(6033, 7958, 6108)
(6017, 8162, 6096)
(6032, 9526, 6117)
(5523, 7391, 5579)
(6029, 8143, 6104)
(5511, 7428, 5568)
(5999, 8104, 6074)
(5510, 7272, 5560)
(7335, 9779, 7432)
(6045, 8300, 6127)
(5533, 7346, 5592)
(6052, 8317, 6101)
(6047, 7911, 6094)
(6041, 7992, 6079)
(6051, 11408, 6105)
(5542, 8448, 5606)
(6017, 8192, 6087)
(6043, 8061, 6087)
(7338, 9818, 7436)
(6007, 8238, 6088)
(7380, 9661, 7434)
(6755, 9127, 6826)
(6021, 8145, 6093)
(6042, 8213, 6117)
(5523, 7321, 5579)
(5582, 7278, 5632)
(6041, 7885, 6086)
(7389, 9666, 7496)
(5518, 7235, 5572)
(5587, 8146, 5641)
(5511, 6903, 5567)
(5599, 9201, 5654)
(6031, 8113, 6100)
(5997, 8139, 6077)
(6761, 8927, 6832)
(6026, 8014, 6100)
(6008, 8080, 6080)
(5523, 7268, 5578)
(6041, 8114, 6118)
(6018, 8103, 6087)
(6000, 8004, 6072)
(6016, 8152, 6104)
(7356, 9885, 7461)
(5516, 7209, 5568)
(7355, 9915, 7451)
(6035, 8130, 6112)
(5591, 7645, 5646)
(5532, 7374, 5585)
(6006, 8402, 6081)
(6026, 7928, 6099)
(6005, 7988, 6078)
(6022, 8293, 6107)
(5480, 7363, 5530)
(6024, 7936, 6103)
(5572, 7413, 5624)
(7340, 9861, 7438)
(5527, 7409, 5585)
(5477, 7330, 5523)
(5515, 7147, 5565)
(6045, 7938, 6090)
(6034, 8083, 6115)
(5507, 7457, 5556)
(5516, 7637, 5570)
(5535, 7259, 5593)
(5504, 7652, 5559)
(5547, 7919, 5608)
(6035, 8361, 6111)
(5512, 7563, 5564)
(6190, 8384, 6285)
(6056, 8001, 6106)
(7389, 9958, 7494)
(6008, 8099, 6089)
(5591, 7397, 5647)
(5525, 7119, 5581)
(6135, 8799, 6221)
(5560, 7369, 5605)
(6036, 8054, 6113)
(7398, 9821, 7470)
(5595, 7422, 5651)
(6021, 7990, 6092)
(5588, 7431, 5641)
(5529, 7312, 5587)
(5518, 7347, 5577)
(5520, 7278, 5586)
(5585, 7399, 5640)
(7335, 9674, 7436)
(5514, 8554, 5566)
(7466, 10499, 7586)
(6760, 9273, 6836)
(6006, 8107, 6076)
(5535, 7356, 5589)
(6016, 8569, 6095)
(6037, 7889, 6076)
(5527, 7324, 5584)
(6046, 8267, 6096)
(6013, 7845, 6085)
(5535, 7143, 5587)
(7373, 9978, 7485)
(5594, 7501, 5648)
(5590, 7261, 5645)
(5585, 19481, 5639)
(6030, 7763, 6105)
(5524, 7197, 5577)
(7365, 9726, 7472)
(7398, 9795, 7453)
(6010, 8015, 6084)
(5520, 7427, 5581)
(5511, 7528, 5557)
(5589, 7195, 5645)
(5618, 8137, 5693)
(5516, 7431, 5574)
(6028, 7885, 6105)
(6748, 9033, 6815)
(5504, 7270, 5557)
(5592, 7378, 5647)
(6010, 7978, 6086)
(5592, 7556, 5643)
(5518, 7023, 5572)
(5505, 7137, 5556)
(5521, 7239, 5574)
(7356, 10203, 7461)
(7385, 9819, 7439)
(6671, 9219, 6851)
(6019, 7849, 6089)
(5526, 7201, 5593)
(5587, 7190, 5637)
(6005, 9160, 6103)
(6716, 8952, 6779)
(7343, 10027, 7453)
(6030, 7708, 6109)
(6011, 8217, 6085)
(6019, 8169, 6094)
(7341, 9830, 7441)
(6019, 8132, 6102)
(6029, 8402, 6112)
(6029, 8507, 6114)
(5513, 7885, 5570)
(5526, 7312, 5592)
(7375, 12143, 7432)
(6019, 8188, 6096)
(6735, 9231, 6800)
(5518, 7380, 5570)
(5525, 7425, 5587)
(6056, 7947, 6105)
(5497, 7355, 5542)
(7355, 9762, 7408)
(6007, 8022, 6078)
(5521, 9173, 5571)
(6027, 13239, 6123)
(6025, 8249, 6103)
(6029, 8024, 6108)
(6009, 8083, 6079)
(5605, 7493, 5656)
(7342, 9696, 7443)
(6021, 7904, 6098)
(6036, 8044, 6113)
(7364, 10901, 7461)
(5504, 8214, 5553)
(6041, 8122, 6083)
(5600, 7401, 5652)
(7361, 11271, 7467)
(5515, 8257, 5566)
(6034, 9302, 6110)
(5585, 7391, 5635)
(6034, 8090, 6076)
(6038, 8097, 6082)
(6049, 8016, 6099)
(6027, 8430, 6095)
(5522, 7341, 5577)
(5604, 7472, 5660)
(5585, 7381, 5635)
(7387, 11137, 7449)
(5524, 8034, 5574)
(6025, 8543, 6103)
(5601, 7843, 5657)
(6026, 8078, 6101)
(5527, 7165, 5580)
(6021, 8037, 6104)
(5494, 8380, 5542)
(5535, 7233, 5587)
(5513, 7359, 5564)
(7340, 9892, 7443)
(6015, 7937, 6088)
(6031, 8140, 6109)
(5520, 7268, 5577)
(5523, 7096, 5578)
(6765, 8976, 6836)
(5513, 7867, 5569)
(6027, 7859, 6101)
(5520, 7479, 5570)
(5589, 7284, 5638)
(5597, 7390, 5654)
(5583, 7213, 5633)
(5515, 7400, 5571)
(5519, 6961, 5573)
(5525, 7277, 5584)
(5522, 7148, 5577)
(5505, 7123, 5556)
(6008, 7985, 6087)
(5519, 7032, 5568)
(5508, 6926, 5557)
(7333, 9970, 7440)
(5507, 6993, 5558)
(6058, 7837, 6108)
(5605, 7562, 5668)
(6066, 8008, 6114)
(5522, 7249, 5578)
(5531, 7119, 5589)
(5583, 7259, 5637)
(6106, 8423, 6199)
(5591, 7411, 5644)
(7363, 10308, 7463)
(7325, 10087, 7428)
(5603, 8341, 5665)
(5535, 7491, 5586)
(6019, 8694, 6097)
(6049, 8045, 6088)
(5531, 7380, 5588)
(5531, 7034, 5586)
(5520, 7370, 5569)
(5518, 7228, 5570)
(5508, 7191, 5563)
(5512, 6957, 5561)
(5520, 7186, 5575)
(7748, 10185, 7810)
(7357, 9948, 7452)
(5521, 8941, 5574)
(6054, 9255, 6101)
(6009, 7966, 6085)
(5615, 7675, 5678)
(5520, 7123, 5571)
(5588, 7683, 5638)
(5502, 7057, 5558)
(6025, 8126, 6112)
(5513, 7141, 5560)
(7384, 9799, 7458)
(6113, 8275, 6240)
(7327, 9729, 7440)
(6017, 9516, 6099)
(5586, 7485, 5634)
(8453, 11179, 8566)
(7641, 10363, 7779)
(5601, 7748, 5660)
(6036, 8182, 6112)
(7400, 10512, 7534)
(7339, 9848, 7438)
(5589, 7439, 5639)
(5576, 7253, 5627)
(5517, 7746, 5567)
(5520, 7578, 5577)
(5521, 7196, 5576)
(6048, 8412, 6090)
(6064, 8526, 6110)
(5599, 7532, 5650)
(7364, 10160, 7465)
(6048, 8008, 6089)
(5601, 7661, 5652)
(5593, 7551, 5650)
(6050, 8104, 6091)
(7376, 9545, 7430)
(5591, 7749, 5653)
(6006, 8437, 6080)
(5529, 7365, 5591)
(5508, 7191, 5562)
(6037, 8142, 6078)
(7370, 9698, 7424)
(5591, 7709, 5647)
(5525, 7390, 5580)
(5524, 7348, 5574)
(5534, 7406, 5594)
(6027, 8340, 6107)
(5593, 7646, 5644)
(6036, 8353, 6121)
(6024, 7885, 6095)
(5578, 7656, 5631)
(5503, 7101, 5552)
(5530, 7635, 5587)
(6015, 8378, 6092)
(5519, 7321, 5574)
(5506, 7227, 5560)
(7399, 9787, 7453)
(6044, 8108, 6088)
(6036, 8283, 6118)
(5505, 7121, 5555)
(5575, 7636, 5689)
(6728, 8852, 6792)
(6016, 8013, 6093)
(7407, 9762, 7478)
(5600, 7693, 5671)
(5520, 7430, 5581)
(6049, 7991, 6097)
(5511, 6932, 5561)
(6041, 8325, 6125)
(5605, 7609, 5665)
(6045, 8048, 6092)
(6746, 8983, 6816)
(6199, 9255, 6306)
(5515, 7209, 5568)
(6056, 8046, 6105)
(5592, 7988, 5649)
(5591, 7367, 5642)
(6041, 7935, 6086)
(5512, 7462, 5561)
(5516, 7434, 5565)
(5517, 7448, 5574)
(5523, 7174, 5577)
(6019, 8089, 6097)
(6006, 8010, 6082)
(6043, 8061, 6084)
(6025, 7965, 6101)
(6118, 8749, 6234)
(5566, 7338, 5612)
(6015, 8022, 6090)
(6006, 8006, 6076)
(6012, 8369, 6086)
(5529, 7390, 5584)
(6755, 8949, 6822)
(6047, 8106, 6089)
(6034, 8138, 6113)
(6013, 8055, 6086)
(6016, 8250, 6089)
(5593, 7465, 5644)
(6024, 8247, 6102)
(5521, 7249, 5575)
(5505, 7265, 5558)
(6026, 8103, 6102)
(7341, 11381, 7442)
(6736, 9174, 6801)
(6041, 8105, 6081)
(6049, 7929, 6091)
(6028, 8237, 6105)
(5524, 7592, 5579)
(5509, 7593, 5560)
(6712, 8786, 6778)
(5588, 7463, 5639)
(6041, 7983, 6086)
(6056, 7903, 6103)
(6021, 8075, 6097)
(6027, 8097, 6063)
(5524, 7474, 5578)
(6056, 8965, 6102)
(5580, 8394, 5627)
(6016, 8150, 6089)
(6014, 9606, 6113)
(6020, 8908, 6102)
(6067, 8237, 6119)
(5548, 8519, 5613)
(5604, 7509, 5664)
(6050, 8311, 6128)
(5575, 7261, 5622)
(5516, 7366, 5565)
(7374, 11005, 7431)
(5521, 8533, 5577)
(5496, 7164, 5543)
(7340, 9573, 7439)
(5528, 8217, 5584)
(5599, 7404, 5656)
(6050, 8042, 6099)
(5598, 8677, 5655)
(5514, 8290, 5570)
(5519, 7263, 5573)
(5520, 7046, 5575)
(6034, 8046, 6108)
(5518, 8027, 5569)
(5601, 8236, 5654)
(5532, 8474, 5592)
(6016, 8050, 6090)
(7387, 9611, 7443)
(6024, 8054, 6100)
(5596, 7276, 5652)
(5523, 8957, 5578)
(5513, 7152, 5575)
(5583, 7392, 5634)
(7320, 9538, 7421)
(7492, 10479, 7593)
(6040, 8019, 6081)
(5535, 7052, 5589)
(6002, 7970, 6074)
(5577, 7341, 5627)
(6041, 8079, 6083)
(7882, 10373, 7950)
(6017, 8081, 6091)
(5578, 7616, 5630)
(5589, 7419, 5644)
(6002, 8071, 6066)
(6046, 8045, 6093)
(5613, 7878, 5664)
(5591, 7725, 5645)
(6046, 8014, 6093)
(7368, 10085, 7463)
(6020, 7963, 6095)
(5594, 7452, 5645)
(6034, 8313, 6105)
(5595, 7566, 5650)
(5597, 7729, 5660)
(5514, 7253, 5570)
(6024, 8505, 6105)
(6797, 9520, 6872)
(6262, 8352, 6364)
(6017, 8098, 6096)
(6046, 7996, 6093)
(6062, 8305, 6116)
(5592, 7336, 5646)
(5596, 7520, 5647)
(6031, 8212, 6111)
(6026, 7920, 6105)
(7378, 9997, 7485)
(5616, 7755, 5723)
(6045, 7913, 6090)
(5511, 7336, 5568)
(6093, 9041, 6203)
(6144, 9594, 6304)
(5590, 7189, 5641)
(7389, 9830, 7443)
(7373, 9607, 7427)
(6103, 8441, 6188)
(6800, 9152, 6870)
(5601, 7481, 5664)
(7395, 11168, 7456)
(5594, 7460, 5645)
(5892, 8273, 5982)
(6022, 7905, 6093)
(6033, 8140, 6108)
(5519, 7322, 5569)
(7346, 9613, 7445)
(6050, 7954, 6097)
(5576, 7330, 5624)
(6018, 7862, 6098)
(6046, 8098, 6087)
(5523, 7147, 5576)
(6022, 8059, 6099)
(6046, 8022, 6092)
(5578, 7370, 5630)
(6024, 8227, 6089)
(7362, 9793, 7465)
(5578, 7346, 5626)
(6020, 8179, 6095)
(5522, 6868, 5575)
(6024, 8070, 6093)
(5512, 7151, 5564)
(7353, 9765, 7458)
(6019, 7998, 6096)
(6022, 8102, 6101)
(6052, 8012, 6098)
(6049, 8386, 6090)
(5532, 7179, 5587)
(5486, 7527, 5534)
(6028, 9227, 6106)
(5507, 7384, 5560)
(6185, 8783, 6293)
(6046, 8046, 6093)
(5510, 7456, 5565)
(6040, 8099, 6082)
(6013, 7996, 6092)
(6048, 8125, 6096)
(5482, 7084, 5531)
(6003, 8231, 6073)
(5591, 7596, 5647)
(5526, 6876, 5583)
(7385, 9892, 7440)
(5506, 7313, 5557)
(6028, 8075, 6107)
(6006, 8076, 6083)
(6007, 7866, 6080)
(5491, 6924, 5536)
(5529, 7096, 5583)
(6011, 7895, 6084)
(6046, 7787, 6098)
(6015, 8142, 6099)
(7378, 9727, 7433)
(6041, 8362, 6086)
(5519, 7245, 5573)
(6044, 7962, 6089)
(5527, 7094, 5588)
(5507, 7503, 5565)
(5519, 7096, 5569)
(6012, 8007, 6092)
(6044, 8228, 6115)
(6026, 7906, 6097)
(5597, 7517, 5649)
(5512, 7042, 5568)
(5517, 7120, 5571)
(6133, 8143, 6211)
(6028, 8033, 6100)
(5522, 7476, 5581)
(7383, 9772, 7437)
(6037, 8341, 6112)
(5596, 7526, 5654)
(7355, 9776, 7464)
(6044, 7936, 6086)
(5524, 7362, 5581)
(6040, 8195, 6084)
(6031, 8254, 6107)
(7356, 22083, 7475)
(5480, 7119, 5531)
(6028, 8261, 6102)
(5498, 7091, 5551)
(6019, 8213, 6103)
(5528, 7280, 5581)
(7388, 9746, 7443)
(6056, 8190, 6101)
(6014, 8092, 6087)
(5997, 7855, 6070)
(7393, 9999, 7500)
(5519, 7628, 5574)
(5516, 7409, 5565)
(6051, 8109, 6096)
(5591, 8401, 5643)
(5524, 8033, 5573)
(6041, 9288, 6085)
(6017, 9627, 6095)
(7464, 11725, 7577)
(6040, 7989, 6082)
(6024, 8299, 6096)
(6032, 8432, 6116)
(5638, 7831, 5724)
(5532, 7480, 5585)
(6781, 9129, 6850)
(6009, 7999, 6081)
(5594, 7789, 5645)
(5512, 7540, 5571)
(5520, 7312, 5574)
(5499, 8040, 5552)
(6747, 8937, 6811)
(7353, 9742, 7451)
(5540, 7148, 5597)
(5519, 7229, 5568)
(6011, 8294, 6089)
(6014, 9293, 6083)
(6063, 9365, 6105)
(5598, 8721, 5649)
(5998, 7987, 6070)
(6030, 9231, 6104)
(5594, 7572, 5644)
(5522, 7249, 5578)
(5606, 7455, 5661)
(5523, 7320, 5580)
(5502, 7096, 5552)
(5520, 7393, 5573)
(5522, 7871, 5575)
(6036, 8023, 6106)
(5598, 7568, 5652)
(5593, 8206, 5651)
(6019, 7887, 6091)
(6042, 8058, 6088)
(5519, 7023, 5571)
(6027, 7822, 6100)
(6022, 8631, 6098)
