(21166, 25623, 21311)
(20871, 26055, 21211)
(20861, 25932, 21174)
(21161, 25527, 21313)
(21156, 25821, 21332)
(19662, 24595, 19844)
(19695, 24137, 19871)
(20643, 26019, 21074)
(20552, 25371, 20928)
(19687, 24413, 19880)
(20688, 25727, 21088)
(21296, 27222, 21807)
(19652, 24458, 19820)
(20607, 25626, 21004)
(19712, 24010, 19886)
(20576, 25453, 20999)
(20577, 25682, 20940)
(20814, 26318, 21204)
(21171, 25858, 21334)
(20875, 26189, 21219)
(20555, 25409, 20851)
(19707, 24283, 19892)
(20827, 25624, 21095)
(21212, 25939, 21401)
(19667, 24131, 19855)
(20587, 25523, 20937)
(21169, 25889, 21372)
(19665, 24126, 19836)
(21204, 26378, 21369)
(21173, 26252, 21333)
(20819, 25832, 21174)
(20547, 25477, 20896)
(21179, 26434, 21363)
(21169, 26540, 21324)
(21203, 26760, 21359)
(19674, 24026, 19855)
(20872, 26154, 21219)
(20864, 25485, 21243)
(21203, 25666, 21349)
(20519, 25274, 20770)
(19707, 24075, 19889)
(20539, 25171, 20830)
(21155, 25648, 21300)
(21176, 26160, 21338)
(20570, 25091, 20869)
(20654, 25670, 21091)
(20541, 26077, 20910)
(20838, 26215, 21110)
(21156, 25761, 21313)
(21210, 25288, 21361)
(21162, 25916, 21314)
(20930, 26342, 21323)
(19676, 23902, 19847)
(21149, 26015, 21299)
(20875, 26274, 21272)
(20590, 25740, 20982)
(21673, 27023, 21817)
(19649, 24276, 19820)
(19653, 24150, 19834)
(20863, 25933, 21294)
(19666, 24224, 19833)
(20835, 26666, 21256)
(21164, 26509, 21327)
(21188, 26434, 21353)
(21165, 26292, 21347)
(20569, 25899, 20984)
(20571, 26121, 20965)
(20561, 25668, 20952)
(21197, 25880, 21359)
(20821, 25999, 21158)
(20552, 25741, 20915)
(20570, 25815, 20991)
(21155, 25856, 21298)
(20611, 25906, 20999)
(19713, 25101, 19881)
(20930, 26078, 21406)
(20582, 26393, 20990)
(19643, 24586, 19860)
(20868, 25714, 21154)
(20830, 25916, 21190)
(20568, 25205, 20969)
(19687, 24456, 19887)
(21163, 25900, 21331)
(19688, 24275, 19869)
(19675, 24301, 19833)
(19676, 24166, 19884)
(20551, 25355, 20880)
(19719, 23956, 19895)
(20833, 25709, 21171)
(20891, 26090, 21213)
(20811, 25657, 21127)
(21217, 25948, 21378)
(20884, 26144, 21248)
(20609, 25757, 20960)
(21157, 25985, 21322)
(21216, 25989, 21403)
(20549, 25459, 20838)
(21139, 25865, 21307)
(20808, 25669, 21081)
(21142, 25599, 21305)
(21219, 25791, 21366)
(19691, 24118, 19852)
(19691, 24107, 19858)
(21158, 25878, 21305)
(21161, 26636, 21329)
(19695, 24744, 19881)
(20570, 25988, 20990)
(21185, 26531, 21355)
(20814, 25624, 21178)
(20603, 25796, 20998)
(20609, 25886, 21022)
(20846, 26883, 21278)
(19683, 24923, 19888)
(20850, 26685, 21288)
(19655, 23865, 19832)
(21213, 25602, 21369)
(19678, 24239, 19850)
(21150, 25592, 21294)
(19656, 24194, 19819)
(21146, 25841, 21320)
(21163, 25961, 21341)
(19710, 24603, 19884)
(21186, 25885, 21338)
(20849, 26298, 21232)
(20363, 25358, 20556)
(19662, 24310, 19845)
(21210, 25872, 21376)
(19695, 24194, 19875)
(21165, 26030, 21314)
(20793, 25491, 21069)
(20856, 26758, 21271)
(20900, 26767, 21299)
(20823, 25911, 21187)
(20872, 26082, 21281)
(20544, 25591, 20902)
(19713, 24317, 19897)
(20825, 25702, 21203)
(19674, 24383, 19872)
(19706, 24144, 19881)
(20846, 26406, 21257)
(20538, 26099, 20954)
(21167, 26081, 21332)
(19696, 24510, 19865)
(19718, 24784, 19923)
(19702, 24392, 19872)
(21192, 27038, 21386)
(20888, 26871, 21287)
(20594, 25726, 21007)
(21641, 27806, 22057)
(20580, 25785, 20983)
(21184, 25638, 21333)
(21208, 26396, 21376)
(19720, 24164, 19919)
(20632, 25972, 21027)
(21176, 25838, 21356)
(20568, 25354, 20986)
(21160, 25634, 21317)
(21684, 27568, 21852)
(20842, 26000, 21241)
(21200, 26283, 21400)
(21203, 25853, 21354)
(21142, 25829, 21318)
(19683, 24342, 19879)
(20840, 26096, 21249)
(21209, 26014, 21381)
(21183, 26032, 21368)
(21214, 26454, 21376)
(21174, 25945, 21347)
(20853, 25989, 21250)
(21190, 25908, 21340)
(21216, 26027, 21370)
(20860, 26413, 21320)
(21180, 25652, 21324)
(20865, 26365, 21319)
(20817, 26419, 21207)
(20570, 26036, 20958)
(21181, 26272, 21387)
(19691, 24334, 19866)
(21195, 25617, 21359)
(19699, 24467, 19885)
(20574, 25377, 20962)
(21595, 26445, 21902)
(21145, 25814, 21289)
(20829, 25566, 21199)
(20604, 25619, 20978)
(19681, 24550, 19869)
(20527, 25206, 20850)
(20840, 25663, 21186)
(20861, 25917, 21256)
(19648, 24384, 19822)
(19637, 24105, 19835)
(21140, 25564, 21281)
(21157, 25569, 21327)
(19676, 24283, 19848)
(19643, 24090, 19804)
(20536, 25521, 20881)
(20820, 25618, 21150)
(19669, 24032, 19848)
(19669, 24136, 19837)
(21179, 25640, 21349)
(20827, 25653, 21075)
(21138, 25894, 21299)
(21161, 25855, 21339)
(21167, 26045, 21309)
(21138, 25670, 21297)
(19651, 24199, 19839)
(20544, 25288, 20861)
(21192, 26058, 21352)
(21207, 25735, 21397)
(21135, 25898, 21305)
(19694, 24082, 19874)
(20559, 26421, 20898)
(20562, 26284, 20844)
(20810, 26162, 21088)
(20850, 25918, 21163)
(19659, 24194, 19846)
(20568, 25472, 20894)
(20518, 25528, 20779)
(21198, 25964, 21373)
(21195, 25838, 21348)
(19686, 24362, 19877)
(21169, 25807, 21331)
(20855, 25878, 21214)
(21173, 25671, 21325)
(21169, 25992, 21340)
(20846, 25907, 21146)
(20825, 26007, 21130)
(19701, 24206, 19882)
(20540, 25655, 20879)
(20880, 26220, 21278)
(20625, 26433, 20922)
(20815, 25556, 21125)
(20835, 25887, 21174)
(19708, 24515, 19887)
(20557, 25814, 20965)
(21678, 26581, 21861)
(20594, 26171, 21015)
(21225, 25848, 21391)
(20536, 25693, 20936)
(20541, 25416, 20921)
(21194, 26475, 21351)
(20601, 25446, 20925)
(20823, 26203, 21180)
(20862, 26438, 21275)
(21124, 25638, 21278)
(20573, 26072, 21038)
(19637, 24168, 19805)
(20578, 25810, 20943)
(20878, 25872, 21216)
(21159, 25734, 21329)
(20578, 25575, 20932)
(20523, 25160, 20861)
(19693, 24515, 19889)
(19674, 24267, 19863)
(20556, 25282, 20858)
(20859, 26330, 21206)
(19773, 24620, 20013)
(20536, 25343, 20851)
(20802, 25698, 21114)
(20827, 26081, 21170)
(20631, 25388, 20946)
(20867, 26167, 21268)
(20587, 25691, 20962)
(20518, 25414, 20844)
(20509, 25113, 20788)
(20827, 26371, 21137)
(20846, 25876, 21215)
(19659, 24387, 19833)
(21143, 25577, 21291)
(21194, 25934, 21349)
(19669, 24044, 19831)
(20814, 25608, 21100)
(19716, 24511, 19928)
(20841, 25950, 21225)
(20882, 25670, 21304)
(20773, 26005, 21082)
(20866, 25700, 21198)
(21128, 26167, 21298)
(21147, 25970, 21303)
(19704, 24921, 19912)
(20820, 26080, 21170)
(21202, 25921, 21356)
(20514, 25136, 20806)
(20809, 25635, 21151)
(20539, 25949, 20879)
(20554, 26076, 20945)
(21213, 26475, 21394)
(21052, 25716, 21219)
(21294, 26392, 21516)
(20541, 25685, 20877)
(20574, 25506, 20900)
(20856, 25984, 21268)
(19702, 24584, 19909)
(21159, 26116, 21326)
(19673, 23792, 19842)
(20860, 25625, 21205)
(19679, 24272, 19874)
(20868, 25752, 21239)
(20595, 26266, 20970)
(20580, 25392, 20894)
(20827, 26409, 21179)
(21220, 26120, 21394)
(20833, 25574, 21157)
(20873, 26178, 21273)
(20885, 26020, 21261)
(20833, 26376, 21259)
(20530, 25237, 20844)
(21198, 25945, 21359)
(21206, 25963, 21354)
(20565, 25665, 20954)
(20596, 25394, 20945)
(21164, 26124, 21326)
(19704, 24439, 19890)
(20025, 24492, 20184)
(20852, 26012, 21241)
(20610, 26053, 21017)
(19687, 24983, 19849)
(21186, 26199, 21382)
(20822, 26434, 21234)
(20835, 25590, 21207)
(20547, 26036, 20925)
(20566, 25781, 20935)
(20563, 26388, 20948)
(20563, 25714, 20899)
(20564, 25975, 21027)
(20876, 25977, 21164)
(20474, 25672, 20804)
(21165, 25981, 21345)
(21139, 25732, 21295)
(21167, 25936, 21322)
(21138, 25686, 21313)
(19710, 24321, 19891)
(20817, 25884, 21104)
(21175, 25821, 21335)
(19700, 24368, 19889)
(20543, 25975, 20981)
(21188, 26071, 21351)
(20825, 25765, 21126)
(20587, 25784, 20978)
(20525, 25397, 20861)
(21229, 25972, 21406)
(21195, 26034, 21361)
(21207, 25947, 21395)
(20803, 25830, 21103)
(19649, 24238, 19841)
(19711, 23993, 19890)
(19697, 24217, 19870)
(21114, 25914, 21272)
(20606, 25868, 20980)
(21137, 25724, 21295)
(19706, 24505, 19888)
(21188, 26062, 21344)
(20871, 26109, 21309)
(19683, 24344, 19850)
(19703, 24276, 19874)
(20598, 25719, 20942)
(19681, 24981, 19865)
(19682, 24383, 19858)
(20590, 25977, 21048)
(21217, 26433, 21390)
(20835, 25843, 21152)
(19626, 24105, 19813)
(20893, 26080, 21270)
(19692, 24465, 19917)
(21121, 26041, 21288)
(20816, 25838, 21124)
(21119, 25932, 21317)
(20855, 25883, 21200)
(20586, 26265, 20939)
(20876, 25928, 21286)
(20601, 26012, 20992)
(20859, 26022, 21282)
(20885, 26029, 21314)
(21183, 26023, 21355)
(20804, 25581, 21078)
(19728, 24091, 19930)
(20841, 25539, 21143)
(19685, 24359, 19883)
(20860, 25711, 21307)
(19666, 23906, 19853)
(21176, 25888, 21346)
(20838, 25636, 21135)
(20506, 25560, 20841)
(19625, 24272, 19786)
(20562, 25906, 20980)
(20866, 25906, 21263)
(21143, 25938, 21288)
(19702, 24119, 19865)
(20553, 26177, 20925)
(20552, 25992, 20854)
(19664, 24439, 19843)
(21206, 26072, 21358)
(20572, 25487, 20968)
(21189, 25900, 21389)
(20858, 25861, 21143)
(21172, 26301, 21325)
(19699, 24304, 19863)
(20263, 25001, 20453)
(20545, 25991, 20893)
(21162, 26122, 21338)
(21157, 25480, 21305)
(19669, 24522, 19856)
(19665, 24529, 19837)
(21153, 26205, 21314)
(20598, 26090, 21043)
(21212, 26226, 21389)
(19679, 24388, 19864)
(21165, 26222, 21336)
(20836, 25376, 21135)
(20556, 25267, 20983)
(20517, 25258, 20896)
(20828, 25936, 21172)
(20839, 25867, 21146)
(21205, 26079, 21371)
(20592, 25539, 20957)
(19668, 24384, 19837)
(19674, 23852, 19881)
(20848, 25660, 21245)
(21156, 25435, 21306)
(19705, 24118, 19883)
(20560, 25717, 20938)
(21194, 26208, 21395)
(20569, 25814, 20951)
(21159, 25929, 21323)
(20794, 26203, 21170)
(20577, 25879, 20971)
(20544, 25688, 20902)
(19714, 24291, 19876)
(20836, 26064, 21187)
(20864, 25570, 21216)
(20816, 26178, 21210)
(20833, 26200, 21207)
(21164, 26091, 21322)
(19620, 24589, 19795)
(19702, 24384, 19909)
(20847, 26359, 21247)
(21180, 25961, 21333)
(21148, 25754, 21309)
(21173, 25656, 21321)
(20810, 25943, 21093)
(19677, 24131, 19863)
(19649, 24325, 19818)
(20798, 25760, 21108)
(20870, 25905, 21157)
(20868, 26014, 21231)
(21206, 26179, 21373)
(20565, 25904, 20915)
(19715, 24494, 19901)
(20857, 26103, 21198)
(20860, 26156, 21293)
(19661, 24126, 19834)
(20842, 26235, 21244)
(20863, 25778, 21161)
(20804, 25892, 21114)
(19662, 24127, 19840)
(19692, 24086, 19871)
(19707, 24319, 19886)
(21177, 26152, 21355)
(20580, 25570, 20914)
(19703, 24049, 19869)
(19695, 24682, 19877)
(20817, 25796, 21120)
(20534, 25573, 20891)
(20868, 25753, 21226)
(19702, 24269, 19866)
(20556, 26072, 20932)
(19678, 24355, 19875)
(19644, 24267, 19803)
(20844, 26098, 21173)
(20841, 26169, 21186)
(20868, 26055, 21277)
(20828, 25941, 21164)
(20877, 26235, 21313)
(20878, 25732, 21292)
(21231, 26610, 21708)
(19676, 24132, 19851)
(20846, 25877, 21230)
(20862, 25658, 21166)
(19681, 24291, 19889)
(20561, 25773, 20893)
(20533, 25144, 20882)
(20496, 25465, 20759)
(19688, 24327, 19857)
(19678, 24128, 19853)
(19654, 24397, 19838)
(21235, 29536, 21433)
(19671, 24847, 19847)
(21637, 26511, 21989)
(20569, 25603, 20957)
(19698, 23903, 19858)
(20799, 25627, 21089)
(20863, 25891, 21228)
(20857, 26250, 21262)
(19660, 24101, 19835)
(19660, 24345, 19829)
(20857, 25868, 21218)
(21207, 26163, 21362)
(20575, 25495, 20914)
(19694, 24081, 19850)
(20559, 25440, 20973)
(21158, 25708, 21308)
(20837, 25822, 21193)
(19692, 24357, 19904)
(19686, 24003, 19860)
(20577, 25871, 20936)
(19696, 24244, 19855)
(20561, 25736, 20916)
(19673, 24387, 19858)
(19658, 24025, 19820)
(20607, 25425, 20991)
(21167, 26575, 21343)
(21134, 26011, 21294)
(21194, 26045, 21354)
(19651, 24460, 19818)
(21208, 25717, 21357)
(21195, 25742, 21358)
(20515, 25348, 20864)
(20847, 26068, 21168)
(19669, 24332, 19845)
(20873, 26026, 21202)
(19650, 24245, 19821)
(21146, 25986, 21327)
(21176, 26149, 21357)
(20807, 26104, 21166)
(21127, 25606, 21293)
(21161, 26475, 21335)
(20817, 26018, 21127)
(20852, 25781, 21223)
(21125, 25897, 21298)
(19727, 24578, 19921)
(20834, 29881, 21266)
(20839, 27157, 21248)
(19692, 24718, 19866)
(20552, 26443, 20950)
(20594, 26407, 21019)
(21171, 26116, 21335)
(20849, 26170, 21195)
(20551, 26361, 20915)
(20859, 25718, 21209)
(19631, 24026, 19801)
(20527, 25581, 20917)
(19671, 24613, 19857)
(20522, 25368, 20888)
(20614, 25414, 21028)
(19711, 24021, 19890)
(19172, 24136, 19410)
(20867, 25655, 21248)
(21219, 25749, 21387)
(20581, 25876, 20979)
(20604, 26257, 21054)
(21181, 25999, 21361)
(20584, 25906, 20961)
(20838, 26097, 21217)
(25003, 31262, 25541)
(20617, 25465, 20955)
(19691, 24343, 19868)
(20578, 26126, 20972)
(19705, 24936, 19884)
(19705, 24191, 19897)
(20873, 25924, 21234)
(19665, 24330, 19845)
(20882, 25782, 21325)
(21198, 25668, 21354)
(20585, 38296, 20940)
(20532, 25442, 20898)
(21257, 26287, 21430)
(19681, 24196, 19842)
(20555, 25555, 20875)
(25040, 30757, 25572)
(20538, 25583, 20912)
(21166, 25699, 21319)
(19687, 24594, 19871)
(20546, 25837, 20932)
(20815, 25894, 21100)
(21683, 26640, 21828)
(20871, 26132, 21227)
(20570, 25793, 20908)
(19651, 24153, 19810)
(20828, 25783, 21222)
(19683, 24272, 19905)
(20839, 25915, 21171)
(19675, 24717, 19904)
(19682, 24079, 19860)
(19684, 24286, 19869)
(20825, 26114, 21176)
(20538, 25958, 20929)
(21147, 26381, 21331)
(21203, 25682, 21373)
(19687, 24083, 19889)
(21614, 27200, 21934)
(19692, 23875, 19854)
(21178, 25945, 21333)
(19654, 24222, 19858)
(20580, 25711, 21003)
(20870, 25800, 21278)
(20828, 25823, 21292)
(20859, 25660, 21136)
(25614, 31266, 25791)
(20568, 25368, 20951)
(19664, 24092, 19835)
(19686, 24378, 19864)
(20261, 25273, 20435)
(19700, 24948, 19897)
(20642, 26374, 21062)
(20575, 26761, 20988)
(20873, 26778, 21311)
(20549, 25865, 20950)
(20621, 25541, 21021)
(20816, 25981, 21129)
(20874, 26448, 21337)
(20853, 26224, 21260)
(20602, 25541, 20933)
(19677, 24293, 19847)
(20835, 26113, 21206)
(20861, 26529, 21319)
(21206, 25888, 21375)
(19676, 24005, 19848)
(20562, 25794, 20924)
(21196, 26544, 21375)
(20580, 25637, 20868)
(19698, 24249, 19879)
(20891, 26128, 21261)
(20878, 26254, 21217)
(19710, 24105, 19883)
(20889, 26237, 21307)
(20842, 25909, 21202)
(20838, 26137, 21180)
(20789, 25889, 21081)
(19702, 24555, 19887)
(20879, 26354, 21316)
(20878, 26235, 21319)
(20883, 26404, 21313)
(21235, 26629, 21408)
(21190, 25299, 21347)
(19688, 24091, 19858)
(21173, 26048, 21335)
(20825, 25960, 21090)
(19686, 24230, 19863)
(20509, 25481, 20841)
(20860, 26267, 21200)
(20863, 25749, 21203)
(20566, 25745, 20892)
(21183, 26229, 21390)
(20816, 25561, 21184)
(20572, 25592, 20870)
(20553, 25766, 20906)
(20891, 26192, 21271)
(20838, 25949, 21150)
(20515, 24988, 20842)
(20828, 25982, 21151)
(21207, 26132, 21399)
(20568, 25197, 20862)
(21180, 26512, 21347)
(20573, 26194, 20956)
(21164, 25893, 21323)
(20873, 25875, 21188)
(21186, 26120, 21353)
(20839, 26165, 21272)
(20582, 25820, 20911)
(19729, 24449, 19907)
(19684, 24649, 19858)
(21184, 25804, 21344)
(19702, 24305, 19900)
(19687, 23939, 19882)
(20570, 25727, 20963)
(20104, 24481, 20237)
(19678, 24264, 19871)
(19670, 24473, 19853)
(20843, 25961, 21201)
(19698, 24873, 19885)
(20847, 26088, 21259)
(19674, 24587, 19872)
(20506, 25921, 20881)
(21188, 26375, 21347)
(19676, 24750, 19884)
(20845, 26324, 21201)
(19691, 24301, 19859)
(19660, 24919, 19845)
(21206, 25881, 21370)
(20849, 25913, 21187)
(21171, 26039, 21373)
(20579, 25658, 20928)
(19691, 24488, 19862)
(19707, 24685, 20000)
(21199, 26000, 21353)
(20579, 25419, 20913)
(20558, 25451, 20895)
(19683, 24474, 19870)
(20107, 25078, 20271)
(20846, 26489, 21255)
(20565, 25506, 20929)
(20540, 25785, 20906)
(19676, 24520, 19846)
(20877, 25866, 21329)
(20516, 25679, 20839)
(21173, 25802, 21364)
(20830, 32180, 21128)
(21125, 25633, 21283)
(19656, 24041, 19848)
(21143, 25871, 21300)
(20856, 25967, 21217)
(21166, 26211, 21330)
(19658, 24166, 19855)
(20809, 25487, 21060)
(20849, 25806, 21263)
(20547, 25370, 20962)
(20831, 25680, 21247)
(20913, 26164, 21312)
(21147, 26687, 21333)
(20853, 26766, 21246)
(21189, 26687, 21348)
(21247, 26028, 21413)
(20854, 26206, 21232)
(19705, 24662, 19936)
(20828, 26524, 21241)
(20566, 25808, 20943)
(19678, 24012, 19847)
(20567, 25512, 20880)
(20822, 26111, 21178)
(20670, 25917, 21074)
(20604, 27481, 20975)
(20558, 25584, 20992)
(20616, 25732, 20980)
(20886, 26222, 21335)
(21182, 25764, 21374)
(21178, 25751, 21338)
(20841, 26296, 21220)
(21143, 25667, 21294)
(20877, 25750, 21231)
(20901, 26257, 21360)
(20863, 25876, 21192)
(19696, 24144, 19901)
(20872, 26417, 21290)
(20530, 25473, 20927)
(20035, 24585, 20179)
(20830, 25879, 21220)
(20847, 26071, 21190)
(20611, 26220, 21026)
(20817, 26689, 21216)
(21199, 27014, 21367)
(21188, 26462, 21376)
(20277, 24542, 20439)
(19677, 24470, 19867)
(20833, 26061, 21282)
(19654, 24167, 19841)
(20604, 26011, 20969)
(19663, 24155, 19822)
(20565, 26121, 20978)
(19654, 24543, 19862)
(20813, 25901, 21127)
(21187, 25485, 21339)
(20553, 25307, 20856)
(20844, 26010, 21229)
(19694, 24087, 19861)
(21167, 26025, 21314)
(21162, 25992, 21323)
(20533, 25281, 20819)
(19677, 24328, 19844)
(21673, 26468, 21858)
(20551, 25331, 20893)
(20614, 26221, 20996)
(20567, 26247, 20956)
(20845, 25868, 21125)
(19681, 24303, 19884)
(21151, 25406, 21296)
(20823, 26666, 21245)
(21228, 25912, 21411)
(21329, 26627, 21565)
(20540, 25677, 20905)
(20816, 25865, 21111)
(20588, 25802, 20988)
(20822, 25819, 21233)
(20846, 26758, 21225)
(21172, 25977, 21330)
(21197, 25834, 21345)
(21159, 25792, 21319)
(19687, 24650, 19898)
(20604, 25912, 20993)
(20806, 26247, 21128)
(19697, 24394, 19876)
(21180, 25731, 21340)
(20541, 25531, 20908)
(20591, 25615, 20912)
(19677, 24127, 19850)
(20599, 25671, 20985)
(21167, 26306, 21338)
(21136, 25587, 21296)
(21173, 25892, 21329)
(20558, 25793, 20950)
(19695, 24356, 19876)
(21134, 26069, 21292)
(19680, 23799, 19847)
(21192, 25695, 21342)
(19670, 24282, 19836)
(19724, 24671, 19898)
(20853, 26714, 21242)
(20840, 26050, 21216)
(20842, 25972, 21156)
(20823, 26061, 21199)
(21183, 25413, 21337)
(21135, 26233, 21333)
(20525, 25614, 20869)
(20909, 25925, 21305)
(19686, 24441, 19865)
(20813, 25844, 21150)
(20798, 25997, 21129)
(21222, 26574, 21439)
(21216, 26423, 21392)
(21163, 26037, 21362)
(21198, 25726, 21356)
(20827, 25548, 21105)
(19674, 24920, 19858)
(19637, 24110, 19808)
(20567, 25706, 20978)
(20852, 27350, 21241)
(20604, 26476, 21022)
(20529, 25872, 20919)
(20384, 25704, 20566)
(19733, 24252, 19916)
(21644, 26969, 22017)
(21174, 26048, 21360)
(20850, 26080, 21216)
(20595, 25590, 20957)
(20797, 26032, 21116)
(20848, 25761, 21269)
(19694, 24596, 19896)
(20860, 26427, 21295)
(21265, 26004, 21446)
(21189, 26134, 21361)
(21184, 26077, 21338)
(20882, 26144, 21266)
(19691, 24768, 19870)
(19655, 24416, 19869)
(21227, 26559, 21635)
(20851, 25842, 21178)
(20584, 25880, 20909)
(21218, 26456, 21612)
(19650, 23984, 19836)
(19721, 24415, 19897)
(20533, 25709, 20873)
(20571, 25504, 20906)
(20543, 25628, 20853)
(20883, 25997, 21258)
(19702, 24577, 19867)
(20551, 25448, 20867)
(19620, 24038, 19803)
(19715, 24388, 19896)
(20834, 26017, 21147)
(21186, 26052, 21348)
(20594, 26007, 20990)
(19680, 24543, 19849)
(19682, 24075, 19853)
(19681, 24614, 19866)
(20852, 26143, 21229)
(20538, 25568, 20927)
(20587, 25956, 20975)
(19703, 24513, 19875)
(20848, 26188, 21248)
(19657, 23778, 19848)
(21174, 25741, 21339)
(19684, 24211, 19861)
(20555, 25618, 20907)
(20576, 25575, 20904)
(21661, 26052, 21805)
(21176, 25854, 21323)
(19705, 24754, 19882)
(20594, 25569, 20990)
(20606, 25368, 20996)
(20849, 25739, 21259)
(20554, 25536, 20959)
(20570, 26064, 20953)
(20842, 26041, 21236)
(20832, 26062, 21215)
(20557, 25561, 20943)
(21180, 25947, 21387)
(19649, 24239, 19816)
(21211, 26232, 21409)
(21215, 25713, 21369)
(20564, 25395, 20880)
(21148, 25803, 21311)
(21161, 25681, 21327)
(19677, 24146, 19871)
(21158, 25716, 21328)
(19678, 24181, 19877)
(20517, 25633, 20795)
(20367, 25218, 20568)
(20532, 25562, 20896)
(19645, 24252, 19810)
(21129, 25567, 21294)
(19672, 23915, 19833)
(19700, 23895, 19876)
(20586, 25495, 20907)
(20568, 26333, 21001)
(20596, 25709, 20950)
(21146, 25763, 21318)
(20601, 25318, 20925)
(20548, 26056, 20969)
(20849, 26135, 21127)
(19672, 24585, 19852)
(21159, 26220, 21341)
(20592, 25459, 20932)
(20578, 25712, 20990)
(20586, 25656, 21011)
(19695, 24172, 19901)
(19695, 24142, 19864)
(20862, 25838, 21246)
(20548, 24879, 20752)
(21203, 26108, 21356)
(20558, 25884, 20889)
(20581, 26183, 21006)
(20555, 25260, 20877)
(20850, 25989, 21210)
(20553, 25423, 21005)
(20809, 25625, 21109)
(20858, 26278, 21261)
(20840, 25978, 21191)
(21157, 25500, 21310)
(20819, 26068, 21137)
(20838, 25799, 21162)
(20557, 25912, 20929)
(21171, 25635, 21327)
(19662, 24015, 19843)
(20854, 26061, 21203)
(19640, 24300, 19809)
(20533, 25175, 20949)
(21126, 26248, 21292)
(20566, 25792, 20974)
(20586, 25597, 20928)
(20572, 25494, 20956)
(20832, 25632, 21134)
(20837, 25945, 21159)
(20833, 26344, 21224)
(21157, 25776, 21302)
(20565, 25553, 20933)
(21180, 25692, 21324)
(20824, 26180, 21145)
(20836, 25765, 21175)
(20531, 25678, 20935)
(19689, 24171, 19907)
(20582, 25683, 20961)
(20843, 25820, 21205)
(20809, 25940, 21155)
(20561, 25874, 20961)
(21173, 25691, 21329)
(20561, 26050, 20925)
(20841, 25791, 21150)
(20865, 26071, 21224)
(20573, 25542, 20935)
(20842, 26134, 21227)
(20568, 25590, 20889)
(20501, 25789, 20867)
(20841, 26128, 21196)
(21231, 25953, 21408)
(20538, 25675, 20862)
(21156, 25510, 21316)
(19643, 24247, 19827)
(21186, 25681, 21348)
(20885, 26095, 21278)
(20821, 26357, 21144)
(21202, 25871, 21361)
(20598, 26139, 21019)
(20839, 26662, 21223)
(21184, 25922, 21347)
(20568, 25824, 20936)
(19676, 24494, 19878)
(20781, 25569, 21116)
(20811, 25590, 21145)
(20835, 25955, 21238)
(20538, 25916, 20880)
(20525, 25500, 20863)
(20843, 26064, 21235)
(20602, 26318, 20988)
(20568, 26268, 20977)
(21193, 26060, 21339)
(21153, 25476, 21306)
(20835, 25838, 21118)
(19630, 24009, 19783)
(20545, 25763, 20907)
(21179, 26052, 21366)
(20572, 25884, 20936)
(20594, 25915, 20989)
(19728, 24963, 19928)
(21137, 25853, 21301)
(19636, 24275, 19800)
(20880, 25808, 21275)
(20837, 25977, 21211)
(21185, 25584, 21343)
(20820, 25532, 21155)
(20509, 25186, 20829)
(20833, 25835, 21159)
(20807, 26926, 21135)
(21200, 25809, 21372)
(19676, 23915, 19849)
(20847, 25817, 21223)
(20877, 25891, 21244)
(20866, 25893, 21249)
(19644, 24316, 19867)
(19671, 24184, 19837)
(19719, 24525, 19891)
(20825, 26011, 21171)
