(4718, 6633, 4770)
(4921, 8238, 5000)
(4909, 6570, 4978)
(4807, 6267, 4849)
(4826, 7537, 4881)
(4810, 7959, 4864)
(4924, 6645, 5000)
(6358, 10551, 6418)
(4731, 6295, 4780)
(4812, 7223, 4860)
(6208, 8377, 6268)
(4724, 6280, 4775)
(4927, 6768, 4996)
(4705, 6192, 4752)
(4913, 6621, 4979)
(4918, 6892, 4987)
(4990, 6799, 5071)
(4893, 6367, 4964)
(4916, 6925, 4990)
(4911, 6657, 4980)
(4716, 6372, 4766)
(6335, 9261, 6396)
(4923, 7022, 5015)
(4892, 6474, 4958)
(4710, 6203, 4760)
(4812, 6353, 4853)
(4903, 6608, 4973)
(4821, 7595, 4874)
(4736, 7090, 4796)
(4816, 8495, 4879)
(4891, 7909, 4957)
(4802, 6169, 4851)
(4801, 6353, 4846)
(6307, 8159, 6360)
(4908, 6431, 4973)
(4843, 6315, 4884)
(4917, 6554, 4997)
(4818, 6325, 4864)
(4896, 6571, 4966)
(4900, 6586, 4984)
(4752, 6342, 4809)
(4891, 6555, 4961)
(4745, 6493, 4795)
(4803, 6351, 4854)
(4889, 6554, 4958)
(4922, 6732, 5001)
(4709, 6226, 4757)
(4713, 6195, 4762)
(4922, 7644, 4990)
(4907, 6532, 4974)
(4924, 8734, 4993)
(4815, 8127, 4876)
(4915, 6568, 4982)
(6242, 8197, 6296)
(4911, 6636, 4981)
(4923, 6455, 4996)
(4893, 6431, 4959)
(6202, 8225, 6262)
(4744, 6357, 4795)
(4904, 7292, 4980)
(4915, 6703, 4984)
(4908, 6286, 4974)
(6197, 10044, 6257)
(4906, 6678, 4979)
(4919, 6750, 4992)
(6350, 8267, 6414)
(4813, 6580, 4856)
(6360, 8534, 6418)
(4810, 6468, 4863)
(4907, 6753, 4977)
(4913, 6699, 4985)
(7157, 11568, 7250)
(4814, 7817, 4881)
(4899, 6883, 4970)
(4706, 6283, 4753)
(4922, 7572, 5003)
(4909, 8465, 4990)
(4976, 7399, 5126)
(4893, 6799, 4963)
(4811, 6782, 4862)
(4909, 6703, 4976)
(4712, 6640, 4759)
(4823, 7084, 4872)
(4919, 6735, 4992)
(6312, 8879, 6372)
(4703, 6684, 4749)
(6421, 9107, 6502)
(4716, 6406, 4762)
(4895, 6607, 4962)
(6326, 13394, 6420)
(4889, 6699, 4966)
(6313, 15295, 6371)
(4913, 6526, 4987)
(4736, 6125, 4784)
(4905, 13054, 4972)
(6382, 8163, 6443)
(4901, 6428, 4977)
(4910, 6568, 4977)
(4904, 7747, 4973)
(4897, 6452, 4962)
(4891, 6424, 4954)
(4745, 6354, 4794)
(6336, 8033, 6391)
(4925, 6750, 4997)
(4880, 6604, 4937)
(5008, 7659, 5079)
(4720, 6237, 4771)
(7157, 9576, 7248)
(4799, 12735, 4848)
(6312, 8567, 6371)
(5032, 6719, 5108)
(4891, 6478, 4956)
(4920, 6354, 4989)
(4705, 6114, 4750)
(4889, 6832, 4955)
(4917, 6848, 4985)
(4889, 6550, 4955)
(4799, 6522, 4841)
(4737, 6286, 4787)
(4894, 6582, 4959)
(7158, 9390, 7248)
(6187, 7965, 6239)
(4825, 6329, 4871)
(4913, 6731, 4982)
(4894, 6412, 4964)
(4905, 6834, 4971)
(4697, 6207, 4741)
(4891, 6533, 4957)
(4896, 6717, 4966)
(4909, 6519, 4977)
(4793, 6533, 4833)
(4914, 6412, 4982)
(4894, 6669, 4960)
(4885, 6476, 4949)
(4792, 6143, 4835)
(4929, 12491, 5003)
(4795, 6262, 4834)
(4911, 12371, 4982)
(4918, 6589, 4985)
(6312, 8207, 6374)
(4702, 6315, 4749)
(4893, 6631, 4960)
(4799, 6081, 4844)
(4720, 6304, 4765)
(4911, 8167, 5163)
(4924, 6827, 5029)
(4793, 7365, 4837)
(4825, 6398, 4871)
(4923, 6530, 4995)
(4924, 6540, 4992)
(4891, 6451, 4958)
(4886, 6502, 4954)
(4892, 6551, 4962)
(4820, 6337, 4865)
(4877, 6294, 4942)
(6245, 8372, 6306)
(4708, 6171, 4750)
(4894, 11291, 4966)
(4705, 11904, 4753)
(6183, 8177, 6240)
(4725, 11779, 4778)
(4879, 6576, 4944)
(4901, 7807, 4961)
(4712, 7057, 4761)
(4898, 6486, 4958)
(4707, 6197, 4752)
(4905, 7188, 4974)
(4891, 7419, 4958)
(4809, 12492, 4858)
(4840, 6382, 4885)
(4897, 6394, 4965)
(4914, 6490, 4984)
(4701, 7200, 4747)
(4887, 6288, 4952)
(4912, 7732, 4980)
(4892, 7581, 4963)
(6331, 8361, 6387)
(4801, 6450, 4848)
(4889, 6354, 4955)
(4907, 6430, 4973)
(4911, 12462, 4982)
(4878, 6419, 4940)
(4895, 7611, 4966)
(4905, 6521, 4970)
(4893, 12248, 4964)
(4916, 6435, 4983)
(6335, 8277, 6386)
(4891, 7375, 4962)
(4875, 7704, 4939)
(4901, 7240, 4968)
(4917, 6568, 4986)
(6331, 8372, 6390)
(6336, 8246, 6389)
(4880, 6334, 4943)
(4908, 6537, 4978)
(4913, 6530, 4978)
(4697, 6154, 4741)
(4710, 6221, 4756)
(4892, 6402, 4961)
(4713, 6088, 4761)
(6186, 9162, 6245)
(4702, 7033, 4748)
(4887, 6599, 4953)
(4892, 6542, 4957)
(6319, 8401, 6374)
(4895, 6317, 4960)
(4910, 6511, 4976)
(4893, 13113, 4963)
(4910, 6870, 4982)
(6327, 8233, 6384)
(4913, 6628, 4980)
(4897, 6575, 4968)
(4906, 6496, 4973)
(4895, 6517, 4965)
(4896, 6628, 4961)
(4794, 6351, 4834)
(4791, 6286, 4829)
(4887, 6635, 4951)
(4913, 6383, 4977)
(4900, 7486, 4966)
(4912, 6580, 4977)
(4897, 6496, 4960)
(4900, 6371, 4963)
(4895, 6328, 4962)
(4702, 6151, 4745)
(4900, 6480, 4965)
(4912, 6587, 4981)
(6247, 8163, 6304)
(6193, 7965, 6246)
(6210, 8231, 6268)
(4922, 6712, 4996)
(4814, 6361, 4865)
(4925, 6612, 5003)
(4910, 6312, 4975)
(4701, 6327, 4748)
(4910, 6462, 4981)
(4806, 6278, 4847)
(4893, 6436, 4959)
(4704, 6391, 4754)
(4888, 7491, 4952)
(4889, 6424, 4956)
(4897, 6441, 4966)
(4892, 6170, 4955)
(4902, 6464, 4968)
(4899, 7437, 4966)
(4717, 6157, 4769)
(4702, 6091, 4753)
(4903, 6670, 4969)
(4706, 7003, 4752)
(4891, 13280, 4960)
(4698, 6137, 4740)
(4735, 11502, 4790)
(4899, 7488, 4969)
(4910, 6573, 4977)
(4899, 6378, 4964)
(6207, 7924, 6259)
(4906, 6447, 4970)
(4797, 7176, 4846)
(4702, 6116, 4754)
(4822, 6368, 4870)
(4901, 6418, 4967)
(6201, 8173, 6254)
(4913, 11860, 4985)
(4703, 6167, 4752)
(4890, 6445, 4956)
(4891, 6498, 4955)
(4891, 6399, 4954)
(4700, 11825, 4747)
(4910, 6423, 4979)
(6219, 8220, 6277)
(4910, 6445, 4975)
(4912, 6545, 4978)
(4910, 6550, 4974)
(6348, 8215, 6407)
(4800, 6326, 4840)
(4735, 6258, 4789)
(6349, 8274, 6408)
(4909, 6506, 4984)
(4837, 6283, 4887)
(4893, 6582, 4963)
(6202, 15217, 6257)
(4901, 6469, 4967)
(6134, 8014, 6193)
(6229, 8057, 6287)
(4804, 6315, 4848)
(6198, 8269, 6266)
(4909, 6475, 4978)
(4898, 13154, 4966)
(4708, 6152, 4754)
(4888, 6508, 4954)
(4892, 6434, 4959)
(4739, 6229, 4788)
(4922, 6562, 4989)
(4877, 6405, 4941)
(4905, 6487, 4972)
(4914, 6560, 4983)
(4738, 6382, 4790)
(4908, 6433, 4980)
(4886, 6604, 4949)
(6212, 8026, 6270)
(4893, 6350, 4951)
(4899, 6356, 4968)
(4913, 6585, 4989)
(4884, 6526, 4951)
(4879, 6474, 4939)
(4895, 6285, 4965)
(4909, 6341, 4980)
(4708, 6221, 4758)
(4891, 6507, 4962)
(4839, 7523, 4885)
(4890, 6603, 4958)
(4813, 6275, 4862)
(4812, 6362, 4854)
(4828, 6574, 4876)
(4918, 6569, 4988)
(4828, 6515, 4874)
(4730, 7161, 4778)
(4906, 7928, 4973)
(6335, 8290, 6393)
(4894, 6800, 4964)
(4888, 6572, 4962)
(5013, 6809, 5100)
(4905, 6520, 4973)
(4815, 12189, 4865)
(4730, 6093, 4779)
(6333, 9733, 6392)
(6175, 9335, 6229)
(4877, 6573, 4943)
(6228, 8066, 6283)
(4807, 7640, 4849)
(4809, 12387, 4854)
(4914, 7338, 4984)
(4906, 7580, 4971)
(4896, 6565, 4965)
(4894, 6307, 4965)
(4792, 6207, 4833)
(4889, 6499, 4955)
(4901, 6439, 4969)
(4793, 6288, 4831)
(4888, 6472, 4947)
(4903, 6558, 4967)
(4896, 6382, 4964)
(4915, 6600, 4984)
(4913, 6341, 4982)
(4924, 6676, 4992)
(4798, 6265, 4839)
(4904, 6601, 4967)
(4702, 6202, 4746)
(4897, 6643, 4968)
(4744, 6370, 4798)
(4893, 6562, 4959)
(4894, 11970, 4961)
(6331, 8267, 6392)
(6334, 8354, 6399)
(6317, 8091, 6370)
(4918, 6686, 4992)
(6348, 9786, 6402)
(4909, 6522, 4978)
(4798, 6250, 4844)
(6341, 8164, 6401)
(6810, 8992, 6861)
(4878, 6332, 4935)
(4869, 6301, 4929)
(4802, 6284, 4846)
(6333, 8246, 6387)
(4792, 6244, 4834)
(4706, 6182, 4754)
(4894, 11971, 4964)
(4892, 7691, 4962)
(6346, 8227, 6403)
(4911, 6473, 4983)
(4893, 6473, 4963)
(4896, 6459, 4962)
(4741, 6131, 4793)
(4833, 6317, 4877)
(4709, 6113, 4758)
(4888, 6446, 4957)
(4874, 6363, 4937)
(4791, 6306, 4831)
(4906, 6497, 4970)
(4919, 6527, 4987)
(4846, 6213, 4892)
(4901, 6711, 4966)
(6219, 8285, 6278)
(4889, 6548, 4958)
(4911, 6564, 4983)
(4918, 6581, 4989)
(6208, 8018, 6265)
(6209, 8182, 6264)
(4894, 6455, 4960)
(4723, 6264, 4770)
(4908, 6510, 4974)
(4892, 6564, 4958)
(4896, 6588, 4962)
(6186, 7936, 6243)
(4885, 6575, 4959)
(4891, 6417, 4961)
(4886, 6591, 4948)
(4884, 6445, 4953)
(4909, 6541, 4976)
(4907, 6530, 4975)
(4910, 6606, 4980)
(4899, 6689, 4970)
(6338, 8421, 6395)
(4704, 6211, 4754)
(4913, 6625, 4983)
(4912, 6533, 4983)
(6325, 8258, 6384)
(6317, 15706, 6377)
(4727, 12199, 4781)
(4886, 6572, 4954)
(4895, 6333, 4961)
(4895, 11725, 4966)
(4888, 6515, 4953)
(4798, 6293, 4844)
(4890, 6439, 4952)
(4889, 6403, 4954)
(4896, 6355, 4963)
(4900, 6425, 4967)
(4888, 6341, 4954)
(4893, 6560, 4957)
(4811, 12697, 4855)
(4799, 6118, 4845)
(4895, 6473, 4966)
(4897, 6353, 4966)
(4899, 6450, 4964)
(4787, 6169, 4830)
(4893, 7950, 4960)
(4911, 6479, 4983)
(4727, 6398, 4779)
(4910, 6491, 4977)
(4891, 6327, 4959)
(4700, 6196, 4745)
(4737, 6305, 4787)
(4895, 6505, 4962)
(4889, 6502, 4954)
(4909, 6402, 4974)
(4897, 6595, 4970)
(4800, 6433, 4842)
(4800, 6407, 4841)
(6201, 8026, 6259)
(4877, 6469, 4940)
(6317, 8221, 6377)
(4802, 6369, 4849)
(6214, 8212, 6268)
(4799, 6236, 4841)
(4804, 6245, 4856)
(4891, 6525, 4960)
(4700, 6091, 4745)
(4895, 6643, 4962)
(7213, 18206, 7302)
(4907, 6591, 4973)
(4912, 12004, 4983)
(4909, 7744, 4980)
(4904, 6590, 4970)
(4802, 12586, 4847)
(4905, 7198, 4975)
(4738, 6296, 4786)
(4893, 6367, 4962)
(4812, 6389, 4862)
(6338, 7995, 6398)
(4903, 6616, 4966)
(4805, 12802, 4857)
(4888, 6470, 4955)
(4890, 6541, 4955)
(4888, 6545, 4955)
(4887, 6395, 4954)
(4830, 6504, 4878)
(4894, 11970, 4965)
(4893, 12756, 4963)
(6315, 8223, 6369)
(4883, 6421, 4948)
(6267, 8010, 6326)
(6300, 8183, 6358)
(4905, 6372, 4973)
(4897, 6425, 4959)
(4734, 6300, 4785)
(4906, 6515, 4971)
(4901, 6576, 4970)
(6215, 8165, 6274)
(4732, 6250, 4782)
(4909, 6504, 4974)
(4808, 12444, 4858)
(4918, 12785, 4989)
(4912, 6623, 4977)
(4903, 6530, 4968)
(6303, 8241, 6361)
(4912, 6704, 4984)
(4911, 13285, 4979)
(4708, 10870, 4758)
(4890, 6620, 4951)
(4903, 6628, 4975)
(4895, 6402, 4964)
(4908, 12222, 4982)
(6231, 8389, 6298)
(4851, 11865, 4915)
(6298, 8320, 6351)
(4906, 6643, 4972)
(4907, 12578, 4973)
(4799, 6380, 4842)
(4903, 6624, 4968)
(4895, 6513, 4965)
(4891, 6478, 4959)
(4897, 10876, 4973)
(4717, 12715, 4770)
(4906, 6563, 4976)
(4923, 12296, 4993)
(6310, 8447, 6370)
(4702, 6232, 4752)
(4703, 6227, 4752)
(4805, 6283, 4848)
(4894, 6674, 4960)
(4913, 6647, 4982)
(4796, 6425, 4839)
(4698, 6117, 4743)
(4712, 6138, 4759)
(4697, 5898, 4742)
(4798, 6361, 4839)
(4914, 11939, 4982)
(4802, 6166, 4858)
(4911, 6564, 4982)
(4913, 6618, 4983)
(6202, 8120, 6255)
(4910, 6501, 4977)
(4909, 6633, 4977)
(4725, 6279, 4774)
(4908, 6437, 4979)
(4911, 6542, 4986)
(4901, 6603, 4968)
(6179, 9615, 6237)
(4912, 7647, 4984)
(4918, 6745, 4989)
(4904, 7622, 4971)
(4835, 6545, 4904)
(4827, 6509, 4873)
(4702, 6275, 4747)
(4905, 6585, 4969)
(6307, 9749, 6383)
(4817, 6383, 4861)
(6228, 8124, 6288)
(6327, 9911, 6384)
(4889, 6456, 4952)
(4798, 6449, 4844)
(4892, 6618, 4958)
(4895, 12770, 4963)
(4798, 11943, 4847)
(4898, 6693, 4968)
(4886, 6464, 4947)
(4801, 11562, 4850)
(6315, 8229, 6373)
(4917, 7492, 4985)
(4929, 6548, 4997)
(4903, 7719, 4972)
(4918, 6663, 4993)
(4710, 6470, 4762)
(6336, 8178, 6390)
(6239, 8294, 6303)
(4895, 7486, 4966)
(4704, 6203, 4750)
(4790, 6197, 4830)
(4907, 6358, 4975)
(4846, 6498, 4898)
(4798, 11942, 4844)
(4923, 11388, 4989)
(6323, 8177, 6381)
(4807, 6584, 4851)
(4896, 6523, 4960)
(4905, 6745, 4971)
(4905, 6481, 4970)
(4797, 6340, 4843)
(4800, 6313, 4845)
(4795, 6182, 4837)
(6306, 8442, 6368)
(6225, 15600, 6285)
(4905, 6670, 4979)
(4908, 6685, 4977)
(4825, 6411, 4872)
(4912, 6700, 4978)
(4890, 6471, 4962)
(6355, 8268, 6412)
(6318, 8256, 6375)
(4913, 6719, 4983)
(4882, 6296, 4946)
(4913, 14152, 4981)
(6305, 8208, 6362)
(4894, 6642, 4967)
(4894, 6540, 4960)
(4891, 6583, 4962)
(4736, 11985, 4788)
(4810, 13410, 4862)
(6189, 8213, 6246)
(4881, 7536, 4945)
(6333, 9554, 6391)
(4708, 11594, 4758)
(4719, 6144, 4768)
(4896, 6635, 4962)
(4799, 6218, 4846)
(6193, 8237, 6251)
(4907, 6570, 4976)
(4798, 6327, 4844)
(4890, 6365, 4958)
(4895, 6660, 4964)
(4907, 6742, 4973)
(4898, 6569, 4964)
(4912, 6647, 4981)
(6316, 8120, 6370)
(4904, 7328, 4969)
(4907, 6492, 4981)
(6352, 8388, 6413)
(4800, 11882, 4847)
(4894, 6533, 4966)
(4904, 6767, 4973)
(6304, 8266, 6362)
(4822, 6480, 4874)
(4895, 6474, 4959)
(4915, 7432, 4986)
(4893, 6439, 4964)
(4900, 6625, 4964)
(4877, 6477, 4943)
(4931, 7899, 5012)
(4797, 6644, 4844)
(4910, 6682, 4982)
(4906, 6611, 4973)
(6220, 8256, 6276)
(4834, 6331, 4879)
(4908, 6752, 4974)
(4926, 11868, 4994)
(4917, 13511, 4989)
(4816, 12777, 4867)
(4912, 7717, 4981)
(4705, 6275, 4754)
(4703, 6354, 4748)
(4746, 6556, 4795)
(6204, 9558, 6264)
(4875, 6419, 4935)
(4910, 6583, 4982)
(4703, 6289, 4748)
(4742, 6289, 4794)
(6322, 8284, 6382)
(4864, 7741, 4919)
(4891, 7795, 4956)
(4740, 6216, 4789)
(4918, 7705, 4989)
(4906, 6453, 4970)
(4915, 12487, 4986)
(4709, 6195, 4751)
(4705, 6190, 4753)
(4827, 6280, 4875)
(4803, 6261, 4850)
(4827, 6236, 4872)
(4902, 11970, 4975)
(4703, 7443, 4752)
(4800, 11985, 4845)
(6208, 8203, 6262)
(4800, 6100, 4847)
(4894, 6618, 4960)
(4905, 6552, 4974)
(4892, 13128, 4961)
(4796, 6201, 4841)
(4824, 6514, 4872)
(4910, 12962, 4977)
(4913, 7613, 4983)
(4913, 13497, 4983)
(6353, 16043, 6412)
(6312, 16094, 6373)
(4931, 6715, 5009)
(4792, 6410, 4834)
(4915, 6563, 4992)
(4894, 6301, 4960)
(4749, 6179, 4803)
(4704, 6287, 4749)
(4701, 6289, 4748)
(4798, 6335, 4842)
(4828, 6836, 4912)
(4828, 6391, 4876)
(4739, 6350, 4788)
(6788, 8927, 6841)
(6318, 8282, 6377)
(4801, 6484, 4846)
(4890, 6314, 4960)
(4905, 6544, 4972)
(4927, 6755, 5000)
(4839, 6379, 4890)
(4898, 6455, 4961)
(4698, 6018, 4745)
(4888, 6557, 4959)
(4838, 6478, 4887)
(6177, 8129, 6232)
(4890, 6398, 4961)
(6231, 8128, 6286)
(4894, 6466, 4963)
(4907, 6535, 4972)
(7203, 9531, 7297)
(6299, 8167, 6351)
(4906, 6428, 4973)
(4922, 6682, 4993)
(6197, 8196, 6251)
(6233, 8362, 6288)
(4920, 6540, 4992)
(4826, 11978, 4874)
(4808, 6300, 4851)
(4741, 6321, 4795)
(4711, 6180, 4763)
(4894, 6686, 4959)
(4897, 6545, 4964)
(4902, 7646, 4969)
(6226, 9850, 6281)
(4893, 7700, 4962)
(4911, 6576, 4978)
(4910, 6519, 4982)
(4895, 6572, 4966)
(6179, 8356, 6237)
(4912, 6678, 4982)
(4893, 6590, 4960)
(4703, 6063, 4751)
(4801, 11680, 4846)
(4897, 6730, 4968)
(6233, 8275, 6289)
(4909, 6664, 4979)
(4712, 6138, 4758)
(4810, 7493, 4857)
(4704, 7044, 4749)
(4919, 7723, 4992)
(4912, 7712, 4987)
(4920, 7641, 4987)
(4894, 7584, 4965)
(4916, 7578, 4982)
(4798, 7214, 4844)
(4731, 7333, 4778)
(4891, 6498, 4960)
(4742, 6312, 4796)
(4806, 6253, 4857)
(6250, 8142, 6307)
(4912, 6591, 4981)
(4909, 6582, 4979)
(4799, 7211, 4845)
(4800, 7520, 4842)
(6366, 8212, 6425)
(4894, 6597, 4958)
(6222, 8161, 6283)
(4917, 6721, 4981)
(4789, 6209, 4830)
(4899, 6451, 4971)
(4811, 11903, 4871)
(4894, 6552, 4960)
(4932, 6636, 5004)
(4898, 6470, 4963)
(6303, 8494, 6359)
(4906, 7437, 4973)
(4704, 6286, 4753)
(4887, 6424, 4953)
(4909, 6492, 4974)
(4916, 6425, 4984)
(4898, 6456, 4968)
(4713, 6276, 4759)
(4765, 6479, 4814)
(4801, 6359, 4844)
(4794, 6177, 4835)
(4908, 6485, 4981)
(4889, 6518, 4959)
(4899, 12162, 4973)
(4892, 6384, 4961)
(4893, 7245, 4958)
(4907, 6547, 4971)
(4890, 7503, 4960)
(4913, 7575, 4986)
(4901, 6771, 4972)
(4826, 11271, 4878)
(6307, 9705, 6365)
(4894, 6313, 4965)
(4908, 6796, 4976)
(4896, 7667, 4962)
(4889, 6338, 4954)
(4918, 6590, 4989)
(4906, 6579, 4973)
(4731, 6200, 4776)
(4710, 6225, 4757)
(4911, 6640, 4982)
(6352, 8403, 6412)
(6365, 8338, 6424)
(4895, 6421, 4965)
(4904, 12823, 4975)
(4914, 6639, 4983)
(4798, 6571, 4844)
(4723, 7155, 4775)
(6348, 8401, 6407)
(4909, 6554, 4980)
(4895, 6568, 4966)
(4891, 12137, 4961)
(4910, 6755, 4978)
(4895, 6487, 4960)
(4736, 6384, 4790)
(4906, 6476, 4973)
(4910, 6545, 4981)
(4913, 6479, 4978)
(4902, 6474, 4971)
(4897, 7649, 4967)
(4882, 6397, 4945)
(4827, 12033, 4878)
(4923, 7319, 4989)
(4896, 7641, 4968)
(4913, 7441, 4981)
(4702, 6821, 4747)
(6243, 9045, 6314)
(4803, 6416, 4854)
(4706, 6365, 4753)
(6325, 8335, 6381)
(4704, 6135, 4756)
(4910, 7719, 4978)
(4897, 7420, 4968)
(4905, 6319, 4971)
(4821, 6325, 4873)
(4800, 7471, 4850)
(4790, 6248, 4831)
(4890, 7227, 4959)
(4801, 7540, 4848)
(4912, 6472, 4982)
(4697, 6067, 4741)
(4901, 7503, 4973)
(6178, 8094, 6231)
(4908, 6551, 4978)
(4920, 6680, 4988)
(4703, 7118, 4750)
(4702, 6686, 4753)
(4905, 6384, 4974)
(6198, 8459, 6250)
(6201, 8372, 6258)
(4912, 6580, 4985)
(4724, 11784, 4772)
(4890, 6586, 4961)
(4928, 6696, 4997)
(4894, 6614, 4961)
(7199, 9448, 7294)
(4912, 6538, 4978)
(4910, 6602, 4978)
(4912, 7600, 4979)
(4894, 6470, 4960)
(4889, 7877, 4959)
(4911, 7781, 4981)
(4912, 6555, 4984)
(4893, 6693, 4963)
(6328, 9573, 6385)
(4893, 7626, 4958)
(4910, 7960, 4980)
(4891, 6559, 4959)
(4907, 6638, 4975)
(4904, 7675, 4974)
(4808, 6445, 4856)
(4910, 13481, 4981)
(6329, 9582, 6385)
(4888, 6553, 4954)
(4890, 6457, 4955)
(4896, 6511, 4969)
(4914, 12507, 4985)
(4910, 6352, 4976)
(4916, 6551, 4985)
(4894, 6507, 4957)
(4903, 6721, 4970)
(6294, 8179, 6347)
(4754, 6566, 4818)
(4894, 6432, 4964)
(4702, 6218, 4751)
(4806, 6336, 4856)
(4919, 6626, 4991)
(4909, 6467, 4983)
(6180, 7977, 6231)
(6194, 8047, 6247)
(4888, 6639, 4954)
(6117, 7964, 6171)
(4907, 6534, 4979)
(6224, 8136, 6284)
(4910, 6608, 4976)
(4717, 6181, 4763)
(4898, 6499, 4970)
(4902, 6978, 4971)
(4704, 6261, 4750)
(6317, 8165, 6373)
(4892, 6353, 4962)
(4916, 6728, 4983)
(4911, 6539, 4979)
(4892, 6256, 4962)
(4715, 6232, 4763)
(4916, 6702, 4985)
(5029, 8833, 5113)
(4913, 6478, 4984)
(4896, 6500, 4971)
(6373, 8443, 6431)
(4932, 12361, 5004)
(4887, 6423, 4953)
(4695, 11814, 4741)
(4916, 6647, 4987)
(4907, 6696, 4966)
(6346, 8401, 6404)
(4898, 6505, 4965)
(4912, 6661, 4978)
(4889, 6291, 4950)
(4891, 6405, 4955)
(4713, 6526, 4760)
(4715, 11212, 4768)
(4904, 6530, 4968)
(4700, 6226, 4747)
(4905, 6470, 4971)
(4900, 6857, 4966)
(4707, 6135, 4751)
(4892, 6468, 4959)
(4897, 6428, 4965)
(4890, 11701, 4954)
(4738, 6235, 4789)
(4908, 6629, 4976)
(4906, 7679, 4972)
(4708, 7515, 4761)
(6191, 15679, 6250)
(4703, 7239, 4752)
(4913, 6680, 4985)
(4908, 6472, 4977)
(4893, 6423, 4961)
(4732, 6233, 4779)
(4801, 6507, 4854)
(4906, 6493, 4973)
(4895, 6512, 4967)
(4964, 6837, 5042)
(6208, 8105, 6266)
(4905, 6612, 4980)
(4804, 6299, 4845)
(4894, 6300, 4960)
(4728, 6109, 4773)
(4801, 6043, 4842)
(4835, 6480, 4881)
(4890, 7609, 4959)
(4905, 6666, 4973)
(4906, 6619, 4973)
(4923, 6618, 4993)
(4800, 7415, 4846)
(4827, 6313, 4870)
(4896, 6977, 4965)
(4905, 6485, 4972)
(4802, 6338, 4843)
(6183, 8072, 6235)
(4913, 6362, 4979)
(4911, 6509, 4981)
(6254, 8218, 6311)
(4892, 6499, 4961)
(4710, 6331, 4758)
(4890, 6526, 4957)
(4916, 6546, 4986)
(6345, 8209, 6405)
(4703, 11941, 4751)
(4906, 6599, 4972)
(4708, 11917, 4755)
(4911, 6489, 4978)
(4800, 6458, 4844)
(6197, 8134, 6250)
(4894, 6293, 4965)
(4894, 6483, 4964)
(4913, 6592, 4981)
(6329, 8195, 6384)
(4706, 6128, 4756)
(4843, 6456, 4894)
(4890, 6515, 4956)
(4916, 6659, 4987)
(4808, 6575, 4853)
(4887, 6327, 4952)
(4887, 6495, 4952)
(6184, 7850, 6237)
(4900, 6572, 4971)
(4907, 6473, 4978)
(4905, 6551, 4976)
(4894, 6384, 4957)
(4791, 6290, 4833)
(6325, 9498, 6380)
(5033, 11284, 5111)
(4911, 7757, 4983)
(4708, 6508, 4754)
(4859, 6643, 4913)
(4710, 6234, 4756)
(6339, 8556, 6397)
(6340, 8077, 6398)
(4707, 6269, 4757)
(4738, 6247, 4784)
(4897, 6262, 4959)
(4909, 13482, 4982)
(4887, 6380, 4954)
(4907, 6609, 4973)
(4894, 6539, 4966)
(4912, 6659, 4978)
(4912, 6494, 4980)
(4711, 6250, 4760)
(4912, 11472, 4979)
(4800, 6380, 4842)
(4713, 6140, 4761)
(4813, 6263, 4861)
(4816, 6156, 4862)
(4911, 6509, 4977)
(4902, 6472, 4967)
(4909, 6497, 4979)
(4895, 6598, 4961)
(4891, 6673, 4960)
(4733, 6417, 4785)
(4891, 6214, 4954)
(4909, 11640, 4984)
