52843
33164
29100
31614
33198
32428
33762
43344
32488
35225
42957
32315
32992
33697
33187
35977
35164
30984
29953
36999
33701
34297
34852
35221
34014
34089
34969
32368
30002
33441
29761
34508
29216
47569
35171
33511
33368
31076
33061
34271
33535
34738
32841
31879
33263
29748
30601
31299
33877
33693
46489
34207
38551
35951
35492
29556
35517
31085
35518
33236
32481
35689
44442
31723
33271
31276
29513
43985
31266
43452
35766
44116
34264
29285
30595
29704
33631
33292
34485
36759
33244
33121
44847
37246
44073
30405
54859
30904
30232
42980
34632
41566
35735
29258
35487
42156
33714
29171
34259
36265
30079
37095
43549
36373
30873
33307
37410
30971
33948
46560
32891
36971
34950
33585
30239
29998
30499
35955
43127
32276
44248
36321
33124
35468
33328
33310
34131
31014
32466
36402
36292
29530
31548
40452
29769
35770
30729
33905
29544
33126
35849
33814
33289
32047
36276
34109
35011
35924
31075
33328
37031
47807
31809
42055
30905
31619
30763
38772
31511
44578
34272
34688
31664
30953
31007
35525
33624
31797
31849
49404
35292
37366
34447
35286
31223
36637
38781
34219
31602
30797
30674
30078
29783
30869
29979
36224
29901
30154
36990
36033
35349
42581
33316
35394
31068
31020
42862
41938
36135
31612
32419
36616
33148
41910
42525
30570
37231
30326
33475
35938
30192
35865
31288
32861
35659
31115
29929
36281
30603
31109
36500
37922
31214
30494
31732
31399
34886
30234
30667
35238
29180
29465
29545
34080
33022
33483
30158
35310
33785
36826
36009
37656
33447
41529
33306
31454
30620
33958
37847
34646
33805
29840
33797
35264
31112
44232
36571
31517
34392
31904
30375
30732
36725
32654
31201
38910
32349
32553
31315
48088
32494
31204
30836
36233
43218
34753
36499
30620
45135
30178
42733
31149
31433
31692
36721
30926
31804
30747
38293
32701
33097
31020
33383
31856
30201
35730
44779
36760
33212
32520
35102
32662
35719
34800
32425
32854
34945
34804
33982
36905
32164
44215
30358
31302
36501
33997
34462
32462
34343
33587
48342
35163
35204
32650
30612
33175
46352
35299
44278
33832
32765
36636
34996
33360
31693
29906
34445
35535
40413
34204
31806
39479
30622
29980
34917
32749
35204
30483
34435
32576
34167
35884
44651
47811
33308
43842
33389
33298
34221
35279
61655
35473
28981
29322
35381
43281
44835
30064
39209
32881
31872
36988
33614
43763
35330
43631
30810
30039
30481
31826
34701
33649
33439
33680
33086
29538
33970
31391
34999
31122
29326
34573
30751
33840
41697
35735
30171
34343
33471
48840
41165
35220
33598
33612
39025
33546
38206
32206
45319
29698
33939
34090
36915
30908
48618
34609
31487
34307
31509
35565
30620
32473
31778
33565
32449
35185
35993
30025
36078
33555
40847
29991
30295
35600
30194
29637
30559
35617
34304
30134
52658
31234
44211
29920
44132
45581
48927
30245
35467
30316
32895
34509
32774
32347
34149
43373
32674
34096
32478
34076
44852
33157
37461
30972
31738
36413
34127
34286
29627
32732
49794
35186
48939
44189
30927
43764
32987
33985
31833
32301
33653
32284
36954
32606
34715
33653
35413
34729
33874
34039
31756
36935
30468
33631
43552
35183
33907
31203
30255
31249
30818
33987
30477
30561
35391
34926
30707
44356
31134
36887
36501
37110
33399
43148
35715
45323
30015
51941
32921
42079
30392
32563
34377
30709
30353
30195
35509
31327
30319
43694
34828
35935
37496
36309
36023
31101
33997
47104
31706
30527
33156
35737
32512
29095
33199
30050
33296
37497
31875
32099
30921
30620
30663
36314
32132
41875
48094
30931
34461
35126
42872
32589
30841
38040
42622
31192
33062
36518
33216
34397
35421
38045
32011
31288
30293
32959
31486
34794
44151
30769
42112
34755
30412
30609
43118
31305
30123
31278
31980
30542
30019
30218
32357
31658
35969
31777
31425
32791
34281
43351
34912
37535
33313
31559
36492
31784
32412
31692
35165
31919
30549
29874
35845
30096
30674
35872
29645
34224
32400
33550
33369
34299
36755
31331
33545
33426
35725
42189
32584
29561
44380
33901
33935
48157
30795
36214
37470
35650
30978
29824
33993
34574
39717
29400
35412
29315
33174
33613
31419
33395
34789
32602
37203
33826
34890
32583
31423
34371
38994
34804
37306
33934
33425
36127
32301
32250
35287
29080
33009
38323
29877
30589
30373
36365
32619
50145
33405
64933
63742
35667
33180
30338
44831
29989
35686
33187
32918
30595
29368
36355
30908
33024
49037
43227
33501
33243
32829
35388
33764
34852
32705
31575
33084
39162
33995
33783
33727
29900
30185
33717
33035
45651
34746
33190
34558
34118
35548
41833
42170
29616
33274
30757
34163
39529
30138
29269
33644
31329
43473
34539
42173
35547
33885
34100
29579
35362
34035
33553
33894
47777
33086
35511
35358
45796
33301
33676
30477
48189
34423
30441
33454
33088
35388
33668
33809
33953
30791
31548
33759
34455
41331
33806
35803
29782
32864
33831
33548
31331
47985
33812
30571
30147
33112
35811
34323
29307
34474
33030
49052
31607
30721
33652
30046
33718
30117
44770
34191
29542
30856
30635
32777
53157
31205
31897
33581
34716
34424
41417
44417
35727
35015
34417
34179
43859
35403
31807
38400
31619
35763
35917
34655
33494
35342
61068
31278
35722
32345
30032
35554
32334
30528
33591
33634
38219
33640
35508
33537
34031
33248
33700
30235
30879
33840
29708
32607
30723
34343
32497
33722
30080
30638
42807
33145
39844
30776
33108
34692
31448
42633
32171
30714
29350
36127
33752
29767
37109
34494
29323
30604
30440
32589
33976
34849
48323
36652
32753
49657
42621
31602
30389
35428
33915
36244
35447
34017
29885
32960
35687
36353
35879
34086
36442
31145
29941
33975
30566
45450
33767
31136
36354
29619
31054
34280
33412
35274
30510
35672
45503
34087
30172
32442
35110
33568
35096
31049
33194
32856
33527
32112
34218
35165
35959
30037
31030
34462
35779
42002
44787
34285
30597
29545
33568
34005
33842
33667
29808
34040
41764
33369
36717
35810
32765
42911
40636
33389
30947
33391
42725
33236
34360
41812
31694
32757
30100
32902
43252
30962
29974
31087
34536
32829
30023
34974
32966
33297
33146
33944
32314
32307
32820
30372
29187
29812
33522
30917
35036
36600
37300
43919
53392
33907
35455
29890
30502
30714
30639
48885
30417
29798
30557
33360
32665
33902
35134
36520
33882
38693
41529
34434
33596
29819
32767
33093
33980
30034
35466
31399
35158
33792
36037
