(19525, 26763, 19773, 68126)
(19763, 29203, 20015, 68072)
(19598, 42470, 19964, 68058)
(19479, 28237, 19699, 68114)
(19535, 30548, 19782, 68074)
(19522, 26525, 19762, 68111)
(19891, 30500, 20224, 68161)
(19665, 27111, 19923, 68124)
(19733, 26179, 19984, 68141)
(19843, 26756, 20092, 68116)
(19543, 30005, 19782, 68108)
(19450, 27802, 19701, 68079)
(19642, 30307, 19897, 68140)
(19643, 28546, 19897, 68153)
(19708, 30583, 19953, 68147)
(28804, 40633, 29087, 99135)
(19551, 31637, 19781, 68126)
(23781, 34749, 24061, 82950)
(19548, 30050, 19801, 68094)
(19694, 31358, 19932, 68136)
(19566, 26050, 19802, 68126)
(19567, 27354, 19801, 68149)
(19784, 30849, 20032, 68087)
(19634, 28891, 19896, 68152)
(19797, 30754, 20054, 68148)
(19428, 27442, 19650, 68112)
(19447, 33678, 19699, 68130)
(19553, 28227, 19800, 68151)
(19598, 26885, 19847, 68106)
(19657, 27027, 19895, 68156)
(19543, 29897, 19786, 68094)
(19446, 27666, 19664, 68152)
(23628, 36293, 23863, 82878)
(19551, 33346, 19798, 68119)
(19650, 29318, 19894, 68180)
(19616, 33240, 19869, 68126)
(19587, 26968, 19832, 68164)
(19470, 27195, 19708, 68146)
(19625, 27900, 19868, 68127)
(19585, 32242, 19829, 68153)
(19700, 27752, 19933, 68053)
(19554, 29702, 19792, 68153)
(19600, 27015, 19852, 68092)
(19579, 33076, 19833, 68121)
(19755, 27265, 20023, 68125)
(19584, 29740, 19848, 68142)
(19721, 32308, 20019, 68130)
(19681, 35261, 19939, 68112)
(20051, 36015, 20433, 68073)
(19750, 26372, 20022, 68072)
(19563, 26224, 19801, 68096)
(19548, 26221, 19785, 68134)
(19575, 26657, 19815, 68105)
(19431, 25727, 19667, 68178)
(19663, 26821, 19908, 68130)
(19604, 26930, 19853, 68130)
(19627, 28016, 19884, 68145)
(19649, 27763, 19901, 68090)
(19936, 26588, 20198, 68133)
(19704, 26508, 19953, 68065)
(19443, 24878, 19681, 68126)
(19552, 27182, 19803, 68086)
(19692, 27270, 19948, 68134)
(19583, 28194, 19830, 68056)
(19423, 26286, 19638, 68123)
(19526, 26416, 19761, 68163)
(19540, 27223, 19776, 68132)
(19939, 31938, 20170, 68044)
(19556, 26083, 19794, 68173)
(19499, 26785, 19727, 68150)
(28248, 42720, 28531, 99225)
(19574, 26644, 19810, 68137)
(19571, 26127, 19808, 68154)
(19542, 29962, 19784, 68160)
(20095, 30480, 20306, 68094)
(19476, 27373, 19697, 68148)
(19604, 27506, 19917, 68110)
(19546, 26227, 19784, 68142)
(19565, 25780, 19803, 68133)
(19735, 27779, 19972, 68123)
(19433, 26301, 19671, 68115)
(19477, 26846, 19718, 68196)
(19498, 25780, 19714, 68128)
(19616, 26197, 19858, 68162)
(19464, 27212, 19707, 68126)
(19501, 26985, 19714, 68126)
(19492, 26892, 19732, 68125)
(19502, 26188, 19744, 68105)
(19598, 26441, 19838, 68093)
(19696, 28281, 19945, 68136)
(19461, 29952, 19685, 68173)
(19715, 29610, 19973, 68111)
(19639, 26670, 19879, 68114)
(19604, 26305, 19841, 68125)
(19492, 26693, 19713, 68126)
(19382, 25967, 19624, 68146)
(19579, 28682, 19835, 68125)
(19566, 26227, 19801, 68129)
(19693, 29806, 19931, 68153)
(19609, 31363, 19861, 68112)
(19560, 26547, 19797, 68139)
(19768, 26125, 20006, 68144)
(19622, 26741, 19857, 68145)
(19861, 26705, 20051, 68070)
(19764, 26737, 20011, 68100)
(19420, 25852, 19659, 68085)
(19711, 26355, 19951, 68130)
(19716, 27547, 19975, 68151)
(19451, 26767, 19681, 68071)
(19557, 26712, 19806, 68150)
(19546, 26694, 19789, 68083)
(19628, 26139, 19860, 68152)
(19458, 29324, 19682, 68166)
(19595, 27829, 19843, 68107)
(19456, 25915, 19696, 68157)
(19721, 28444, 19984, 68093)
(19427, 25692, 19660, 68123)
(19640, 27337, 19904, 68105)
(19565, 26845, 19802, 68138)
(28524, 35791, 28783, 99177)
(19571, 25218, 19806, 68159)
(19641, 27465, 19889, 68134)
(19923, 28790, 20183, 68076)
(19691, 25374, 19928, 68077)
(19620, 26078, 19839, 68124)
(19504, 26995, 19726, 68131)
(19710, 26718, 19967, 68119)
(19500, 26368, 19750, 68138)
(20147, 27475, 20378, 67412)
(19419, 30425, 19666, 68170)
(19506, 25410, 19745, 68156)
(19863, 25697, 20082, 67411)
(19466, 26498, 19685, 68132)
(19910, 28447, 20163, 68143)
(19484, 28244, 19728, 68091)
(19581, 25681, 19829, 68084)
(19470, 25100, 19700, 68143)
(19556, 30682, 19798, 68148)
(19462, 30109, 19682, 68153)
(19652, 26281, 19873, 68079)
(19613, 29431, 19852, 68122)
(19794, 25768, 20043, 68118)
(19873, 25800, 20130, 68102)
(19552, 25567, 19787, 68142)
(19455, 26013, 19705, 68135)
(19548, 24872, 19770, 68110)
(19465, 27811, 19720, 68056)
(19663, 26699, 19893, 68126)
(19446, 28455, 19673, 68149)
(19582, 25151, 19818, 68084)
(19481, 25408, 19698, 68120)
(19715, 26169, 19952, 68141)
(19684, 29855, 19929, 68137)
(19688, 26822, 19927, 68139)
(19580, 28034, 19843, 68153)
(19450, 26251, 19710, 68065)
(19762, 27911, 20009, 68120)
(19456, 27904, 19674, 68149)
(19548, 30204, 19789, 68085)
(19492, 26154, 19730, 68167)
(19433, 27848, 19676, 68112)
(19900, 28536, 20184, 68133)
(19735, 30327, 19975, 68122)
(19475, 26004, 19717, 68134)
(19714, 26305, 19957, 68148)
(19543, 26676, 19790, 68082)
(19524, 26574, 19754, 68129)
(19401, 25485, 19641, 68129)
(19774, 26308, 20012, 68083)
(19564, 26115, 19811, 68156)
(19669, 33992, 19905, 68185)
(19460, 26973, 19698, 68057)
(19568, 29453, 19810, 68152)
(19644, 26106, 19865, 68147)
(19615, 27237, 19857, 68124)
(19865, 27848, 20089, 67466)
(19784, 30430, 20010, 68129)
(19593, 25460, 19827, 68122)
(19660, 25765, 19895, 68155)
(19659, 26269, 19909, 68097)
(19856, 28122, 20110, 68112)
(19870, 26033, 20107, 68129)
(19623, 25406, 19867, 68109)
(19638, 27168, 19888, 68118)
(19519, 26231, 19755, 68103)
(19616, 30829, 19858, 68128)
(19603, 25634, 19839, 68083)
(19399, 25337, 19639, 68080)
(19511, 25721, 19752, 68140)
(19969, 26414, 20220, 68065)
(19595, 25821, 19840, 68141)
(19956, 25924, 20239, 68097)
(19633, 26640, 19875, 68163)
(19459, 25152, 19706, 68144)
(23830, 34478, 24109, 82915)
(23656, 30862, 23903, 82904)
(19564, 26162, 19800, 68131)
(19614, 25337, 19852, 68146)
(19512, 25216, 19752, 68099)
(19939, 25794, 20225, 68119)
(19581, 27196, 19820, 68131)
(19399, 26023, 19648, 68075)
(19602, 25866, 19854, 68104)
(19436, 25896, 19672, 68133)
(20086, 26730, 20301, 68116)
(19625, 26933, 19860, 68135)
(19564, 26681, 19809, 68091)
(19393, 29020, 19636, 68103)
(19471, 25446, 19694, 68122)
(23692, 30317, 23940, 82968)
(24023, 35303, 24299, 82928)
(19963, 26839, 20215, 68148)
(19400, 27976, 19622, 68124)
(19471, 25789, 19684, 68122)
(19680, 25143, 19921, 68154)
(19969, 26716, 20244, 68105)
(19679, 25248, 19917, 68096)
(19643, 25616, 19890, 68105)
(19468, 25937, 19690, 68116)
(19582, 25830, 19840, 68100)
(19608, 25005, 19833, 68138)
(19412, 25641, 19655, 68142)
(19602, 26101, 19834, 68174)
(19821, 25926, 20075, 68132)
(19697, 25856, 19929, 68170)
(19748, 25625, 20007, 68110)
(19930, 26015, 20163, 68117)
(19548, 26086, 19787, 68111)
(19411, 30885, 19657, 68123)
(19584, 26133, 19822, 68119)
(23811, 32711, 24076, 82876)
(19726, 26239, 19988, 68136)
(19731, 26287, 19965, 68121)
(19791, 25722, 20037, 68137)
(19593, 25180, 19847, 68110)
(19595, 25581, 19844, 68112)
(19578, 29917, 19820, 68123)
(19523, 25335, 19741, 68149)
(19559, 25183, 19781, 68143)
(19544, 25034, 19791, 68137)
(19556, 32614, 19820, 68119)
(19925, 26482, 20219, 68105)
(19412, 25340, 19663, 68116)
(19517, 24785, 19761, 68141)
(19472, 28383, 19716, 68134)
(19585, 25281, 19806, 68108)
(19482, 25779, 19697, 68128)
(19548, 26492, 19787, 68133)
(19463, 25013, 19698, 68140)
(19471, 26569, 19713, 68125)
(19453, 28229, 19695, 68134)
(19768, 27396, 19991, 67476)
(19657, 26198, 19899, 68145)
(19764, 27149, 20021, 68097)
(19573, 25740, 19810, 68152)
(19676, 26059, 19926, 68130)
(19602, 26072, 19826, 68146)
(19648, 26398, 19877, 68079)
(19673, 26053, 19914, 68102)
(19640, 26695, 19889, 68129)
(19697, 26411, 19947, 68168)
(20044, 27246, 20347, 68110)
(19471, 25402, 19692, 68131)
(19982, 25494, 20227, 68147)
(19479, 25578, 19703, 68105)
(19568, 26067, 19804, 68127)
(19540, 25563, 19777, 68126)
(19600, 26890, 19835, 68147)
(19559, 26486, 19806, 68112)
(19702, 26055, 19944, 68178)
(19816, 25426, 20053, 68172)
(19449, 26976, 19695, 68139)
(19464, 25072, 19704, 68106)
(19581, 26152, 19811, 68118)
(19356, 28041, 19599, 68070)
(19630, 30524, 19858, 68111)
(19623, 25753, 19874, 68086)
(19556, 26490, 19791, 68134)
(19585, 27552, 19842, 68168)
(19553, 26744, 19813, 68117)
(19456, 26429, 19674, 68075)
(19722, 27576, 19970, 68120)
(19714, 26623, 19952, 68110)
(19585, 26671, 19813, 68124)
(19635, 26368, 19860, 68145)
(19499, 25710, 19737, 68134)
(19753, 25964, 20003, 68084)
(20016, 30278, 20293, 68148)
(19412, 25159, 19642, 68038)
(19611, 25178, 19853, 68129)
(19424, 26272, 19664, 68104)
(19634, 27363, 19885, 68155)
(19827, 26788, 20063, 68132)
(20037, 26655, 20289, 68170)
(19525, 26109, 19766, 68122)
(19421, 26451, 19673, 68166)
(19445, 26353, 19687, 68161)
(19468, 26949, 19681, 68094)
(24127, 32171, 24393, 82133)
(19662, 26831, 19887, 68130)
(23681, 30926, 23928, 82950)
(19764, 26790, 20003, 68138)
(19810, 25801, 20033, 68124)
(19556, 27324, 19810, 68154)
(19538, 26427, 19785, 68100)
(19529, 26090, 19743, 68103)
(19607, 26599, 19852, 68114)
(19613, 26168, 19854, 68129)
(19579, 25964, 19817, 68131)
(19563, 26884, 19812, 68112)
(19440, 27140, 19680, 68109)
(19464, 26042, 19688, 68121)
(19474, 25846, 19714, 68158)
(19583, 27041, 19825, 68181)
(19626, 26517, 19871, 68113)
(19580, 26535, 19817, 68124)
(19420, 26101, 19644, 68110)
(19485, 26026, 19715, 68119)
(19542, 26265, 19777, 68087)
(19872, 28830, 20136, 68105)
(19559, 26304, 19797, 68139)
(23997, 32361, 24303, 82071)
(19633, 25960, 19868, 68156)
(19624, 26813, 19855, 68134)
(19723, 27151, 19959, 68138)
(19664, 26647, 19923, 68117)
(19801, 26685, 20050, 68110)
(19601, 26375, 19849, 68097)
(19583, 26707, 19826, 68159)
(20094, 30663, 20307, 68099)
(19882, 30168, 20145, 68166)
(19832, 27103, 20071, 68095)
(20033, 27877, 20292, 68129)
(19512, 26156, 19734, 68155)
(19546, 25754, 19791, 68148)
(19630, 29471, 19881, 68114)
(19521, 25731, 19736, 68156)
(19774, 30007, 20036, 68122)
(19963, 27172, 20233, 68149)
(19421, 29808, 19650, 68146)
(23636, 33251, 23878, 82899)
(19527, 25397, 19749, 68138)
(19506, 25865, 19725, 68117)
(19522, 26553, 19741, 68127)
(19681, 29786, 19943, 68116)
(20060, 28265, 20351, 68134)
(19826, 26760, 20078, 68119)
(19591, 26405, 19838, 68136)
(19883, 27881, 20131, 68098)
(24133, 31382, 24369, 82878)
(19428, 26547, 19668, 68109)
(19575, 26575, 19823, 68108)
(19764, 26390, 20013, 68145)
(19439, 26214, 19680, 68162)
(19689, 26833, 19954, 68127)
(19953, 27147, 20159, 68093)
(19574, 28913, 19820, 68157)
(19789, 26437, 20041, 68154)
(19532, 25658, 19769, 68079)
(19620, 29585, 19861, 68139)
(19587, 26785, 19826, 68140)
(19568, 26129, 19791, 68078)
(19593, 26170, 19830, 68125)
(24148, 33000, 24436, 82142)
(19441, 26022, 19658, 68122)
(19625, 26151, 19867, 68116)
(19665, 28756, 19954, 68145)
(19424, 25240, 19662, 68134)
(19438, 26772, 19678, 68135)
(19661, 25738, 19910, 68140)
(19626, 25688, 19850, 68153)
(19426, 25673, 19665, 68117)
(19449, 25569, 19667, 68146)
(19625, 26241, 19852, 68150)
(19482, 25733, 19699, 68151)
(19675, 26217, 19914, 68140)
(19442, 25437, 19662, 68143)
(19556, 26347, 19791, 68113)
(23851, 31214, 24117, 82875)
(19646, 26045, 19877, 68104)
(19581, 26332, 19817, 68139)
(19814, 26828, 20063, 68118)
(19558, 25994, 19792, 68167)
(19583, 26467, 19875, 68142)
(19469, 26077, 19689, 68122)
(19726, 26155, 19958, 68138)
(19884, 26670, 20119, 68132)
(19570, 26660, 19811, 68134)
(19556, 25813, 19793, 68138)
(19617, 26150, 19868, 68093)
(19495, 25711, 19723, 68160)
(19574, 26070, 19807, 68157)
(19486, 25928, 19726, 68133)
(19828, 26887, 20103, 68091)
(19535, 25757, 19767, 68150)
(19587, 25715, 19822, 68112)
(19711, 25720, 19953, 68161)
(19883, 25970, 20112, 68116)
(19702, 28227, 19993, 68142)
(19610, 29274, 19853, 68129)
(19461, 26074, 19679, 68144)
(19737, 26081, 19994, 68127)
(19590, 26211, 19829, 68154)
(19450, 25942, 19689, 68150)
(19578, 26695, 19849, 68114)
(19444, 25713, 19660, 68146)
(19819, 29439, 20060, 68144)
(19495, 27633, 19747, 68151)
(19585, 25713, 19833, 68147)
(19537, 25560, 19755, 68151)
(19726, 29445, 19972, 68157)
(19697, 29571, 19943, 68152)
(19718, 26035, 19976, 68153)
(19403, 25727, 19642, 68194)
(19642, 25887, 19870, 68150)
(19453, 26533, 19693, 68142)
(19926, 26439, 20145, 67450)
(23837, 30794, 24100, 82916)
(19786, 26528, 20010, 68122)
(19684, 26945, 19929, 68131)
(19624, 29484, 19855, 68161)
(19603, 25615, 19838, 68105)
(19650, 26007, 19898, 68133)
(19929, 26581, 20191, 68081)
(19516, 25665, 19751, 68150)
(19552, 25772, 19797, 68154)
(19628, 26283, 19855, 68123)
(19774, 26396, 20044, 68147)
(19766, 26377, 20011, 68144)
(19451, 25980, 19666, 68152)
(19439, 25456, 19664, 68159)
(19450, 25651, 19670, 68107)
(19849, 26982, 20124, 68118)
(19977, 26212, 20227, 68154)
(19455, 25558, 19673, 68151)
(19776, 27271, 20028, 68140)
(19566, 25768, 19805, 68130)
(19588, 25765, 19825, 68134)
(19612, 26550, 19832, 68168)
(19657, 25631, 19879, 68156)
(19622, 26002, 19861, 68085)
(19416, 25641, 19665, 68143)
(19538, 25742, 19760, 68154)
(19530, 26019, 19767, 68120)
(19711, 26750, 19960, 68145)
(19808, 26240, 20045, 68133)
(19713, 25866, 19967, 68158)
(19413, 25365, 19655, 68152)
(19725, 26060, 19969, 68117)
(19611, 26836, 19834, 68123)
(19676, 26330, 19916, 68155)
(19893, 27100, 20170, 68093)
(19677, 26666, 19920, 68158)
(19476, 27399, 19710, 68132)
(19700, 25936, 19919, 68094)
(19670, 26223, 19907, 68152)
(19956, 27689, 20229, 68105)
(19577, 25603, 19813, 68100)
(19700, 26110, 19952, 68120)
(19915, 29555, 20171, 68139)
(19385, 27150, 19626, 68124)
(19651, 26530, 19889, 68123)
(19559, 29387, 19796, 68125)
(19775, 28400, 20035, 68102)
(19524, 26171, 19759, 68121)
(19595, 27995, 19843, 68144)
(19505, 25636, 19724, 68141)
(19606, 25840, 19864, 68097)
(19557, 25882, 19804, 68148)
(19546, 25891, 19800, 68129)
(19534, 26916, 19780, 68145)
(19881, 26008, 20136, 68184)
(19589, 25832, 19826, 68081)
(23728, 30757, 23997, 82924)
(19534, 27191, 19769, 68147)
(19830, 26454, 20075, 68103)
(19638, 25707, 19873, 68124)
(19766, 26474, 19989, 67409)
(19486, 25926, 19723, 68133)
(19515, 25565, 19752, 68151)
(19691, 26460, 19932, 68117)
(19605, 25814, 19843, 68143)
(19472, 25713, 19700, 68115)
(19577, 25760, 19802, 68132)
(19561, 26199, 19799, 68135)
(19580, 25830, 19816, 68135)
(19848, 26097, 20084, 68156)
(19553, 29945, 19793, 68140)
(23962, 31433, 24216, 82018)
(19551, 25792, 19788, 68178)
(19494, 26397, 19735, 68148)
(19581, 25571, 19818, 68124)
(19554, 25676, 19789, 68132)
(19560, 25823, 19799, 68141)
(19717, 26216, 19965, 68144)
(19696, 26249, 20022, 68176)
(19460, 25720, 19687, 68081)
(19486, 25629, 19704, 68162)
(19703, 26043, 19959, 68105)
(19837, 26617, 20057, 68133)
(28312, 36201, 28574, 99216)
(19851, 29154, 20123, 68118)
(19567, 26276, 19806, 68157)
(19613, 26136, 19844, 68165)
(19464, 25497, 19705, 68143)
(19652, 25762, 19896, 68082)
(19585, 25946, 19827, 68125)
(19485, 26124, 19712, 68108)
(19568, 25801, 19804, 68127)
(19427, 25809, 19668, 68148)
(19670, 26609, 19919, 68140)
(19549, 25971, 19784, 68125)
(19483, 28716, 19715, 68153)
(19515, 25546, 19734, 68156)
(19919, 26039, 20166, 68140)
(19540, 25547, 19792, 68099)
(24202, 30993, 24472, 82953)
(19699, 26545, 19943, 68171)
(19863, 27727, 20137, 68110)
(19449, 26347, 19671, 68111)
(19600, 25550, 19835, 68109)
(19628, 25488, 19872, 68143)
(19706, 25839, 19940, 68141)
(19588, 25799, 19831, 68149)
(19610, 25884, 19843, 68145)
(23704, 30477, 23952, 82907)
(19470, 25461, 19685, 68142)
(19770, 26120, 20026, 68168)
(19775, 25779, 20026, 68149)
(19605, 25640, 19828, 68169)
(19420, 25141, 19669, 68153)
(19966, 26341, 20234, 68156)
(19552, 25804, 19787, 68125)
(19463, 25469, 19701, 68121)
(19889, 26884, 20146, 68127)
(19521, 25865, 19745, 68124)
(19669, 25880, 19891, 68146)
(19463, 25504, 19702, 68182)
(19629, 25591, 19870, 68121)
(19643, 25606, 19897, 68147)
(19806, 26484, 20060, 68135)
(19662, 26239, 19881, 68129)
(19615, 25928, 19851, 68137)
(19936, 26335, 20206, 68139)
(19722, 26138, 19978, 68102)
(20152, 26707, 20363, 68071)
(19445, 26623, 19684, 68168)
(19512, 26660, 19748, 68142)
(19465, 25508, 19679, 68156)
(19457, 25672, 19696, 68126)
(19556, 26491, 19802, 68139)
(19606, 25520, 19837, 68139)
(19629, 25496, 19858, 68121)
(19424, 25974, 19667, 68164)
(19640, 25703, 19890, 68108)
(19890, 26036, 20135, 68143)
(19547, 25623, 19783, 68162)
(19925, 27387, 20162, 67455)
(19743, 26257, 19973, 68112)
(19614, 25475, 19860, 68131)
(19566, 25889, 19820, 68118)
(19847, 26290, 20081, 68138)
(19799, 25823, 20056, 68108)
(19588, 25742, 19835, 68121)
(19555, 26768, 19793, 68136)
(19858, 26367, 20115, 68110)
(23931, 31917, 24206, 82885)
(19949, 26087, 20202, 68149)
(19567, 25770, 19806, 68132)
(19524, 25746, 19766, 68126)
(19543, 25421, 19778, 68128)
(19481, 25171, 19702, 68158)
(19459, 25460, 19676, 68151)
(19678, 25928, 19927, 68149)
(19711, 25867, 19943, 68128)
(19585, 25796, 19822, 68142)
(19645, 25820, 19903, 68156)
(19567, 25705, 19804, 68132)
(19959, 26345, 20202, 68125)
(19545, 29754, 19792, 68134)
(19582, 25972, 19843, 68139)
(19755, 26155, 19982, 68128)
(19602, 26901, 19840, 68098)
(19708, 25687, 19953, 68117)
(19572, 25498, 19823, 68127)
(23725, 31908, 23977, 82927)
(19572, 25563, 19807, 68110)
(19545, 25659, 19774, 68119)
(19567, 29509, 19818, 68152)
(19971, 29905, 20204, 68157)
(23948, 30970, 24193, 82102)
(19618, 25972, 19854, 68125)
(19519, 28767, 19742, 68119)
(19611, 25613, 19862, 68167)
(19584, 30067, 19820, 68132)
(19526, 25997, 19761, 68133)
(23810, 29946, 24085, 82904)
(19605, 26005, 19840, 68156)
(19673, 26133, 19912, 68126)
(19433, 25397, 19649, 68144)
(19792, 27589, 20046, 68154)
(19443, 25441, 19681, 68140)
(19897, 26336, 20232, 68069)
(19583, 26235, 19811, 68169)
(19499, 25365, 19717, 68182)
(19534, 26275, 19771, 68135)
(19899, 29814, 20149, 68142)
(19503, 25766, 19740, 68157)
(19696, 25777, 19940, 68101)
(19474, 26052, 19694, 68122)
(19421, 26848, 19640, 68105)
(19556, 25986, 19786, 68152)
(19800, 25763, 20038, 68134)
(19546, 26417, 19781, 68138)
(19743, 29190, 20007, 68171)
(19682, 25373, 19919, 68122)
(19659, 26147, 19909, 68144)
(19452, 25605, 19690, 68126)
(19632, 26027, 19866, 68156)
(19692, 30068, 19943, 68157)
(19547, 26576, 19787, 68130)
(19790, 25715, 20035, 68159)
(19428, 25032, 19645, 68038)
(19479, 26390, 19701, 68104)
(19448, 25975, 19696, 68159)
(20035, 26130, 20293, 68109)
(19468, 28009, 19709, 68134)
(19700, 25941, 19954, 68119)
(19446, 25323, 19660, 68103)
(19396, 25357, 19616, 68137)
(19739, 26897, 20000, 68099)
(19625, 26054, 19862, 68139)
(19611, 25859, 19846, 68141)
(19731, 27047, 19984, 68115)
(19757, 25995, 20021, 68170)
(19518, 25798, 19752, 68116)
(19569, 25687, 19804, 68138)
(19545, 25534, 19782, 68144)
(19655, 25663, 19892, 68166)
(19547, 26365, 19781, 68121)
(19474, 25793, 19695, 68138)
(19451, 25342, 19689, 68161)
(19726, 25898, 19977, 68114)
(19422, 25665, 19661, 68154)
(19823, 26184, 20081, 68154)
(19456, 25478, 19695, 68139)
(19727, 26355, 19967, 68126)
(19727, 25781, 20001, 68150)
(19646, 25545, 19859, 68127)
(19536, 26825, 19773, 68103)
(19499, 25708, 19718, 68156)
(19752, 25975, 19999, 68114)
(19661, 25980, 19901, 68150)
(19455, 25905, 19693, 68099)
(19563, 25781, 19840, 68128)
(19545, 25917, 19805, 68153)
(19431, 25151, 19659, 68132)
(19636, 26087, 19884, 68099)
(19477, 25887, 19705, 68114)
(19485, 25629, 19702, 68116)
(19550, 25433, 19768, 68125)
(19729, 26022, 19978, 68138)
(19749, 25761, 19980, 68151)
(19606, 25795, 19868, 68128)
(19468, 25441, 19689, 68095)
(19667, 27078, 19907, 68147)
(24011, 30698, 24269, 82956)
(19760, 25706, 20007, 68163)
(19480, 25473, 19699, 68119)
(19491, 25676, 19730, 68134)
(19626, 25756, 19890, 68148)
(19523, 25490, 19740, 68139)
(19547, 26026, 19794, 68142)
(19598, 26289, 19835, 68099)
(19802, 26736, 20067, 68148)
(19428, 25445, 19668, 68142)
(19790, 26011, 20034, 68128)
(19563, 25803, 19806, 68136)
(24066, 31584, 24351, 82096)
(19742, 25563, 19985, 68109)
(19662, 25673, 19903, 68143)
(19432, 25802, 19665, 68176)
(19557, 25949, 19782, 68123)
(19539, 25562, 19785, 68122)
(24065, 30914, 24364, 82894)
(19551, 26591, 19787, 68126)
(19550, 25341, 19787, 68127)
(23671, 30419, 23908, 82894)
(19503, 25433, 19746, 68105)
(19569, 25871, 19807, 68154)
(19398, 25362, 19646, 68156)
(19509, 25869, 19728, 68136)
(19429, 28412, 19651, 68153)
(19584, 25684, 19824, 68145)
(19520, 26318, 19738, 68113)
(19554, 28602, 19795, 68132)
(19571, 26452, 19819, 68143)
(19457, 25270, 19696, 68122)
(19961, 26219, 20232, 68143)
(20016, 26096, 20244, 68133)
(19618, 25687, 19859, 68167)
(19807, 25918, 20026, 68165)
(19589, 25921, 19835, 68157)
(19503, 25644, 19750, 68126)
(19420, 25424, 19658, 68135)
(19570, 25505, 19804, 68111)
(24154, 31235, 24445, 82041)
(19730, 25978, 19978, 68135)
(19480, 25643, 19709, 68147)
(19484, 25548, 19718, 68123)
(19599, 26092, 19838, 68132)
(19779, 26130, 20033, 68161)
(19527, 25802, 19772, 68155)
(19472, 25506, 19688, 68149)
(19690, 25994, 19930, 68139)
(19563, 26670, 19808, 68119)
(19733, 25891, 19997, 68137)
(19816, 26062, 20051, 68141)
(20120, 27449, 20425, 68094)
(19492, 25642, 19715, 68145)
(19584, 25520, 19820, 68165)
(19690, 25874, 19910, 67482)
(19585, 25544, 19819, 68133)
(19556, 25630, 19801, 68178)
(19823, 29612, 20063, 68150)
(19429, 24950, 19668, 68099)
(19584, 29373, 19829, 68193)
(19576, 26169, 19813, 68147)
(19656, 26538, 19894, 68111)
(19580, 25658, 19816, 68140)
(19405, 25418, 19646, 68117)
(19955, 26654, 20202, 68135)
(19700, 25783, 19938, 68114)
(19465, 25328, 19682, 68150)
(19690, 26989, 19926, 68166)
(19657, 25618, 19905, 68084)
(19511, 25643, 19761, 68156)
(19474, 25668, 19699, 68111)
(19524, 25277, 19751, 68140)
(19442, 26038, 19691, 68164)
(21862, 28638, 22091, 68074)
(19468, 25538, 19688, 68145)
(19448, 25441, 19669, 68140)
(19430, 27299, 19661, 68143)
(19564, 26512, 19800, 68112)
(19534, 25511, 19762, 68122)
(19561, 25647, 19798, 68152)
(19873, 26284, 20128, 68140)
(19569, 25832, 19804, 68135)
(19732, 26032, 19970, 68149)
(23803, 30741, 24055, 82919)
(19429, 25534, 19679, 68143)
(19498, 25703, 19716, 68160)
(19604, 26756, 19843, 68113)
(19591, 26674, 19830, 68125)
(19614, 25871, 19854, 68142)
(19519, 25753, 19760, 68143)
(23943, 30972, 24212, 82076)
(19438, 25397, 19657, 68109)
(19564, 26805, 19809, 68163)
(19551, 25940, 19787, 68140)
(19688, 26839, 19975, 68145)
(19579, 25115, 19814, 68148)
(19508, 25162, 19744, 68158)
(19455, 25882, 19695, 68157)
(19508, 29487, 19754, 68143)
(19550, 26575, 19788, 68157)
(19583, 25531, 19820, 68166)
(19457, 25475, 19692, 68129)
(19457, 26198, 19673, 68153)
(19571, 25889, 19791, 68135)
(19514, 26805, 19746, 68166)
(19479, 28867, 19695, 68116)
(19444, 28136, 19688, 68145)
(19713, 28929, 19963, 68152)
(19548, 29475, 19789, 68165)
(19534, 25306, 19778, 68143)
(19655, 25604, 19910, 68116)
(19753, 25920, 19979, 67492)
(19656, 25849, 19878, 68131)
(19680, 25629, 19913, 68148)
(19797, 26058, 20052, 68138)
(19737, 26017, 19980, 68120)
(19731, 26840, 19984, 68130)
(19949, 26263, 20197, 68160)
(19742, 26739, 19995, 68115)
(19470, 25489, 19689, 68164)
(19580, 25408, 19816, 68154)
(19866, 27110, 20107, 68149)
(19541, 26266, 19786, 68141)
(19689, 26060, 19909, 68130)
(19634, 25635, 19868, 68138)
(19589, 26471, 19828, 68135)
(19733, 26133, 19961, 68113)
(19584, 26152, 19819, 68140)
(19557, 25346, 19803, 68129)
(19523, 25496, 19769, 68152)
(19562, 25592, 19778, 68129)
(19737, 25895, 19978, 68142)
(19653, 28081, 19905, 68129)
(19672, 25597, 19907, 68129)
(19646, 25787, 19923, 68168)
(19493, 25584, 19732, 68131)
(19589, 25366, 19821, 68155)
(19892, 26056, 20143, 68120)
(19468, 25477, 19686, 68107)
(19740, 25869, 19984, 68171)
(19696, 26301, 19945, 68124)
(19582, 25747, 19804, 68149)
(19983, 26308, 20254, 68128)
(19684, 26307, 19920, 68119)
(19541, 25598, 19774, 68134)
(19751, 25565, 19994, 68173)
(19477, 25414, 19724, 68128)
(19461, 26032, 19679, 68145)
(19661, 26024, 19895, 68156)
(19563, 25537, 19796, 68152)
(19461, 25377, 19691, 68120)
(19642, 25831, 19888, 68127)
(19493, 25588, 19724, 68124)
(19447, 26418, 19663, 68104)
(19657, 25802, 19883, 68142)
(19417, 25652, 19656, 68138)
(19725, 26282, 19958, 68135)
(19467, 25096, 19689, 68158)
(23996, 30718, 24282, 82134)
(19587, 27607, 19825, 68141)
(19556, 28967, 19805, 68166)
(19424, 25268, 19665, 68126)
(19615, 25829, 19854, 68120)
(19458, 25427, 19677, 68140)
(19461, 25804, 19679, 68131)
(19567, 25569, 19801, 68128)
(19496, 25316, 19732, 68152)
(19976, 26174, 20227, 68154)
(19729, 26909, 19974, 68155)
(19689, 25814, 19928, 68162)
(19391, 25029, 19630, 68125)
(19861, 25948, 20109, 68146)
(19460, 27377, 19703, 68139)
(19924, 26025, 20177, 68186)
(19581, 25356, 19815, 68160)
(19554, 25813, 19789, 68149)
(19440, 25511, 19676, 68151)
(19560, 25527, 19775, 68146)
(19948, 25767, 20197, 68128)
(19594, 25542, 19832, 68131)
(19718, 25808, 19979, 68137)
(19676, 25921, 19922, 68140)
(19840, 26007, 20084, 68142)
(19674, 26091, 19936, 68144)
(19632, 26458, 19846, 68127)
(19570, 25596, 19815, 68136)
(19967, 25709, 20228, 68139)
(19566, 25687, 19811, 68097)
(19689, 26020, 19935, 68143)
(19420, 25765, 19661, 68148)
(19620, 26143, 19859, 68149)
(19762, 27513, 20037, 68130)
(19433, 25101, 19675, 68135)
(19699, 25799, 19950, 68160)
(19580, 25685, 19802, 68133)
(19908, 25597, 20176, 68126)
(19671, 25803, 19894, 68141)
(19733, 26297, 19985, 68131)
(19512, 25535, 19749, 68126)
(19704, 26054, 19964, 68145)
(19746, 26464, 20002, 68121)
(19451, 26011, 19671, 68126)
(19464, 26858, 19713, 68159)
(19500, 26353, 19732, 68167)
(19566, 25809, 19802, 68098)
(19688, 26048, 19933, 68133)
(19685, 26655, 19934, 68101)
(19651, 25328, 19893, 68136)
(19674, 26240, 19913, 68152)
(19602, 25512, 19822, 68142)
(19560, 25842, 19794, 68155)
(19571, 25674, 19818, 68150)
(19580, 25473, 19814, 68141)
(19799, 25707, 20033, 68171)
(19444, 26142, 19684, 68128)
(19656, 25720, 19891, 68146)
(19706, 25699, 19928, 68105)
(19407, 26049, 19646, 68145)
(19589, 25442, 19830, 68132)
(19676, 25674, 19948, 68138)
(19488, 25209, 19708, 68153)
(19615, 26425, 19840, 68158)
(19503, 25579, 19735, 68147)
(19447, 25210, 19676, 68131)
(19474, 26128, 19716, 68133)
(19670, 25843, 19914, 68160)
(19721, 29431, 19962, 68174)
(19803, 26150, 20053, 68156)
(19695, 29065, 19945, 68143)
(19678, 25611, 19934, 68154)
(19598, 26085, 19837, 68144)
(19598, 26148, 19837, 68157)
(19666, 25324, 19907, 68131)
(19722, 26097, 19938, 68119)
(19564, 25303, 19798, 68137)
(19667, 26080, 19927, 68140)
(19595, 26724, 19831, 68173)
(19782, 25701, 20028, 68168)
(19436, 25014, 19649, 68142)
(19425, 26866, 19693, 68136)
(19558, 25334, 19817, 68157)
(24071, 30610, 24350, 82981)
(19692, 25558, 19926, 68129)
(19573, 25479, 19809, 68084)
(19393, 25677, 19651, 68159)
(19548, 28552, 19780, 68151)
(19478, 28947, 19703, 68176)
(19626, 25955, 19866, 68132)
(19623, 25674, 19890, 68126)
(19609, 25532, 19849, 68132)
(19585, 25986, 19826, 68152)
(19507, 25012, 19722, 68126)
(19489, 25518, 19728, 68167)
(19507, 25138, 19727, 68118)
(19479, 25348, 19719, 68104)
(19787, 26201, 20069, 68138)
(19408, 25603, 19651, 68126)
(19751, 25520, 19991, 68153)
(19822, 25852, 20119, 68133)
(19558, 25349, 19810, 68126)
(19512, 25356, 19749, 68147)
(19747, 25779, 20017, 68138)
(19656, 25327, 19903, 68162)
(19860, 25611, 20086, 68148)
(19524, 25641, 19744, 68153)
(23693, 30105, 23966, 82928)
(19699, 26325, 19950, 68129)
(19706, 25599, 19938, 68109)
(19454, 25535, 19702, 68168)
(19558, 25527, 19804, 68153)
(19521, 25380, 19757, 68114)
(19576, 25522, 19812, 68147)
(19495, 25138, 19722, 68144)
(19552, 25582, 19788, 68163)
(19744, 25852, 19985, 68157)
(19609, 25768, 19848, 68130)
(19588, 25725, 19823, 68129)
(19739, 25896, 19988, 68110)
(19526, 25713, 19769, 68142)
(19866, 25713, 20106, 68119)
(19557, 25935, 19825, 68153)
(19565, 25435, 19812, 68130)
(19936, 26339, 20205, 68136)
(19650, 25368, 19901, 68135)
(19572, 25677, 19807, 68168)
(19442, 25498, 19683, 68153)
(19619, 25470, 19847, 68144)
(19462, 25412, 19704, 68157)
(23881, 30811, 24117, 82938)
(28385, 34941, 28652, 99219)
(19464, 25601, 19704, 68155)
(19429, 25295, 19668, 68126)
(19490, 25617, 19723, 68132)
(19716, 25765, 19960, 68140)
(19613, 25605, 19847, 68151)
(19636, 25911, 19871, 68140)
(24055, 31204, 24327, 82922)
(19718, 25771, 19945, 68129)
(19599, 26525, 19833, 68136)
(19545, 25743, 19780, 68133)
(19704, 25872, 19966, 68143)
(19886, 29982, 20120, 68130)
(19862, 25856, 20109, 68107)
(20010, 25867, 20266, 68127)
(19552, 25998, 19794, 68159)
(19606, 25749, 19859, 68137)
(19528, 25354, 19746, 68126)
(19376, 25140, 19601, 68165)
(19581, 25667, 19818, 68139)
(19886, 26097, 20155, 68118)
(19428, 25337, 19647, 68152)
(19425, 25472, 19648, 68136)
(19724, 25955, 19974, 68157)
(19638, 25638, 19915, 68094)
(19618, 25870, 19866, 68137)
(19638, 25892, 19873, 68124)
(19760, 25673, 19996, 68121)
(19502, 25109, 19719, 68138)
(19882, 25797, 20146, 68149)
(19771, 25780, 20029, 68149)
(19452, 25162, 19679, 68155)
(19546, 25785, 19759, 68138)
(19600, 25340, 19835, 68115)
(24107, 30964, 24356, 82137)
(23793, 30181, 24031, 82928)
(19603, 25710, 19860, 68140)
(19507, 25087, 19758, 68138)
(19602, 29588, 19845, 68130)
(19651, 25368, 19895, 68153)
(19510, 25494, 19751, 68117)
(19556, 25464, 19791, 68132)
(19493, 25191, 19729, 68132)
(19777, 25762, 19996, 67460)
