(5510, 7453, 5538, 16628)
(3699, 5138, 3713, 11196)
(3740, 5277, 3758, 11291)
(3815, 5181, 3834, 11480)
(3813, 5147, 3833, 11475)
(3840, 5106, 3854, 11437)
(3747, 5302, 3769, 11284)
(5519, 7256, 5544, 16719)
(3789, 5534, 3805, 11403)
(3782, 5172, 3798, 11349)
(5568, 9054, 5588, 16808)
(3839, 6448, 3883, 11478)
(3743, 5926, 3783, 11161)
(3795, 5860, 3812, 11423)
(3747, 5290, 3764, 11332)
(3731, 5628, 3763, 11321)
(3728, 5397, 3745, 11302)
(3734, 5682, 3749, 11196)
(3739, 5080, 3754, 11211)
(3724, 5636, 3739, 11262)
(3752, 5214, 3767, 11262)
(3812, 5433, 3834, 11367)
(3933, 6155, 3984, 11236)
(3743, 4852, 3765, 11362)
(3981, 6378, 4077, 11400)
(3806, 5149, 3821, 11420)
(3719, 5663, 3744, 11306)
(3801, 5109, 3823, 11409)
(3818, 5512, 3838, 11434)
(3802, 5120, 3818, 11352)
(3734, 4847, 3749, 11315)
(3812, 5146, 3831, 11543)
(3838, 5176, 3857, 11418)
(5582, 7449, 5607, 16842)
(3765, 4978, 3780, 11311)
(3939, 6851, 4036, 11524)
(3763, 5556, 3791, 11382)
(3790, 5158, 3806, 11473)
(3748, 5122, 3764, 11333)
(3720, 5460, 3735, 11276)
(3835, 5893, 3852, 11357)
(3722, 5300, 3739, 11250)
(3816, 5924, 3836, 11497)
(3694, 5382, 3708, 11118)
(3717, 5478, 3733, 11191)
(3742, 5926, 3757, 11316)
(3794, 5961, 3809, 11316)
(3819, 5626, 3834, 11515)
(3740, 5288, 3765, 11257)
(3728, 5180, 3753, 11191)
(5461, 7996, 5485, 16485)
(3790, 5181, 3806, 11336)
(3749, 5248, 3764, 11333)
(3743, 5328, 3764, 11328)
(3716, 5673, 3730, 11128)
(3734, 5480, 3749, 11365)
(3720, 5451, 3734, 11284)
(3726, 5864, 3745, 11148)
(3827, 6812, 3842, 11523)
(3748, 5105, 3763, 11365)
(3737, 5157, 3756, 11169)
(3714, 5375, 3729, 11336)
(5537, 7785, 5556, 16726)
(3734, 5122, 3753, 11308)
(3743, 5039, 3759, 11302)
(3806, 5134, 3821, 11359)
(3761, 5423, 3776, 11324)
(5508, 7832, 5532, 16542)
(3801, 5785, 3822, 11348)
(5545, 8816, 5565, 16760)
(3729, 5593, 3744, 11247)
(5529, 8320, 5556, 16724)
(3801, 5628, 3819, 11491)
(3760, 5364, 3775, 11250)
(3722, 5289, 3737, 11297)
(3701, 5191, 3715, 11108)
(3715, 6072, 3734, 11107)
(3732, 5294, 3747, 11307)
(3731, 5257, 3746, 11310)
(3725, 5553, 3751, 11166)
(3747, 6320, 3762, 11305)
(3793, 5785, 3817, 11402)
(5494, 7454, 5513, 16690)
(3741, 5497, 3755, 11249)
(5534, 8038, 5553, 16863)
(3790, 5310, 3808, 11449)
(5512, 7761, 5534, 16662)
(3795, 5532, 3812, 11387)
(3768, 5351, 3785, 11173)
(5520, 7362, 5543, 16723)
(3732, 4927, 3747, 11248)
(5475, 7870, 5493, 16638)
(3731, 5342, 3751, 11297)
(3835, 5182, 3854, 11433)
(3722, 5523, 3740, 11286)
(5542, 7485, 5562, 16852)
(3743, 6266, 3795, 11204)
(3698, 6199, 3716, 11275)
(3813, 5243, 3836, 11375)
(3730, 5631, 3751, 11355)
(3737, 5054, 3757, 11293)
(3824, 5256, 3845, 11396)
(5477, 7163, 5503, 16532)
(3737, 6459, 3753, 11293)
(3744, 5861, 3763, 11423)
(3723, 5526, 3753, 11180)
(3754, 5457, 3770, 11273)
(3857, 6636, 3933, 11277)
(3823, 5106, 3839, 11312)
(5518, 7470, 5537, 16765)
(3748, 5156, 3767, 11295)
(3724, 5198, 3742, 11164)
(3724, 5069, 3742, 11259)
(3723, 5452, 3781, 11261)
(3731, 4958, 3750, 11198)
(3718, 6349, 3741, 11198)
(3723, 5050, 3738, 11212)
(3805, 5654, 3829, 11359)
(5524, 8562, 5552, 16728)
(3735, 5431, 3753, 11117)
(5547, 7848, 5567, 16726)
(3745, 5518, 3774, 11219)
(3826, 5059, 3841, 11467)
(3737, 5243, 3754, 11262)
(3734, 4989, 3752, 11348)
(3735, 6118, 3751, 11317)
(3810, 5151, 3830, 11461)
(3745, 5232, 3763, 11233)
(3760, 5294, 3793, 11240)
(3747, 5969, 3762, 11204)
(3790, 5862, 3810, 11329)
(3717, 6075, 3745, 11193)
(3811, 5310, 3832, 11246)
(3762, 6041, 3777, 11300)
(3814, 5583, 3865, 11521)
(3703, 5052, 3730, 11291)
(3799, 5181, 3814, 11405)
(3759, 5577, 3780, 11295)
(3760, 5058, 3778, 11186)
(3828, 6381, 3846, 11370)
(3782, 5048, 3797, 11399)
(3748, 5402, 3764, 11300)
(3813, 5716, 3838, 11469)
(3776, 5424, 3797, 11377)
(3723, 5116, 3740, 11279)
(3762, 5053, 3777, 11391)
(3773, 4916, 3788, 11402)
(3814, 5109, 3829, 11494)
(3750, 4800, 3765, 11336)
(3779, 6125, 3801, 11263)
(3746, 5138, 3761, 11182)
(5516, 7814, 5543, 16653)
(3746, 5459, 3763, 11359)
(5533, 8009, 5556, 16796)
(3732, 4995, 3747, 11170)
(3741, 5001, 3759, 11231)
(3700, 4945, 3714, 11187)
(3743, 4854, 3759, 11344)
(3815, 6017, 3832, 11594)
(5557, 8694, 5576, 16805)
(3823, 5217, 3838, 11501)
(3956, 5714, 4064, 11357)
(3723, 4889, 3738, 11282)
(3758, 5015, 3773, 11271)
(3740, 5181, 3755, 11219)
(3753, 4949, 3780, 11340)
(3746, 5971, 3763, 11400)
(3736, 5993, 3755, 11223)
(3809, 6641, 3824, 11359)
(5524, 8601, 5546, 16727)
(3718, 5096, 3733, 11313)
(3725, 5054, 3745, 11258)
(3832, 5406, 3850, 11595)
(3766, 5068, 3782, 11283)
(3739, 5132, 3754, 11159)
(3885, 5595, 3939, 11153)
(3798, 5753, 3820, 11425)
(3833, 5357, 3863, 11512)
(3730, 5033, 3744, 11328)
(3738, 4854, 3754, 11226)
(3733, 5186, 3750, 11238)
(3788, 5120, 3803, 11376)
(3751, 5722, 3767, 11216)
(3742, 5838, 3757, 11171)
(3726, 4759, 3743, 11306)
(3746, 5169, 3766, 11299)
(3738, 5355, 3753, 11241)
(3753, 5115, 3767, 11179)
(3729, 5023, 3744, 11228)
(3714, 5167, 3734, 11137)
(3740, 5326, 3756, 11281)
(5518, 7259, 5539, 16826)
(3804, 4946, 3823, 11430)
(3740, 4907, 3754, 11227)
(3757, 6342, 3771, 11242)
(3795, 6456, 3816, 11278)
(5520, 7558, 5545, 16738)
(5503, 7468, 5522, 16590)
(3755, 5796, 3775, 11214)
(3811, 4974, 3830, 11505)
(3741, 5018, 3755, 11401)
(3854, 4975, 3869, 11562)
(3714, 4877, 3729, 11204)
(3732, 5266, 3747, 11132)
(5533, 7698, 5552, 16753)
(3735, 5008, 3753, 11311)
(3749, 5157, 3763, 11404)
(3713, 5222, 3727, 11134)
(3748, 5413, 3762, 11235)
(3741, 4979, 3755, 11302)
(3704, 4904, 3719, 11302)
(3745, 5113, 3761, 11278)
(3729, 5001, 3744, 11317)
(3769, 4980, 3785, 11309)
(3734, 5065, 3754, 11223)
(3770, 4991, 3786, 11440)
(3816, 5718, 3837, 11455)
(3714, 5661, 3732, 11177)
(3737, 5717, 3753, 11245)
(3752, 5331, 3767, 11248)
(3754, 5016, 3771, 11203)
(3720, 5109, 3735, 11253)
(3751, 5097, 3765, 11294)
(3750, 5052, 3764, 11409)
(3830, 5181, 3846, 11487)
(3742, 4928, 3756, 11282)
(3741, 4913, 3759, 11307)
(3742, 4916, 3759, 11356)
(3752, 4938, 3767, 11314)
(3811, 5018, 3826, 11447)
(3709, 5204, 3723, 11294)
(3808, 5392, 3826, 11439)
(3739, 5278, 3762, 11160)
(3746, 5003, 3760, 11332)
(3712, 4886, 3727, 11342)
(3757, 4975, 3771, 11343)
(3812, 4768, 3827, 11535)
(3906, 5174, 3931, 11203)
(3819, 5016, 3834, 11492)
(3728, 4949, 3744, 11279)
(3774, 5108, 3788, 11286)
(3727, 5094, 3745, 11315)
(3746, 5030, 3761, 11104)
(3731, 5269, 3750, 11197)
(3745, 5395, 3760, 11274)
(3811, 4960, 3826, 11511)
(3814, 5099, 3830, 11380)
(3733, 5060, 3754, 11202)
(3827, 5151, 3845, 11538)
(3731, 4812, 3745, 11367)
(3799, 5380, 3815, 11544)
(3792, 5124, 3807, 11505)
(3721, 5009, 3735, 11250)
(3756, 4891, 3770, 11383)
(3748, 5803, 3767, 11238)
(5550, 8955, 5573, 16673)
(3788, 5021, 3811, 11416)
(3739, 4892, 3753, 11391)
(3806, 5657, 3824, 11387)
(3785, 5268, 3802, 11294)
(3749, 5053, 3764, 11306)
(3727, 5770, 3748, 11331)
(3746, 4934, 3763, 11338)
(3808, 5010, 3825, 11460)
(3747, 5043, 3762, 11263)
(3718, 5084, 3735, 11187)
(3759, 4957, 3783, 11414)
(3833, 5218, 3854, 11430)
(3750, 5333, 3768, 11431)
(5587, 7706, 5614, 16861)
(3723, 5050, 3737, 11325)
(3689, 4783, 3708, 11210)
(3758, 5164, 3773, 11309)
(3726, 4921, 3745, 11278)
(5550, 7126, 5572, 16846)
(3802, 5142, 3818, 11408)
(3716, 4813, 3731, 11384)
(3744, 5571, 3765, 11242)
(5498, 8283, 5518, 16713)
(3723, 5196, 3737, 11420)
(5496, 7378, 5520, 16591)
(3724, 4799, 3741, 11326)
(3801, 5193, 3816, 11373)
(3723, 6310, 3737, 11196)
(3815, 5215, 3830, 11464)
(3807, 6002, 3822, 11391)
(3803, 5057, 3820, 11321)
(3771, 5259, 3792, 11382)
(3802, 6075, 3822, 11506)
(3722, 5099, 3738, 11240)
(3736, 4869, 3752, 11169)
(3731, 4851, 3748, 11273)
(3723, 4936, 3738, 11390)
(3732, 4910, 3747, 11188)
(3701, 6184, 3724, 11148)
(3733, 5003, 3751, 11292)
(5511, 7371, 5530, 16672)
(3769, 5138, 3790, 11287)
(3851, 5155, 3866, 11566)
(3827, 4962, 3850, 11451)
(3740, 5001, 3754, 11430)
(3718, 4935, 3733, 11284)
(3747, 5056, 3764, 11424)
(3801, 5081, 3817, 11400)
(3744, 5005, 3758, 11274)
(3750, 5897, 3765, 11300)
(3736, 4949, 3750, 11279)
(3732, 4972, 3747, 11244)
(3735, 5440, 3755, 11330)
(3796, 5576, 3814, 11403)
(3726, 5275, 3745, 11236)
(5500, 8891, 5519, 16700)
(3771, 5127, 3786, 11448)
(3812, 5494, 3827, 11351)
(3743, 5318, 3764, 11240)
(3801, 5845, 3818, 11399)
(3699, 4893, 3714, 11257)
(3730, 4964, 3745, 11283)
(3732, 5056, 3747, 11305)
(3746, 5113, 3761, 11272)
(5538, 7535, 5557, 16802)
(3755, 4966, 3772, 11311)
(3709, 5276, 3724, 11273)
(3822, 5115, 3838, 11477)
(3736, 5733, 3752, 11204)
(3723, 5483, 3741, 11222)
(5473, 7627, 5496, 16526)
(3732, 4833, 3746, 11311)
(5643, 7438, 5670, 17151)
(3812, 5338, 3827, 11292)
(3793, 5024, 3808, 11479)
(3727, 5268, 3748, 11220)
(3720, 4901, 3735, 11251)
(3736, 5133, 3758, 11271)
(3740, 4981, 3755, 11266)
(3802, 4925, 3822, 11423)
(3739, 5250, 3754, 11255)
(3734, 5084, 3749, 11253)
(3797, 5123, 3813, 11395)
(3837, 5232, 3853, 11438)
(3714, 4988, 3734, 11219)
(3737, 5063, 3757, 11320)
(3720, 5977, 3738, 11233)
(3733, 4910, 3747, 11310)
(3747, 5086, 3761, 11355)
(3778, 4918, 3798, 11316)
(3712, 4920, 3727, 11180)
(3800, 4750, 3815, 11457)
(3744, 4985, 3776, 11171)
(3792, 5560, 3808, 11328)
(3725, 4823, 3740, 11119)
(3730, 4675, 3745, 11330)
(5510, 7456, 5529, 16785)
(5531, 7061, 5550, 16683)
(3749, 4872, 3773, 11403)
(5532, 6933, 5557, 16740)
(3810, 5017, 3828, 11446)
(3718, 6014, 3738, 11175)
(3801, 5062, 3816, 11368)
(3743, 5037, 3758, 11357)
(7666, 10387, 7692, 22975)
(3769, 5282, 3789, 11343)
(3725, 5087, 3740, 11328)
(3706, 4843, 3726, 11168)
(3788, 5254, 3803, 11432)
(5557, 7571, 5582, 16885)
(5510, 7201, 5534, 16612)
(3730, 5200, 3748, 11158)
(3718, 4900, 3735, 11305)
(3782, 4870, 3798, 11364)
(3732, 4915, 3750, 11278)
(3739, 5063, 3763, 11318)
(3728, 5081, 3744, 11317)
(5537, 7142, 5559, 16781)
(3786, 5545, 3804, 11390)
(5549, 7013, 5576, 16806)
(3735, 5029, 3750, 11232)
(3711, 4583, 3726, 11217)
(3791, 5082, 3812, 11360)
(3744, 5216, 3758, 11291)
(3784, 4940, 3799, 11291)
(3795, 4939, 3814, 11389)
(3744, 5518, 3759, 11334)
(3735, 5207, 3750, 11335)
(3738, 5769, 3752, 11170)
(3741, 5460, 3757, 11213)
(3724, 5303, 3739, 11259)
(3810, 4870, 3825, 11514)
(3750, 4880, 3764, 11328)
(3763, 5041, 3778, 11291)
(3804, 4966, 3825, 11481)
(3710, 4733, 3725, 11208)
(3722, 4759, 3739, 11203)
(3726, 5000, 3741, 11256)
(5525, 7859, 5548, 16672)
(3751, 5282, 3765, 11226)
(3728, 5341, 3743, 11198)
(3762, 5073, 3783, 11383)
(3732, 5067, 3747, 11328)
(5522, 7486, 5540, 16674)
(3727, 4690, 3741, 11218)
(3801, 5119, 3818, 11429)
(3723, 4814, 3738, 11341)
(3738, 4757, 3752, 11145)
(3797, 5520, 3817, 11373)
(3731, 4907, 3748, 11154)
(3704, 4736, 3719, 11168)
(3793, 4863, 3811, 11351)
(5532, 8180, 5555, 16888)
(3820, 4852, 3838, 11494)
(3743, 4732, 3759, 11290)
(3714, 4713, 3731, 11185)
(3723, 4891, 3737, 11401)
(3764, 5984, 3783, 11331)
(5488, 7235, 5512, 16566)
(3721, 5531, 3735, 11256)
(3736, 4808, 3751, 11313)
(3743, 4894, 3762, 11189)
(3742, 5168, 3757, 11262)
(3767, 4912, 3782, 11433)
(3756, 4796, 3771, 11280)
(3731, 4969, 3753, 11305)
(3787, 5050, 3806, 11403)
(3766, 4997, 3780, 11311)
(3765, 4778, 3787, 11259)
(3735, 4765, 3753, 11350)
(3794, 4797, 3808, 11469)
(3751, 5052, 3768, 11382)
(3716, 4918, 3742, 11216)
(3832, 5618, 3847, 11504)
(3743, 4848, 3761, 11339)
(3725, 4869, 3739, 11318)
(3873, 5070, 3888, 11398)
(3804, 4838, 3819, 11457)
(3712, 4905, 3732, 11233)
(3738, 4994, 3753, 11224)
(3709, 4769, 3723, 11347)
(3742, 5577, 3758, 11269)
(3810, 5323, 3825, 11419)
(3711, 5370, 3725, 11285)
(5494, 7708, 5516, 16624)
(3767, 5390, 3783, 11305)
(5498, 7562, 5520, 16684)
(3815, 5088, 3830, 11414)
(5548, 7394, 5572, 16791)
(5522, 7150, 5541, 16822)
(5490, 7790, 5509, 16651)
(3734, 5058, 3749, 11311)
(3793, 5908, 3814, 11407)
(3705, 5326, 3719, 11277)
(3744, 5100, 3759, 11319)
(3720, 4785, 3735, 11342)
(3739, 5147, 3757, 11239)
(3734, 5292, 3748, 11299)
(3697, 5282, 3711, 11260)
(5525, 7384, 5549, 16788)
(3724, 5084, 3739, 11180)
(3804, 5249, 3827, 11523)
(3754, 5393, 3773, 11446)
(3723, 5269, 3738, 11349)
(5539, 7458, 5560, 16640)
(3743, 4946, 3757, 11402)
(3800, 5948, 3822, 11289)
(3718, 5257, 3735, 11317)
(3723, 4992, 3737, 11245)
(3712, 5019, 3727, 11140)
(3715, 5030, 3730, 11240)
(3802, 5279, 3823, 11375)
(3727, 5237, 3742, 11240)
(3730, 4997, 3747, 11219)
(5535, 7287, 5554, 16885)
(3740, 5148, 3755, 11307)
(5512, 8486, 5534, 16599)
(5496, 7234, 5519, 16672)
(3734, 5018, 3753, 11285)
(5490, 7291, 5509, 16782)
(3827, 6507, 3845, 11485)
(3730, 5064, 3745, 11351)
(3740, 4987, 3757, 11356)
(3729, 4901, 3747, 11241)
(3783, 5013, 3804, 11300)
(3732, 5173, 3751, 11288)
(3752, 5008, 3767, 11287)
(3700, 4912, 3715, 11234)
(3715, 5041, 3729, 11202)
(3741, 6215, 3761, 11274)
(3758, 5002, 3777, 11183)
(3749, 4905, 3764, 11237)
(3719, 5081, 3734, 11277)
(3793, 5067, 3818, 11458)
(3736, 5044, 3767, 11249)
(3744, 4984, 3758, 11319)
(3720, 5107, 3735, 11213)
(3737, 4968, 3752, 11316)
(5523, 7261, 5543, 16749)
(3799, 5020, 3826, 11378)
(3796, 5461, 3812, 11458)
(3793, 4854, 3808, 11395)
(3752, 5775, 3801, 11294)
(3795, 6046, 3811, 11379)
(3723, 5816, 3738, 11297)
(3726, 5329, 3741, 11274)
(3738, 5915, 3756, 11274)
(3726, 5076, 3741, 11260)
(3810, 5106, 3825, 11500)
(3741, 4815, 3755, 11358)
(3771, 4677, 3785, 11358)
(5533, 6796, 5553, 16764)
(3787, 4840, 3808, 11437)
(3789, 5515, 3808, 11462)
(3802, 4983, 3823, 11394)
(3731, 4940, 3748, 11337)
(3741, 5058, 3755, 11355)
(5535, 7769, 5556, 16609)
(3835, 5263, 3852, 11465)
(5581, 8232, 5604, 16931)
(3778, 4932, 3793, 11478)
(5512, 7034, 5535, 16698)
(3875, 5191, 3969, 11255)
(5525, 6903, 5548, 16697)
(3708, 4774, 3723, 11184)
(3733, 4890, 3748, 11338)
(3703, 5010, 3723, 11257)
(3722, 5177, 3736, 11171)
(3718, 5496, 3733, 11161)
(3796, 4799, 3811, 11497)
(3755, 4926, 3769, 11267)
(3710, 5131, 3725, 11322)
(3725, 4927, 3740, 11315)
(5505, 7077, 5528, 16746)
(3758, 4874, 3773, 11310)
(3743, 4806, 3766, 11250)
(3720, 4787, 3738, 11299)
(3788, 5056, 3803, 11381)
(3757, 4820, 3771, 11303)
(3789, 5274, 3805, 11376)
(3710, 4842, 3730, 11350)
(5471, 7156, 5492, 16562)
(3800, 4934, 3816, 11401)
(3729, 4654, 3749, 11240)
(3754, 4727, 3768, 11337)
(3718, 4818, 3735, 11259)
(3810, 5129, 3825, 11465)
(3726, 5701, 3740, 11267)
(3721, 4661, 3736, 11271)
(3794, 4898, 3809, 11504)
(3740, 4934, 3758, 11322)
(3710, 5291, 3726, 11192)
(3809, 5763, 3824, 11356)
(3733, 5001, 3748, 11180)
(3715, 4738, 3730, 11323)
(3761, 5007, 3776, 11219)
(3728, 5168, 3748, 11137)
(3755, 4755, 3769, 11160)
(3796, 4908, 3821, 11533)
(5546, 7374, 5569, 16890)
(5528, 7050, 5550, 16689)
(3769, 5560, 3785, 11236)
(3780, 5434, 3796, 11325)
(3812, 5424, 3830, 11430)
(5532, 7165, 5552, 16724)
(3798, 5003, 3820, 11434)
(3813, 4869, 3829, 11443)
(3737, 4782, 3754, 11424)
(3807, 4837, 3823, 11498)
(3825, 5019, 3841, 11530)
(3744, 4700, 3758, 11282)
(3718, 4715, 3738, 11222)
(3756, 4910, 3770, 11335)
(3782, 4969, 3799, 11462)
(3719, 5356, 3735, 11127)
(3839, 4992, 3854, 11495)
(3734, 4895, 3751, 11336)
(3721, 4866, 3735, 11377)
(3754, 5640, 3768, 11308)
(3759, 4714, 3773, 11302)
(3805, 4944, 3822, 11536)
(3729, 4988, 3744, 11211)
(5534, 7321, 5589, 16722)
(3808, 5148, 3823, 11487)
(5663, 7033, 5683, 17002)
(3754, 5230, 3772, 11306)
(3737, 4881, 3752, 11258)
(3725, 5347, 3745, 11333)
(5482, 7232, 5506, 16500)
(3712, 4660, 3726, 11320)
(3738, 4804, 3756, 11329)
(3739, 4934, 3757, 11159)
(3773, 5017, 3788, 11486)
(3746, 4796, 3761, 11278)
(3799, 4694, 3815, 11576)
(3748, 5626, 3763, 11320)
(3741, 5202, 3760, 11303)
(3817, 5273, 3832, 11502)
(3828, 5461, 3843, 11369)
(3784, 4930, 3800, 11474)
(3784, 4827, 3799, 11481)
(3780, 5103, 3800, 11328)
(3739, 4790, 3753, 11115)
(5553, 7197, 5573, 16842)
(3742, 4785, 3757, 11163)
(3742, 4726, 3760, 11247)
(3738, 4962, 3753, 11207)
(3766, 4890, 3781, 11288)
(3728, 4828, 3742, 11272)
(3799, 4980, 3818, 11324)
(3777, 5084, 3791, 11347)
(3732, 4824, 3749, 11306)
(3789, 4834, 3809, 11424)
(3785, 4828, 3800, 11431)
(3747, 4755, 3764, 11349)
(3749, 4720, 3765, 11301)
(3778, 4778, 3793, 11317)
(3755, 4724, 3773, 11268)
(3731, 4932, 3751, 11210)
(3758, 4858, 3777, 11213)
(3740, 4933, 3755, 11202)
(3769, 4875, 3783, 11284)
(3739, 5440, 3757, 11253)
(3740, 5000, 3758, 11327)
(3810, 5776, 3827, 11420)
(3761, 4803, 3775, 11091)
(3758, 4893, 3773, 11202)
(3792, 5011, 3819, 11325)
(3793, 4993, 3809, 11496)
(3762, 5035, 3777, 11337)
(3704, 4624, 3718, 11196)
(5544, 7140, 5563, 16846)
(3802, 5907, 3818, 11344)
(3708, 4876, 3723, 11252)
(5552, 6996, 5579, 16787)
(3759, 4928, 3775, 11351)
(3795, 5384, 3812, 11453)
(5466, 6872, 5486, 16701)
(3744, 4640, 3763, 11341)
(3732, 4680, 3753, 11192)
(3811, 5068, 3827, 11451)
(3817, 4909, 3838, 11445)
(3807, 4902, 3822, 11388)
(3797, 4950, 3812, 11481)
(3753, 5243, 3771, 11227)
(3866, 4955, 3881, 11662)
(3755, 4670, 3769, 11354)
(3730, 4780, 3745, 11338)
(3780, 5081, 3795, 11295)
(3784, 4926, 3801, 11393)
(3821, 4939, 3839, 11517)
(3795, 5134, 3810, 11370)
(3789, 5087, 3805, 11368)
(3787, 5146, 3803, 11408)
(3754, 5122, 3769, 11255)
(3798, 5061, 3813, 11538)
(3799, 5190, 3815, 11407)
(3765, 4984, 3782, 11397)
(3713, 4842, 3727, 11311)
(3767, 4899, 3788, 11356)
(3722, 5003, 3736, 11186)
(3741, 6235, 3759, 11296)
(3782, 5505, 3797, 11345)
(3811, 5075, 3825, 11424)
(3729, 4707, 3744, 11342)
(3720, 4755, 3735, 11309)
(3726, 5221, 3740, 11258)
(3779, 5388, 3795, 11402)
(3733, 4827, 3753, 11268)
(3760, 5207, 3776, 11341)
(3817, 5121, 3832, 11571)
(3700, 4933, 3714, 11268)
(3736, 4778, 3757, 11167)
(3740, 4940, 3757, 11205)
(3805, 5063, 3822, 11481)
(3800, 4848, 3820, 11452)
(3799, 4904, 3818, 11333)
(3795, 5076, 3812, 11495)
(3723, 4858, 3738, 11345)
(5527, 7505, 5550, 16702)
(3829, 5305, 3849, 11462)
(7709, 9718, 7733, 23351)
(7680, 9710, 7709, 23237)
(3733, 4837, 3749, 11302)
(3731, 5756, 3746, 11305)
(3765, 4971, 3780, 11288)
(5509, 6806, 5534, 16746)
(3749, 5516, 3764, 11297)
(3812, 5932, 3827, 11466)
(3747, 4798, 3767, 11321)
(3793, 4959, 3815, 11350)
(3750, 4797, 3765, 11286)
(3774, 4793, 3792, 11355)
(3823, 5287, 3838, 11520)
(3756, 4861, 3784, 11276)
(3732, 4807, 3757, 11319)
(5510, 7260, 5529, 16590)
(5535, 7036, 5560, 16717)
(3764, 4923, 3794, 11357)
(3736, 4755, 3750, 11351)
(3800, 4839, 3815, 11319)
(3749, 5002, 3764, 11367)
(3744, 4931, 3759, 11359)
(3817, 4868, 3835, 11484)
(3805, 4876, 3826, 11515)
(3820, 5278, 3839, 11500)
(3777, 4980, 3793, 11379)
(3741, 4973, 3755, 11243)
(3734, 4762, 3749, 11330)
(3751, 4817, 3770, 11287)
(3817, 4840, 3835, 11399)
(3719, 4538, 3734, 11329)
(3739, 4959, 3756, 11338)
(3735, 4949, 3750, 11134)
(3743, 5059, 3761, 11292)
(5497, 7428, 5522, 16676)
(3732, 4839, 3746, 11301)
(3711, 4978, 3729, 11277)
(3799, 5221, 3829, 11393)
(3798, 4947, 3824, 11365)
(3731, 4709, 3749, 11194)
(5517, 7104, 5543, 16658)
(5532, 7511, 5555, 16807)
(3795, 5293, 3812, 11438)
(3811, 5682, 3829, 11540)
(3791, 5088, 3812, 11430)
(3821, 5034, 3836, 11586)
(3755, 4638, 3770, 11282)
(3752, 4890, 3768, 11281)
(3793, 4980, 3807, 11353)
(3740, 4705, 3757, 11278)
(3816, 4883, 3834, 11378)
(5564, 7721, 5587, 16660)
(3713, 4735, 3727, 11348)
(5500, 6979, 5527, 16683)
(3806, 5226, 3824, 11421)
(3796, 5282, 3811, 11387)
(3743, 5242, 3762, 11317)
(3751, 4824, 3765, 11222)
(3721, 5017, 3741, 11238)
(3784, 5356, 3799, 11318)
(3766, 4842, 3781, 11350)
(3745, 4870, 3762, 11265)
(5541, 7297, 5560, 16674)
(3768, 4986, 3791, 11247)
(3787, 4805, 3802, 11481)
(3733, 4807, 3749, 11286)
(5519, 7125, 5538, 16728)
(3721, 4860, 3738, 11229)
(3729, 5283, 3745, 11170)
(3725, 5391, 3740, 11212)
(5532, 7984, 5554, 16801)
(3725, 4702, 3740, 11308)
(3794, 4911, 3809, 11362)
(3741, 4981, 3756, 11199)
(3720, 4887, 3738, 11148)
(3712, 4872, 3726, 11177)
(3752, 4655, 3767, 11280)
(3799, 5019, 3817, 11438)
(3790, 5471, 3805, 11424)
(3815, 5865, 3834, 11547)
(3801, 5011, 3816, 11514)
(3791, 4974, 3805, 11283)
(3741, 5025, 3761, 11389)
(3772, 5067, 3795, 11316)
(3759, 5625, 3774, 11357)
(3738, 4842, 3765, 11281)
(3746, 4752, 3761, 11364)
(3712, 4936, 3726, 11275)
(3751, 4907, 3766, 11354)
(3738, 5036, 3756, 11309)
(3778, 5013, 3793, 11403)
(5505, 7226, 5529, 16654)
(3703, 4921, 3717, 11168)
(3768, 5563, 3787, 11200)
(3714, 5057, 3728, 11199)
(3701, 5718, 3716, 11175)
(3740, 5918, 3757, 11331)
(3730, 5185, 3745, 11282)
(3786, 5909, 3800, 11308)
(3801, 4996, 3817, 11357)
(3746, 4934, 3767, 11223)
(5521, 8206, 5543, 16581)
(3785, 5837, 3801, 11349)
(3748, 5419, 3777, 11332)
(3721, 5052, 3736, 11239)
(3750, 4881, 3764, 11232)
(3795, 5055, 3810, 11400)
(3818, 4965, 3839, 11455)
(5544, 7068, 5563, 16878)
(3729, 4699, 3744, 11310)
(3775, 4955, 3801, 11178)
(3731, 5266, 3746, 11141)
(3765, 5277, 3783, 11264)
(3731, 5109, 3746, 11383)
(5566, 7514, 5589, 16869)
(3774, 5122, 3792, 11336)
(3766, 4777, 3780, 11421)
(3730, 4822, 3745, 11231)
(3766, 5003, 3791, 11423)
(3747, 4948, 3766, 11325)
(3739, 5085, 3754, 11283)
(5489, 7567, 5509, 16657)
(3712, 4980, 3727, 11320)
(3874, 5573, 3938, 11280)
(3755, 6108, 3769, 11278)
(3837, 5302, 3856, 11530)
(5535, 7576, 5555, 16669)
(3796, 4838, 3811, 11338)
(3811, 4944, 3834, 11531)
(3798, 5056, 3819, 11411)
(3799, 5269, 3820, 11429)
(3711, 4696, 3726, 11225)
(3710, 4695, 3726, 11276)
(3728, 4842, 3743, 11182)
(3782, 4699, 3797, 11508)
(3794, 4833, 3810, 11453)
(7839, 10468, 7891, 23345)
(3758, 4966, 3778, 11240)
(3799, 4880, 3814, 11350)
(3741, 4762, 3756, 11350)
(3787, 4796, 3802, 11534)
(3730, 4671, 3745, 11264)
(3736, 4728, 3752, 11294)
(3719, 4595, 3734, 11255)
(3741, 4744, 3756, 11318)
(3814, 5181, 3834, 11475)
(3692, 5095, 3707, 11219)
(3754, 5274, 3774, 11326)
(3713, 5038, 3727, 11166)
(3720, 4953, 3735, 11253)
(3792, 5040, 3812, 11291)
(3814, 5011, 3829, 11478)
(3739, 5003, 3754, 11336)
(3699, 8030, 3714, 11293)
(3723, 4926, 3739, 11194)
(3723, 4935, 3745, 11155)
(3732, 5004, 3752, 11225)
(3728, 4925, 3743, 11288)
(3720, 4996, 3740, 11251)
(3739, 5111, 3758, 11226)
(3764, 4992, 3780, 11428)
(3738, 4932, 3752, 11294)
(3728, 4908, 3743, 11234)
(3730, 5037, 3751, 11310)
(5524, 8421, 5543, 16742)
(3722, 5210, 3739, 11223)
(3723, 5206, 3739, 11297)
(3755, 5183, 3771, 11340)
(3729, 5075, 3744, 11269)
(3750, 5111, 3798, 11279)
(3816, 5171, 3831, 11539)
(5508, 7200, 5527, 16631)
(3807, 5944, 3822, 11490)
(3717, 4938, 3737, 11244)
(3744, 5067, 3758, 11249)
(3743, 5760, 3760, 11271)
(3733, 4680, 3747, 11290)
(3764, 4880, 3779, 11380)
(3727, 5008, 3744, 11302)
(3730, 5121, 3748, 11333)
(3724, 4742, 3738, 11315)
(3717, 5483, 3743, 11314)
(3805, 5088, 3823, 11465)
(3717, 5061, 3732, 11220)
(3706, 5140, 3721, 11030)
(3791, 4909, 3806, 11505)
(5508, 7361, 5527, 16768)
(3726, 5126, 3742, 11353)
(3781, 4955, 3796, 11372)
(5529, 7544, 5557, 16827)
(3737, 4963, 3762, 11260)
(3723, 4889, 3738, 11314)
(3723, 5064, 3746, 11177)
(3736, 4928, 3751, 11343)
(3746, 5210, 3771, 11225)
(3788, 5974, 3804, 11500)
(3723, 5868, 3738, 11322)
(3711, 5508, 3726, 11166)
(3721, 5037, 3737, 11237)
(3724, 4944, 3739, 11380)
(3723, 5040, 3739, 11157)
(3727, 5010, 3742, 11306)
(3745, 5441, 3760, 11308)
(3734, 5059, 3754, 11190)
(3941, 6212, 4033, 11449)
(3743, 5089, 3760, 11406)
(3755, 5177, 3769, 11194)
(3758, 5069, 3772, 11289)
(3740, 5021, 3758, 11425)
(5525, 7377, 5560, 16677)
(3740, 4998, 3759, 11251)
(3729, 5287, 3747, 11253)
(3726, 5720, 3744, 11123)
(3718, 4850, 3732, 11260)
(3806, 5122, 3826, 11466)
(3728, 5008, 3749, 11311)
(3735, 5012, 3750, 11174)
(3747, 5300, 3765, 11340)
(3750, 5268, 3765, 11331)
(3691, 5009, 3705, 11363)
(5527, 7485, 5552, 16721)
(3819, 4968, 3834, 11515)
(3747, 5033, 3762, 11284)
(3808, 4918, 3823, 11447)
(3748, 4907, 3762, 11364)
(3737, 4955, 3754, 11208)
(3796, 5111, 3821, 11333)
(3754, 5214, 3768, 11287)
(3723, 5466, 3741, 11263)
(3734, 5055, 3751, 11335)
(3812, 5310, 3832, 11513)
(3727, 4939, 3745, 11244)
(3717, 4799, 3731, 11300)
(3821, 5075, 3836, 11504)
(3740, 5744, 3793, 11285)
(3791, 5759, 3807, 11471)
(3699, 4760, 3719, 11176)
(3710, 5894, 3724, 11336)
(3731, 5519, 3746, 11299)
(3818, 5039, 3835, 11558)
(5500, 7409, 5519, 16762)
(3756, 5044, 3772, 11321)
(3733, 4807, 3748, 11239)
(3728, 4997, 3745, 11132)
(3810, 5343, 3825, 11552)
(3734, 5167, 3748, 11211)
(3810, 5471, 3827, 11403)
(3737, 5199, 3755, 11239)
(3809, 5864, 3827, 11380)
(3786, 4972, 3811, 11451)
(5532, 7258, 5556, 16794)
(3744, 5069, 3759, 11370)
(3713, 4992, 3727, 11251)
(3720, 4921, 3735, 11285)
(3730, 5388, 3751, 11255)
(5547, 7610, 5566, 16801)
(3789, 5159, 3807, 11457)
(3736, 5256, 3757, 11318)
(3743, 4851, 3758, 11308)
(3729, 4926, 3744, 11160)
(5510, 7335, 5529, 16675)
(3735, 5001, 3756, 11323)
(3743, 5036, 3757, 11413)
(5569, 7641, 5588, 17018)
(3737, 5684, 3753, 11306)
(3780, 5054, 3795, 11316)
(3708, 4935, 3728, 11231)
(3757, 4841, 3777, 11317)
(5552, 8088, 5574, 16839)
(3795, 5055, 3810, 11545)
(3726, 4914, 3741, 11349)
(3816, 5135, 3830, 11588)
(3704, 4803, 3719, 11308)
(3771, 5021, 3786, 11481)
(3741, 5046, 3757, 11359)
(3723, 5068, 3739, 11182)
(3819, 5117, 3834, 11415)
(3746, 5039, 3766, 11248)
(3739, 5512, 3756, 11328)
(3800, 5945, 3819, 11442)
(3798, 4947, 3817, 11479)
(3747, 4978, 3764, 11292)
(3701, 5230, 3720, 11249)
(3820, 5234, 3835, 11361)
(3730, 4868, 3746, 11250)
(3784, 5026, 3798, 11443)
(3722, 5016, 3738, 11209)
(3759, 5060, 3773, 11263)
(3747, 5318, 3761, 11421)
(3738, 5110, 3754, 11239)
(3729, 5250, 3744, 11296)
(5514, 7238, 5533, 16668)
(5529, 7264, 5548, 16733)
(3708, 4935, 3723, 11220)
(3755, 5237, 3770, 11251)
(3810, 5019, 3825, 11369)
(3791, 5025, 3806, 11443)
(3757, 5165, 3772, 11365)
(3723, 5378, 3738, 11242)
(5528, 7699, 5549, 16698)
(3718, 4896, 3736, 11315)
(3792, 5276, 3813, 11508)
(3796, 5105, 3819, 11400)
(3707, 4826, 3723, 11291)
(3732, 4924, 3747, 11159)
(3734, 5227, 3749, 11302)
(3722, 4838, 3737, 11218)
(3728, 5031, 3743, 11192)
(3726, 4846, 3740, 11299)
(3807, 5016, 3824, 11509)
(3742, 5354, 3758, 11317)
(3821, 5157, 3839, 11562)
(3792, 4984, 3808, 11351)
(3814, 5151, 3829, 11458)
(3806, 5279, 3821, 11416)
(3736, 4949, 3751, 11213)
(3731, 5060, 3746, 11294)
(3746, 5041, 3761, 11181)
(3743, 4912, 3758, 11254)
(3721, 4834, 3735, 11248)
(3813, 5133, 3830, 11504)
(3748, 5068, 3768, 11310)
(3743, 5128, 3763, 11333)
