(435385, 543406, 438516, 0)
(383683, 439995, 386169, 0)
(405270, 424595, 408996, 0)
(382485, 421595, 385908, 0)
(380638, 459104, 383028, 0)
(385262, 428431, 388004, 0)
(381123, 492960, 383882, 0)
(382693, 413685, 386502, 0)
(378776, 395083, 381152, 0)
(383003, 499411, 385860, 0)
(379553, 464616, 381560, 0)
(381799, 449025, 385220, 0)
(381758, 399100, 385387, 0)
(380848, 419016, 384342, 0)
(381333, 408769, 384252, 0)
(434731, 466557, 437487, 0)
(380934, 398714, 384726, 0)
(410871, 435431, 415001, 0)
