(639072, 828646, 643117, 0)
(598556, 671026, 602681, 0)
(617254, 684435, 621511, 0)
(589208, 685740, 592675, 0)
(585385, 723987, 589692, 0)
(585342, 794648, 590209, 0)
(586194, 720422, 590179, 0)
(587508, 637536, 590924, 0)
(584603, 628940, 588566, 0)
(584725, 651717, 588875, 0)
(591588, 647504, 594094, 0)
(584460, 638346, 588357, 0)
(585081, 646111, 589040, 0)
(584893, 634485, 588702, 0)
(585542, 650842, 589703, 0)
(649510, 700070, 654177, 0)
(585572, 629248, 589737, 0)
(614097, 694903, 618588, 0)
