(6675, 12766, 6767, 22877)
(4695, 7753, 4770, 15085)
(4750, 6624, 4824, 15110)
(4701, 6676, 4778, 15110)
(4660, 6655, 4739, 15124)
(4639, 6640, 4721, 15128)
(4703, 7185, 4775, 15111)
(6660, 9546, 6732, 22901)
(4671, 6585, 4740, 15125)
(4678, 6917, 4749, 15116)
(6636, 10451, 6720, 22840)
(4657, 7828, 4795, 15145)
(4723, 7093, 4808, 15046)
(4657, 7221, 4739, 15087)
(4826, 7821, 4950, 15035)
(4647, 7027, 4730, 15061)
(4633, 8136, 4734, 15012)
(4621, 7000, 4695, 15057)
(4692, 6593, 4764, 15090)
(4693, 6464, 4767, 15042)
(4621, 6563, 4697, 15112)
(4659, 6747, 4750, 15121)
(4730, 6919, 4802, 15033)
(4630, 6168, 4709, 15063)
(4679, 6219, 4760, 15141)
(4640, 6286, 4716, 15120)
(4707, 7371, 4777, 15104)
(4685, 6286, 4757, 15171)
(4698, 6659, 4774, 15128)
(4713, 6053, 4796, 15168)
(4685, 6286, 4760, 15103)
(4634, 6421, 4704, 15159)
(4629, 6354, 4714, 15195)
(6895, 9738, 6983, 22880)
(4695, 6602, 4772, 15038)
(4655, 6679, 4749, 15158)
(4618, 6772, 4697, 15115)
(4681, 6983, 4757, 15189)
(4702, 6675, 4773, 15094)
(4672, 8258, 4742, 15000)
(4660, 7066, 4739, 15156)
(4646, 8215, 4723, 15051)
(4643, 7559, 4720, 15125)
(4693, 6676, 4761, 15088)
(4675, 6773, 4745, 15050)
(4681, 7452, 4758, 15032)
(4670, 8078, 4746, 15161)
(4650, 6733, 4724, 15175)
(4622, 6855, 4696, 15089)
(4687, 7290, 4757, 15030)
(6662, 10269, 6740, 22883)
(4661, 7251, 4732, 15168)
(4686, 7170, 4751, 15062)
(4607, 7601, 4685, 15086)
(4640, 7633, 4712, 15039)
(4700, 6831, 4770, 15096)
(4690, 7187, 4760, 15043)
(4636, 7349, 4710, 15106)
(4628, 7517, 4699, 15132)
(4675, 6687, 4745, 15063)
(4616, 6429, 4689, 15059)
(4690, 7288, 4760, 15033)
(6658, 9831, 6738, 22904)
(4723, 6607, 4791, 15046)
(4657, 6962, 4737, 15087)
(4624, 6585, 4701, 15108)
(4661, 6707, 4734, 15183)
(6762, 10045, 6845, 22839)
(4676, 8092, 4784, 15093)
(6762, 10238, 6837, 22858)
(4698, 6928, 4767, 15091)
(6650, 9881, 6722, 22885)
(4666, 7147, 4738, 15174)
(4699, 6840, 4774, 15026)
(4633, 6649, 4711, 15076)
(4604, 6979, 4677, 15082)
(4688, 6766, 4755, 15032)
(4729, 6774, 4803, 15074)
(4698, 6610, 4764, 15088)
(4605, 7122, 4679, 15043)
(4666, 6950, 4735, 15071)
(4686, 8318, 4762, 15121)
(6759, 11086, 6850, 22857)
(4704, 7108, 4783, 15035)
(6663, 9795, 6740, 22898)
(4650, 6597, 4735, 15144)
(6684, 10412, 6759, 22910)
(4639, 6982, 4716, 15101)
(4688, 7101, 4764, 15085)
(6689, 9563, 6763, 22850)
(4623, 6937, 4705, 15074)
(6685, 9962, 6761, 22908)
(4694, 6785, 4769, 15065)
(4665, 6581, 4750, 15157)
(4639, 7174, 4716, 15060)
(6666, 9380, 6748, 22907)
(4690, 7011, 4764, 15016)
(4697, 8122, 4763, 15090)
(4667, 7259, 4736, 15158)
(4613, 6218, 4689, 15071)
(4677, 6429, 4750, 15119)
(4679, 6894, 4757, 15131)
(6703, 9468, 6774, 22910)
(4610, 6559, 4696, 15039)
(4675, 6681, 4740, 15066)
(4721, 7232, 4801, 15072)
(4681, 7557, 4757, 15132)
(4706, 6839, 4770, 15076)
(4675, 6594, 4745, 15152)
(6683, 10702, 6755, 22928)
(4663, 6487, 4732, 15075)
(4635, 7389, 4716, 15021)
(4626, 6401, 4712, 15090)
(4680, 6544, 4743, 15025)
(4622, 6784, 4698, 15052)
(4699, 8315, 4800, 15031)
(4703, 7520, 4774, 15062)
(4664, 7756, 4735, 15147)
(6664, 9347, 6734, 22913)
(4631, 6462, 4710, 15075)
(6654, 9570, 6733, 22904)
(4606, 6843, 4680, 15070)
(4654, 6554, 4738, 15186)
(4646, 6900, 4757, 15106)
(4674, 6589, 4745, 15013)
(4642, 6371, 4725, 15083)
(4645, 6370, 4724, 15094)
(4734, 6780, 4796, 15050)
(4704, 7971, 4772, 15077)
(4615, 7212, 4719, 15098)
(4719, 8648, 4948, 15133)
(4700, 6577, 4767, 15063)
(4618, 6921, 4702, 15057)
(4804, 7209, 4916, 15041)
(4678, 6765, 4754, 15148)
(4609, 6545, 4682, 15104)
(4684, 6805, 4782, 15179)
(4665, 7137, 4750, 15042)
(4618, 7427, 4729, 15015)
(4656, 7253, 4741, 15120)
(4771, 8151, 4887, 15101)
(4718, 7554, 4789, 15098)
(4651, 7609, 4728, 15133)
(4640, 7513, 4745, 15144)
(4628, 6234, 4708, 15114)
(4736, 6428, 4805, 15065)
(4693, 6281, 4766, 15117)
(4668, 6625, 4744, 15114)
(4666, 6645, 4737, 15107)
(4692, 8367, 4758, 15051)
(4691, 6740, 4762, 15059)
(6914, 9431, 7000, 22912)
(4930, 6992, 5068, 15069)
(6747, 10884, 6829, 22882)
(4607, 6319, 4684, 15053)
(4720, 6662, 4785, 15058)
(4718, 6567, 4790, 15071)
(4669, 6516, 4747, 15082)
(4670, 6672, 4742, 15125)
(6647, 9573, 6719, 22857)
(4685, 6554, 4758, 15123)
(4694, 6561, 4770, 15083)
(4671, 6424, 4751, 15036)
(4706, 6523, 4781, 15069)
(4680, 6416, 4752, 15039)
(4647, 6799, 4726, 15168)
(4708, 6478, 4778, 15050)
(4689, 6830, 4760, 15043)
(4652, 6748, 4734, 15147)
(6675, 9148, 6750, 22919)
(4676, 6865, 4746, 15091)
(4697, 6508, 4764, 15089)
(4636, 6602, 4716, 15167)
(4740, 6743, 4816, 15065)
(4693, 6659, 4766, 15062)
(4634, 5981, 4719, 15047)
(4678, 6273, 4757, 15104)
(4666, 6818, 4737, 15164)
(4614, 7036, 4687, 15075)
(4727, 6330, 4800, 15064)
(4719, 6328, 4788, 15053)
(4620, 7027, 4701, 15114)
(4628, 6490, 4707, 15090)
(4621, 7054, 4701, 15099)
(4632, 6797, 4709, 15037)
(4628, 6762, 4713, 15058)
(4694, 7052, 4765, 15046)
(4624, 6978, 4701, 15037)
(4655, 6270, 4734, 15069)
(4682, 6390, 4752, 15119)
(4696, 6753, 4769, 15059)
(6682, 8901, 6757, 22913)
(4674, 6974, 4761, 15134)
(4700, 6488, 4766, 15097)
(4610, 7196, 4689, 15003)
(4653, 7880, 4741, 15124)
(6837, 10472, 6938, 22856)
(6761, 10329, 6873, 22907)
(4654, 6523, 4725, 15053)
(4616, 6065, 4693, 15173)
(4628, 6600, 4717, 15091)
(4733, 6426, 4817, 15147)
(4740, 6492, 4806, 15112)
(4627, 6395, 4706, 15034)
(6777, 10962, 6858, 22842)
(4733, 6400, 4803, 15050)
(4699, 6458, 4768, 15094)
(4643, 6657, 4724, 15097)
(4654, 6782, 4725, 15051)
(4693, 6680, 4766, 15034)
(4611, 6595, 4688, 15090)
(4621, 6630, 4707, 15030)
(4676, 6191, 4757, 15090)
(4614, 6280, 4686, 15078)
(4695, 6439, 4760, 15082)
(4666, 6627, 4740, 15128)
(4666, 6608, 4738, 15147)
(4673, 7627, 4744, 15092)
(4706, 6383, 4771, 15109)
(4820, 7458, 4965, 15089)
(4634, 6520, 4713, 15063)
(4698, 7931, 4767, 15096)
(4619, 6985, 4699, 15028)
(4696, 6633, 4772, 15083)
(4679, 6481, 4756, 15172)
(4626, 6364, 4699, 15097)
(4614, 6293, 4689, 15077)
(4625, 6688, 4704, 15083)
(4691, 6636, 4767, 15109)
(4647, 6725, 4737, 15182)
(4679, 6633, 4755, 15046)
(4648, 6492, 4720, 15134)
(4705, 6979, 4771, 15037)
(4693, 6338, 4763, 15094)
(4643, 6431, 4715, 15114)
(4684, 6596, 4753, 15047)
(4630, 6415, 4705, 15161)
(4688, 6418, 4760, 15048)
(4727, 6452, 4808, 15165)
(4702, 7186, 4772, 15102)
(4620, 6302, 4698, 15085)
(4648, 6290, 4719, 15026)
(4726, 6474, 4794, 15023)
(4649, 6480, 4726, 14997)
(4610, 6297, 4690, 15051)
(4666, 6600, 4745, 15138)
(4689, 6472, 4761, 15122)
(4760, 7085, 4834, 15058)
(4674, 6268, 4744, 15146)
(4710, 6443, 4782, 15045)
(4644, 6425, 4715, 15157)
(4649, 6280, 4745, 15163)
(4690, 6424, 4756, 15088)
(4694, 6545, 4766, 15055)
(4701, 6827, 4771, 15070)
(6661, 9562, 6739, 22910)
(4624, 6230, 4703, 15057)
(4636, 7406, 4719, 15080)
(4676, 6859, 4753, 15145)
(4628, 6371, 4705, 15162)
(4692, 6672, 4768, 15110)
(4701, 6742, 4768, 15067)
(4678, 6253, 4747, 15015)
(4652, 7420, 4721, 15160)
(4704, 7580, 4768, 15011)
(4691, 6489, 4764, 15099)
(4668, 6346, 4739, 15117)
(4692, 6667, 4771, 15146)
(4699, 6719, 4772, 15077)
(6738, 9746, 6821, 22904)
(4701, 6371, 4779, 15136)
(4602, 5601, 4674, 15019)
(4707, 7052, 4776, 15023)
(4612, 6180, 4688, 15101)
(6694, 9297, 6776, 22896)
(4687, 7802, 4761, 15165)
(4631, 7029, 4708, 15074)
(4627, 6616, 4700, 15004)
(6678, 9893, 6758, 22862)
(4723, 6890, 4795, 15111)
(6679, 9364, 6752, 22913)
(4639, 6419, 4715, 15083)
(4658, 6349, 4743, 15155)
(4646, 7245, 4728, 15048)
(4675, 6397, 4758, 15163)
(4662, 6400, 4749, 15175)
(4664, 6657, 4736, 15110)
(4716, 7402, 4793, 15046)
(4633, 6614, 4704, 15172)
(4667, 6446, 4739, 15037)
(4629, 6645, 4707, 15083)
(4733, 6483, 4808, 15073)
(4671, 6494, 4747, 15073)
(4628, 7025, 4703, 15085)
(4682, 6347, 4757, 15107)
(4697, 6520, 4763, 15096)
(6687, 9131, 6760, 22831)
(4689, 6595, 4760, 15026)
(4667, 6331, 4735, 15141)
(4647, 6517, 4733, 15166)
(4745, 7165, 4895, 15046)
(4628, 6263, 4706, 15089)
(4630, 6483, 4711, 15054)
(4634, 7226, 4711, 15157)
(4619, 6374, 4697, 15065)
(4623, 6381, 4707, 15069)
(4677, 6636, 4746, 15040)
(4623, 6660, 4711, 15097)
(4698, 6483, 4772, 15070)
(4660, 6441, 4735, 15121)
(4694, 7646, 4764, 15005)
(6668, 9005, 6735, 22854)
(4660, 6494, 4737, 15159)
(4624, 6678, 4697, 15105)
(4681, 6619, 4760, 15063)
(4671, 6782, 4756, 15163)
(4613, 6242, 4690, 15080)
(4666, 6666, 4746, 15058)
(4628, 6572, 4707, 15111)
(4645, 6488, 4721, 15093)
(6671, 9204, 6740, 22875)
(4700, 6885, 4770, 15070)
(4608, 6518, 4681, 15025)
(5003, 7361, 5077, 15149)
(4704, 8369, 4773, 15051)
(4680, 7190, 4745, 15019)
(6657, 9371, 6734, 22875)
(4691, 6299, 4766, 15098)
(6775, 9771, 6853, 22809)
(4686, 6405, 4759, 15130)
(4666, 6611, 4738, 15151)
(4721, 6473, 4788, 15089)
(4700, 6516, 4767, 15026)
(4722, 6662, 4795, 15108)
(4696, 6321, 4775, 15104)
(4654, 6307, 4729, 15164)
(4685, 6958, 4755, 15021)
(4692, 6527, 4767, 15060)
(4659, 6474, 4732, 15130)
(4647, 6583, 4721, 15141)
(4725, 6619, 4791, 15077)
(4681, 6280, 4753, 15084)
(4633, 6566, 4713, 15097)
(4665, 6380, 4738, 15003)
(4627, 6490, 4713, 15085)
(4597, 6382, 4669, 15122)
(4625, 6384, 4706, 15083)
(4659, 6106, 4737, 15151)
(4684, 6386, 4748, 15102)
(4650, 7836, 4724, 15103)
(4609, 5945, 4680, 15102)
(4640, 6206, 4721, 15081)
(6646, 8810, 6726, 22866)
(6668, 10030, 6742, 22876)
(4630, 6233, 4715, 15071)
(6643, 8741, 6715, 22912)
(4640, 6214, 4710, 15138)
(4708, 6414, 4786, 15080)
(4670, 6612, 4748, 15178)
(4740, 6495, 4806, 15107)
(9201, 12621, 9291, 31669)
(4690, 6506, 4761, 15100)
(4631, 6427, 4708, 15107)
(4628, 6151, 4701, 15066)
(4638, 6165, 4710, 15162)
(6667, 8653, 6735, 22913)
(6686, 8998, 6760, 22877)
(4695, 6523, 4768, 15084)
(4705, 6476, 4774, 15056)
(4661, 6322, 4731, 15132)
(4713, 6610, 4780, 15067)
(4639, 6761, 4714, 15094)
(4682, 6300, 4758, 15061)
(6684, 8686, 6759, 22903)
(4635, 6252, 4708, 15106)
(6658, 8723, 6730, 22896)
(4664, 6549, 4734, 15097)
(4714, 6238, 4784, 15079)
(4683, 6356, 4757, 15148)
(4732, 6193, 4803, 15078)
(4703, 6486, 4769, 15087)
(4660, 6250, 4733, 15183)
(4621, 7094, 4701, 15061)
(4616, 6784, 4692, 15097)
(4672, 7457, 4748, 15039)
(4618, 6866, 4693, 15056)
(4625, 6498, 4697, 15088)
(4674, 6375, 4748, 15171)
(4622, 6135, 4696, 15016)
(4612, 6166, 4685, 15078)
(4690, 6295, 4757, 15135)
(4696, 6212, 4763, 15060)
(4621, 6300, 4695, 15076)
(4697, 6247, 4771, 15079)
(6653, 9593, 6725, 22838)
(4741, 6793, 4807, 15060)
(4688, 6855, 4756, 15073)
(4636, 7175, 4711, 15091)
(4611, 6444, 4683, 15070)
(6882, 9636, 6972, 22915)
(4628, 7060, 4704, 15085)
(4693, 6488, 4762, 15167)
(4633, 6577, 4722, 15093)
(4733, 6985, 4800, 15036)
(4666, 6327, 4736, 15172)
(4708, 6131, 4778, 15085)
(4629, 6723, 4703, 15066)
(4701, 6469, 4776, 15166)
(6667, 8870, 6740, 22907)
(4635, 6114, 4713, 15174)
(4748, 6400, 4823, 15077)
(4622, 6022, 4695, 15072)
(4688, 6105, 4759, 15110)
(4633, 6738, 4710, 15098)
(6656, 9335, 6730, 22869)
(4690, 7647, 4765, 15048)
(4607, 6631, 4684, 15076)
(4643, 5979, 4722, 15093)
(4614, 6617, 4686, 15060)
(4604, 7107, 4676, 15093)
(4668, 6146, 4743, 15039)
(4642, 7435, 4721, 15056)
(4669, 7305, 4744, 15167)
(4619, 6103, 4694, 15100)
(4608, 7091, 4685, 15078)
(4685, 6272, 4754, 15134)
(4671, 5927, 4750, 15142)
(4700, 6504, 4773, 15061)
(4621, 6928, 4699, 15085)
(4668, 7462, 4740, 15158)
(4732, 6457, 4801, 15106)
(4737, 6371, 4804, 15060)
(4661, 6540, 4732, 15118)
(4704, 6096, 4778, 15178)
(4659, 6106, 4729, 15101)
(4639, 6252, 4716, 15090)
(4692, 6422, 4762, 15042)
(4634, 6128, 4711, 15034)
(4648, 6659, 4732, 15151)
(4704, 6539, 4772, 15099)
(6790, 9998, 6881, 22897)
(4608, 6921, 4685, 15055)
(6667, 9291, 6736, 22889)
(4700, 6517, 4772, 15183)
(6691, 9341, 6760, 22922)
(6661, 9087, 6729, 22891)
(6772, 9332, 6846, 22919)
(4699, 6915, 4777, 15104)
(4670, 6421, 4742, 15149)
(4690, 6753, 4765, 15089)
(4693, 6866, 4764, 15028)
(4645, 6543, 4718, 15105)
(4682, 6787, 4748, 15096)
(4623, 6743, 4705, 15057)
(4701, 6687, 4765, 15104)
(6740, 9323, 6820, 22866)
(4724, 6584, 4787, 15024)
(4667, 6643, 4753, 15149)
(4696, 6713, 4766, 15030)
(4632, 7067, 4712, 15070)
(6783, 9815, 6873, 22836)
(4633, 6465, 4708, 15097)
(4695, 6377, 4765, 15161)
(4699, 6477, 4770, 15056)
(4699, 6608, 4766, 15059)
(4680, 6725, 4751, 15047)
(4690, 6947, 4761, 15116)
(4644, 6776, 4718, 15126)
(4631, 6566, 4711, 15069)
(4605, 6767, 4680, 15032)
(6657, 9070, 6725, 22904)
(4681, 6993, 4747, 15087)
(6646, 9330, 6717, 22913)
(6660, 9081, 6738, 22893)
(4695, 6833, 4771, 15074)
(6833, 9063, 6916, 22913)
(4674, 7447, 4747, 15167)
(4676, 6232, 4745, 15108)
(4640, 6327, 4729, 15085)
(4666, 6511, 4741, 15063)
(4685, 6604, 4761, 15177)
(4696, 6436, 4773, 15014)
(4694, 6975, 4765, 15086)
(4697, 6354, 4768, 15077)
(4684, 6360, 4749, 15063)
(4601, 7084, 4683, 15060)
(4711, 6634, 4777, 15036)
(4675, 6631, 4752, 15089)
(4694, 6666, 4766, 15068)
(4625, 6678, 4700, 15150)
(4671, 6296, 4742, 15043)
(4621, 6425, 4702, 15034)
(4658, 6284, 4731, 15080)
(4609, 6355, 4686, 15111)
(6686, 9213, 6754, 22907)
(4621, 6185, 4701, 15083)
(4657, 6542, 4723, 15178)
(4697, 6502, 4769, 15124)
(4657, 6313, 4730, 15077)
(4674, 6698, 4754, 15175)
(4699, 6647, 4770, 15098)
(4678, 6437, 4742, 15099)
(4718, 6812, 4811, 15119)
(4700, 6333, 4771, 15102)
(4697, 6512, 4777, 15124)
(4708, 6460, 4777, 15089)
(4664, 6232, 4742, 15087)
(6711, 8587, 6784, 22892)
(4661, 6222, 4742, 15177)
(4648, 6041, 4718, 15184)
(4633, 5975, 4715, 15115)
(4696, 6175, 4775, 15046)
(4698, 6190, 4764, 15079)
(6699, 9483, 6773, 22897)
(4652, 6559, 4723, 15155)
(6764, 8664, 6840, 22899)
(4660, 6193, 4741, 15184)
(6683, 9050, 6758, 22878)
(4634, 6518, 4715, 15097)
(6669, 8848, 6737, 22892)
(4635, 6237, 4706, 15044)
(4686, 6397, 4755, 15092)
(4715, 6724, 4788, 15061)
(4734, 6795, 4807, 15058)
(4605, 7190, 4686, 15017)
(4654, 6284, 4727, 15145)
(4693, 6142, 4768, 15111)
(4691, 7306, 4767, 15062)
(4678, 6118, 4749, 15120)
(6673, 8613, 6745, 22878)
(4729, 6229, 4805, 15072)
(4624, 5924, 4698, 15068)
(4687, 6156, 4761, 15110)
(4652, 6558, 4741, 15101)
(4729, 6712, 4791, 15060)
(4661, 6405, 4732, 15164)
(4689, 7326, 4764, 15109)
(6766, 8770, 6844, 22913)
(4668, 6490, 4739, 15111)
(4620, 6335, 4696, 15054)
(4707, 6133, 4778, 15020)
(4748, 7595, 4821, 15066)
(4691, 6389, 4766, 15152)
(4701, 6199, 4771, 15051)
(4667, 6240, 4738, 15100)
(4654, 6170, 4725, 15171)
(4615, 6278, 4694, 15082)
(4687, 6392, 4754, 15101)
(4662, 8583, 4731, 15116)
(4709, 6239, 4774, 15073)
(4618, 7318, 4694, 15045)
(4709, 6337, 4774, 15082)
(4733, 8163, 4806, 15021)
(4620, 6217, 4708, 15095)
(4678, 6085, 4750, 15164)
(6673, 9028, 6750, 22904)
(6669, 8945, 6737, 22848)
(4705, 6343, 4777, 15085)
(4685, 6849, 4765, 15091)
(4649, 6625, 4732, 15093)
(6665, 9149, 6740, 22888)
(4659, 6463, 4741, 15164)
(4643, 6343, 4720, 15168)
(4653, 6152, 4728, 15112)
(4642, 5947, 4718, 15167)
(4680, 6119, 4749, 15178)
(4721, 6929, 4789, 15107)
(4696, 6076, 4764, 15106)
(4621, 5887, 4694, 15095)
(4658, 6139, 4731, 15132)
(4687, 6612, 4759, 15072)
(4725, 6637, 4832, 15176)
(4684, 6077, 4755, 15062)
(4704, 6333, 4774, 15044)
(4691, 6481, 4767, 15118)
(4693, 6154, 4766, 15091)
(4629, 6058, 4714, 15199)
(4692, 6181, 4764, 15107)
(6639, 8684, 6711, 22907)
(4693, 6244, 4782, 15179)
(6687, 9109, 6763, 22823)
(4618, 6399, 4692, 15016)
(4684, 6398, 4750, 15042)
(4694, 6116, 4764, 15066)
(6692, 8856, 6768, 22898)
(4627, 6150, 4704, 15084)
(4654, 6289, 4732, 15087)
(4630, 6430, 4704, 15088)
(4656, 6636, 4739, 15123)
(4622, 6254, 4700, 15079)
(4659, 6227, 4739, 15132)
(4642, 6695, 4719, 15094)
(4717, 6334, 4782, 15099)
(4650, 6328, 4723, 15164)
(4662, 6379, 4740, 15088)
(4674, 6258, 4743, 15172)
(4674, 6229, 4743, 15146)
(4669, 7245, 4742, 15110)
(4622, 6322, 4701, 15005)
(6647, 8709, 6714, 22903)
(4615, 6137, 4691, 15045)
(4635, 6048, 4711, 15048)
(4679, 6073, 4748, 15088)
(4686, 6247, 4759, 15094)
(4638, 6370, 4715, 15105)
(4627, 6534, 4702, 15144)
(4697, 7167, 4764, 15068)
(4667, 6326, 4748, 15085)
(4623, 6207, 4698, 15141)
(4626, 7423, 4698, 15133)
(4680, 6481, 4750, 15055)
(4690, 6140, 4761, 15061)
(4682, 6336, 4757, 15188)
(4700, 6257, 4765, 15096)
(4701, 6603, 4773, 15103)
(4689, 6824, 4760, 15091)
(4633, 6311, 4712, 15064)
(4702, 6405, 4770, 15021)
(4688, 6897, 4759, 15093)
(4604, 6011, 4680, 15038)
(4674, 6213, 4750, 15112)
(4685, 6486, 4762, 15097)
(4615, 5999, 4693, 15029)
(4699, 6274, 4767, 15079)
(4651, 7761, 4734, 15142)
(4691, 7145, 4759, 15092)
(4702, 6265, 4769, 15083)
(6775, 8833, 6858, 22905)
(4641, 6288, 4723, 15157)
(4631, 6072, 4707, 15036)
(6684, 8585, 6758, 22897)
(4599, 6445, 4671, 15079)
(4623, 6037, 4703, 15146)
(6647, 8748, 6718, 22872)
(4623, 6116, 4701, 15080)
(4710, 6118, 4775, 15025)
(4646, 6119, 4721, 15169)
(4636, 6132, 4707, 15191)
(4632, 6041, 4715, 15184)
(4669, 6648, 4737, 15134)
(4623, 6633, 4697, 15076)
(4661, 6286, 4731, 15131)
(4700, 6282, 4770, 15079)
(4626, 6038, 4705, 15088)
(4740, 6626, 4813, 15080)
(4721, 6141, 4790, 15099)
(4661, 6745, 4736, 15167)
(4651, 6775, 4731, 15175)
(4636, 6622, 4715, 15119)
(4624, 6439, 4699, 15152)
(4610, 6912, 4687, 15030)
(4642, 6293, 4721, 15135)
(4616, 6854, 4697, 15087)
(4738, 6295, 4805, 15108)
(4706, 6278, 4775, 15083)
(4699, 7685, 4770, 15107)
(4696, 6351, 4766, 15084)
(4693, 7129, 4766, 15082)
(4627, 6661, 4703, 15125)
(4656, 6810, 4727, 15152)
(4682, 6191, 4749, 15081)
(4707, 6483, 4772, 15076)
(4705, 6765, 4781, 15032)
(4676, 6573, 4747, 15155)
(4660, 6161, 4733, 15068)
(4672, 7199, 4744, 15051)
(4633, 6062, 4707, 15173)
(4701, 6293, 4767, 15109)
(4618, 5847, 4692, 15124)
(4689, 7225, 4759, 15047)
(4712, 6404, 4790, 15157)
(4676, 6192, 4745, 15117)
(4701, 6251, 4769, 15090)
(4698, 6580, 4773, 15163)
(4611, 6849, 4685, 15039)
(6853, 9622, 6937, 22877)
(4701, 6779, 4776, 15140)
(9228, 12050, 9323, 31732)
(9240, 11770, 9332, 31707)
(4679, 6094, 4744, 15108)
(4642, 6717, 4739, 15067)
(4689, 6240, 4760, 15016)
(6910, 8973, 6993, 22892)
(4670, 6686, 4747, 15062)
(4648, 8529, 4727, 15181)
(4693, 7448, 4763, 15109)
(4663, 6571, 4746, 15107)
(4677, 6458, 4749, 15095)
(4647, 6226, 4726, 15089)
(4652, 6248, 4734, 15170)
(4695, 6219, 4765, 15020)
(4667, 6263, 4749, 15076)
(6668, 8962, 6740, 22902)
(6693, 9266, 6771, 22870)
(4630, 6181, 4706, 15066)
(4713, 6498, 4782, 15055)
(4658, 6110, 4740, 15188)
(4604, 6260, 4681, 15108)
(4696, 6363, 4769, 15062)
(4656, 6174, 4737, 15165)
(4703, 6321, 4773, 15109)
(4654, 6296, 4740, 15173)
(4649, 6181, 4721, 15172)
(4643, 6713, 4719, 15066)
(4608, 6249, 4680, 15097)
(4718, 6408, 4786, 15034)
(4648, 6487, 4718, 15123)
(4699, 6594, 4769, 15126)
(4689, 7672, 4762, 15059)
(4620, 6459, 4695, 15099)
(4646, 6388, 4719, 15094)
(6647, 9413, 6718, 22898)
(4615, 6352, 4687, 15092)
(4700, 6358, 4767, 15108)
(4722, 6409, 4806, 15138)
(4666, 7350, 4737, 15140)
(4636, 6274, 4711, 15088)
(6678, 9108, 6752, 22869)
(6667, 9496, 6741, 22879)
(4646, 6809, 4733, 15093)
(4660, 7716, 4733, 15110)
(4652, 6061, 4724, 15186)
(4686, 7147, 4764, 15174)
(4700, 6315, 4773, 15100)
(4704, 6312, 4769, 15123)
(4610, 6761, 4687, 15066)
(4703, 6166, 4769, 15040)
(4665, 6369, 4738, 15143)
(6681, 9629, 6752, 22892)
(4698, 6210, 4769, 15057)
(6646, 8763, 6722, 22898)
(4625, 6537, 4699, 15126)
(4664, 6842, 4734, 15108)
(4694, 6747, 4768, 15037)
(4624, 6119, 4700, 15083)
(4691, 6331, 4765, 15097)
(4679, 6736, 4768, 15093)
(4696, 6602, 4764, 15065)
(4657, 6203, 4735, 15035)
(6667, 9062, 6742, 22880)
(4706, 6646, 4776, 15030)
(4661, 6259, 4735, 15166)
(4714, 6420, 4814, 15142)
(6765, 8861, 6851, 22847)
(4618, 6186, 4696, 15076)
(4725, 6432, 4808, 15072)
(4715, 7364, 4779, 15101)
(6855, 8929, 6944, 22900)
(4695, 6115, 4767, 15087)
(4623, 6257, 4700, 15183)
(4664, 7271, 4744, 15034)
(4667, 6385, 4741, 15101)
(4693, 6315, 4762, 15086)
(4645, 6838, 4729, 15096)
(4749, 7621, 4825, 15133)
(4674, 6224, 4745, 15161)
(4663, 6381, 4738, 15119)
(4667, 6123, 4746, 15186)
(4705, 6310, 4777, 15046)
(4692, 6682, 4763, 15054)
(4623, 10374, 4705, 15028)
(4691, 6640, 4761, 15078)
(4671, 6416, 4741, 15019)
(4631, 6260, 4709, 15087)
(4645, 6330, 4723, 15101)
(4627, 6084, 4705, 15088)
(4673, 6219, 4743, 15025)
(4685, 6656, 4755, 15103)
(6740, 8861, 6816, 22869)
(4700, 6214, 4766, 15011)
(4636, 6495, 4709, 15041)
(4697, 7633, 4769, 15030)
(4693, 6226, 4763, 15109)
(4685, 6306, 4755, 15100)
(4684, 6229, 4754, 15082)
(4640, 7558, 4717, 15097)
(4673, 6202, 4750, 15097)
(4627, 6456, 4710, 15048)
(6691, 9230, 6761, 22886)
(4647, 6899, 4729, 15168)
(4691, 7195, 4766, 15027)
(4717, 6534, 4785, 15074)
(4626, 6520, 4707, 15079)
(4649, 6115, 4722, 15165)
(4659, 7701, 4733, 15164)
(6648, 8662, 6715, 22831)
(4624, 6139, 4698, 15100)
(4615, 7306, 4694, 15060)
(4637, 7070, 4720, 15031)
(4627, 6113, 4699, 15080)
(4706, 6156, 4773, 15068)
(6665, 8961, 6735, 22898)
(4631, 6364, 4708, 15054)
(4695, 6247, 4760, 15052)
(4695, 6304, 4770, 15121)
(4696, 6572, 4766, 15075)
(4701, 6115, 4769, 15047)
(4702, 6665, 4767, 15096)
(6811, 9522, 6894, 22850)
(4635, 6620, 4712, 15061)
(4687, 6474, 4750, 15127)
(4622, 6180, 4697, 15103)
(4655, 6486, 4746, 15130)
(6658, 9225, 6727, 22886)
(4669, 7219, 4740, 15177)
(4664, 6163, 4735, 15146)
(4660, 6374, 4738, 15154)
(4649, 7373, 4723, 15183)
(4718, 6302, 4790, 15064)
(4650, 6214, 4724, 15037)
(4665, 6407, 4736, 15014)
(4658, 6321, 4733, 15176)
(4748, 6359, 4827, 15155)
(9353, 12486, 9450, 31655)
(4616, 6316, 4694, 15072)
(4621, 6105, 4695, 15122)
(4697, 6230, 4764, 15060)
(4677, 6194, 4748, 15166)
(4671, 6114, 4747, 15113)
(4620, 6313, 4692, 15095)
(4681, 6323, 4746, 15022)
(4671, 6327, 4741, 15056)
(4657, 6738, 4731, 15127)
(4613, 6385, 4693, 15092)
(4663, 6756, 4734, 15128)
(4664, 6572, 4742, 15047)
(4657, 6427, 4723, 15016)
(4693, 6448, 4768, 15090)
(4630, 6357, 4704, 15172)
(4629, 6411, 4706, 15090)
(4634, 6456, 4716, 15098)
(4669, 6312, 4746, 15076)
(4725, 6463, 4798, 15039)
(4675, 6518, 4748, 15087)
(4661, 6462, 4732, 15102)
(4627, 6495, 4707, 15098)
(4657, 6536, 4732, 15101)
(4669, 6519, 4736, 15076)
(4651, 6386, 4727, 15082)
(4709, 6580, 4781, 15096)
(4633, 6495, 4709, 15086)
(6678, 9018, 6753, 22857)
(4608, 7170, 4687, 15038)
(4649, 6581, 4726, 15078)
(4677, 6380, 4756, 15030)
(4715, 6703, 4789, 15070)
(4646, 6445, 4729, 15034)
(4648, 6291, 4719, 15171)
(6650, 8937, 6726, 22880)
(4637, 6360, 4727, 15147)
(4700, 6575, 4773, 15079)
(4690, 6750, 4767, 15048)
(4700, 6559, 4769, 15078)
(4616, 7234, 4690, 15088)
(4694, 6763, 4770, 15094)
(4631, 6582, 4706, 15088)
(4630, 6338, 4702, 15093)
(4622, 6251, 4698, 15110)
(4677, 6443, 4746, 15079)
(4640, 6655, 4714, 15108)
(4627, 6930, 4703, 15090)
(4741, 6742, 4804, 15060)
(4648, 6301, 4738, 15175)
(6611, 8970, 6674, 22910)
(4697, 6823, 4767, 15100)
(4643, 6353, 4717, 15129)
(6767, 10713, 6843, 22901)
(4712, 6451, 4782, 15087)
(4615, 6244, 4692, 15098)
(4626, 6829, 4703, 15024)
(4718, 7771, 4788, 15032)
(4620, 6787, 4697, 15099)
(4703, 6640, 4787, 15145)
(4699, 7665, 4768, 15058)
(4622, 6692, 4697, 15050)
(4627, 6270, 4704, 15084)
(4692, 6399, 4762, 15114)
(4602, 6371, 4679, 15090)
(4669, 6607, 4739, 15023)
(4640, 6388, 4716, 15115)
(4692, 6675, 4767, 15082)
(4671, 6400, 4741, 15194)
(4627, 6521, 4698, 15055)
(4714, 6814, 4777, 15069)
(4692, 6846, 4763, 15087)
(4702, 6306, 4778, 15110)
(6846, 10690, 6932, 22889)
(4627, 6719, 4710, 15066)
(4708, 6513, 4777, 15075)
(4648, 6267, 4730, 15079)
(4703, 6427, 4769, 15107)
(4654, 6575, 4731, 15145)
(4654, 6677, 4732, 15010)
(4698, 6334, 4764, 15090)
(4618, 6977, 4692, 15083)
(4700, 6786, 4770, 15093)
(4694, 6687, 4764, 15072)
(6715, 9848, 6792, 22834)
(4684, 6616, 4755, 15115)
(4734, 6470, 4805, 15070)
(4632, 6445, 4709, 15147)
(4626, 6586, 4713, 15070)
(4696, 6535, 4764, 15015)
(4674, 6399, 4745, 15110)
(4693, 6455, 4768, 15080)
(4715, 9586, 4855, 15040)
(4616, 6583, 4699, 15075)
(4620, 6633, 4694, 15118)
(4704, 6587, 4768, 15083)
(4653, 6529, 4732, 15095)
(4656, 6523, 4732, 15180)
(4668, 6630, 4739, 15030)
(4698, 7595, 4782, 15172)
(4704, 6447, 4770, 15100)
(4635, 6200, 4710, 15041)
(4704, 7434, 4774, 15104)
(4655, 6417, 4740, 15191)
(6687, 8861, 6764, 22892)
(4715, 6560, 4789, 15092)
(4694, 6591, 4764, 15118)
(4662, 6588, 4733, 15032)
(4708, 6424, 4785, 15143)
(4636, 6637, 4713, 15037)
(4667, 6609, 4739, 15150)
(4693, 6402, 4759, 15075)
(4683, 6256, 4752, 15172)
(4733, 6581, 4807, 15164)
(6751, 9538, 6837, 22884)
(4707, 6207, 4777, 15081)
(4662, 6603, 4740, 15092)
(4618, 6543, 4693, 15029)
(4666, 6709, 4736, 15107)
(6767, 9217, 6848, 22915)
(4638, 6371, 4714, 15168)
(4615, 6914, 4694, 15077)
(4623, 6898, 4696, 15102)
(4697, 6426, 4769, 15109)
(6686, 9487, 6756, 22867)
(4853, 6983, 4971, 15110)
(4625, 6325, 4703, 15105)
(6647, 9146, 6724, 22901)
(4739, 6713, 4806, 15077)
(4722, 6621, 4799, 15148)
(4602, 5988, 4679, 15036)
(4697, 6488, 4768, 15059)
(6687, 9009, 6760, 22907)
(4635, 6615, 4713, 15106)
(4633, 6254, 4709, 15107)
(4692, 6369, 4762, 15181)
(4693, 6557, 4768, 15109)
(4675, 6509, 4746, 15161)
(4637, 6290, 4721, 15090)
(4660, 6579, 4731, 15102)
(4639, 6501, 4717, 15171)
(4635, 6368, 4709, 15075)
(4687, 6555, 4752, 15090)
(4665, 6805, 4736, 15139)
(4687, 6724, 4776, 15099)
(4675, 6552, 4744, 15097)
(4696, 6793, 4774, 15113)
(4711, 6852, 4786, 15161)
(4672, 6619, 4737, 15105)
(4642, 6304, 4715, 15174)
(4629, 6431, 4705, 15076)
(4616, 6444, 4691, 15058)
(4742, 6700, 4821, 15085)
(4705, 7535, 4775, 15054)
(4679, 6479, 4753, 15050)
(6856, 9311, 6943, 22900)
(6644, 10354, 6720, 22900)
(4678, 6450, 4751, 15062)
(4706, 6579, 4776, 15079)
(4661, 6690, 4735, 15142)
(4711, 6381, 4786, 15135)
(4635, 6462, 4715, 15084)
(4706, 6751, 4771, 15051)
(6676, 9528, 6748, 22832)
(4680, 6536, 4751, 15111)
(4645, 6515, 4729, 15177)
(4747, 6565, 4822, 15109)
(4700, 6343, 4769, 15075)
(4655, 6489, 4730, 15043)
(4633, 6552, 4710, 15094)
(4730, 6424, 4801, 15090)
(4606, 7699, 4677, 15063)
(4632, 6965, 4707, 15048)
(4683, 6707, 4751, 15175)
(4690, 6356, 4763, 15086)
(4653, 6456, 4729, 15107)
(4645, 6373, 4716, 15109)
(4669, 6445, 4741, 15129)
(4673, 6873, 4753, 15085)
(4671, 7654, 4741, 15094)
(4703, 7707, 4774, 15093)
(4687, 6754, 4762, 15012)
(4701, 6356, 4770, 15057)
(4609, 6281, 4681, 15090)
(4668, 6559, 4740, 15094)
(4696, 6576, 4767, 15098)
(4608, 6495, 4683, 15029)
