(8980, 12766, 9076, 24565)
(8890, 12308, 8987, 24376)
(8967, 12947, 9058, 24481)
(8914, 15980, 9398, 23946)
(8931, 12477, 9024, 24352)
(9024, 13423, 9118, 24712)
(8887, 12694, 8981, 24017)
(8901, 13990, 8999, 24339)
(8882, 13182, 8980, 24128)
(8870, 12545, 8965, 23923)
(8884, 13091, 8983, 24018)
(9194, 13412, 9327, 24486)
(8891, 13039, 8993, 23800)
(8867, 12131, 8961, 23872)
(8876, 12351, 8967, 24242)
(8913, 13290, 9008, 24293)
(8977, 14051, 9074, 24665)
(8920, 13195, 9026, 23994)
(8917, 12777, 9012, 24423)
(9036, 12983, 9132, 24796)
(8871, 13700, 8967, 24134)
(8979, 14017, 9079, 24461)
(8917, 13506, 9024, 24144)
(8975, 13171, 9067, 24578)
(8927, 13396, 9018, 24386)
(9036, 13660, 9147, 24549)
(8937, 13883, 9030, 24418)
(8876, 12601, 8976, 24069)
(8980, 14370, 9077, 24589)
(8920, 13397, 9017, 24483)
(8924, 13060, 9017, 24383)
(8928, 12584, 9029, 24489)
(8955, 13166, 9051, 24290)
(8938, 14071, 9039, 24055)
(8854, 12793, 8954, 23837)
(8998, 13166, 9095, 24483)
(8949, 13868, 9046, 24352)
(8967, 13125, 9066, 24287)
(8917, 13016, 9009, 24505)
(8955, 12394, 9049, 24479)
(8901, 13050, 9001, 24207)
(8875, 12880, 8971, 24026)
(8896, 12467, 8993, 24288)
(8976, 12688, 9070, 24599)
(8850, 12533, 8947, 23847)
(8943, 15044, 9037, 24255)
(8891, 14126, 8988, 24091)
(8921, 13636, 9021, 24347)
(8880, 13121, 8977, 24116)
(8886, 13391, 8985, 23993)
(8889, 12175, 8985, 23877)
(8977, 12412, 9070, 24549)
(8872, 12253, 8972, 24115)
(8934, 13130, 9032, 24167)
(8888, 12442, 8984, 24061)
(8989, 13313, 9084, 24473)
(8946, 12275, 9042, 24371)
(8786, 12589, 8880, 23694)
(8868, 12814, 8963, 24103)
(8906, 12362, 9001, 24302)
(8995, 13019, 9086, 24523)
(8930, 12582, 9021, 24351)
(8933, 12918, 9024, 24449)
(8899, 13689, 8997, 23956)
(9083, 14112, 9321, 24191)
(8878, 13906, 8975, 23864)
(8846, 13771, 8946, 23874)
(8877, 13160, 8977, 23801)
(8798, 13577, 8893, 23771)
(9750, 14543, 9853, 26490)
(8941, 13711, 9044, 24213)
(8892, 13230, 8988, 24174)
(8914, 12600, 9010, 24110)
(8886, 13422, 8984, 24142)
(8895, 13183, 8994, 24014)
(8931, 12913, 9025, 24432)
(8888, 13041, 8986, 23896)
(8908, 12989, 9000, 24322)
(8941, 13214, 9035, 24355)
(8876, 13196, 8970, 24057)
(9005, 12956, 9098, 24648)
(8868, 14109, 8970, 23785)
(8938, 13124, 9035, 24328)
(8968, 13506, 9072, 24334)
(8943, 12464, 9044, 24221)
(8880, 12561, 8979, 24045)
(8959, 13100, 9054, 24267)
(9012, 13597, 9147, 24209)
(8839, 12450, 8933, 23925)
(8893, 13572, 8990, 24271)
(8947, 16637, 9043, 24373)
(8828, 13466, 8923, 23924)
(8902, 13877, 9004, 24307)
(8885, 13598, 8979, 23947)
(8913, 13097, 9010, 24225)
(8934, 12401, 9026, 24479)
(8976, 12700, 9068, 24549)
(8986, 13330, 9080, 24606)
(8928, 12576, 9025, 24076)
(8919, 12482, 9020, 24196)
(8847, 12121, 8942, 23755)
(8901, 12717, 8996, 24111)
(8936, 12432, 9031, 24394)
(8909, 12548, 9000, 24353)
(8891, 12767, 8987, 24058)
(8882, 13083, 8981, 24201)
(8937, 13281, 9030, 24500)
(8895, 12542, 8995, 24070)
(8884, 12253, 8981, 23851)
(8919, 12832, 9015, 24418)
(8847, 12426, 8943, 23800)
(8879, 13522, 8984, 24005)
(9062, 25684, 9180, 24735)
(8954, 13943, 9048, 24394)
(9073, 14972, 9244, 23958)
(8908, 13708, 9006, 24153)
(8941, 14387, 9036, 24471)
(8850, 13227, 8948, 23893)
(8971, 14282, 9068, 24575)
(9203, 14679, 9324, 24850)
(8918, 13410, 9034, 23834)
(8853, 13342, 8952, 23882)
(8907, 14395, 9000, 24497)
(9405, 14594, 9644, 24177)
(8912, 14538, 9014, 24004)
(8845, 12987, 8943, 23893)
(8880, 12972, 8977, 24002)
(8994, 12782, 9086, 24708)
(8873, 11916, 8976, 24025)
(8946, 13318, 9042, 24226)
(8930, 12268, 9027, 24442)
(8919, 12966, 9011, 24337)
(8991, 12829, 9090, 24672)
(8861, 15541, 8964, 24071)
(8857, 12755, 8950, 23850)
(8909, 11755, 9000, 24410)
(8972, 12351, 9064, 24616)
(8899, 13257, 9003, 23950)
(8917, 13466, 9012, 24470)
(8918, 12479, 9015, 24283)
(8916, 12922, 9013, 24106)
(9024, 12491, 9167, 24053)
(8897, 13428, 8988, 24410)
(8916, 12921, 9011, 24186)
(8899, 12495, 8990, 24094)
(8916, 13458, 9008, 24514)
(8869, 12820, 8968, 24115)
(8940, 13030, 9036, 24384)
(8908, 12569, 9002, 24397)
(8886, 12544, 8982, 24237)
(8932, 13175, 9030, 24461)
(8899, 13479, 8997, 24186)
(8842, 12888, 8937, 23880)
(8793, 12770, 8886, 23805)
(8927, 13880, 9019, 24422)
(8893, 12992, 8990, 24098)
(8976, 13275, 9077, 24483)
(8944, 13504, 9054, 24524)
(8895, 12627, 8989, 24291)
(9113, 14641, 9242, 24473)
(8987, 14077, 9102, 24201)
(8855, 14198, 8954, 23907)
(8919, 13439, 9017, 24391)
(10548, 15507, 10656, 28492)
(8920, 13236, 9015, 24503)
(8896, 13322, 8991, 24375)
(8885, 13079, 8982, 24088)
(8886, 13579, 8981, 24316)
(8943, 13410, 9043, 24352)
(8894, 13347, 8999, 24418)
(8991, 13126, 9086, 24533)
(8971, 12588, 9067, 24324)
(8965, 13610, 9060, 24509)
(8894, 13267, 8990, 24058)
(8868, 12758, 8968, 24168)
(8875, 15884, 8981, 23825)
(8958, 12616, 9049, 24613)
(8965, 12752, 9066, 24474)
(8867, 13104, 8965, 23883)
(8930, 12476, 9024, 24500)
(8917, 12590, 9012, 24339)
(9068, 13501, 9204, 23907)
(8967, 12950, 9061, 24500)
(8924, 12559, 9022, 24223)
(8952, 12210, 9046, 24376)
(8909, 12242, 9002, 24255)
(8905, 12783, 9001, 24232)
(8899, 12418, 8993, 24109)
(8966, 13076, 9062, 24362)
(8779, 13224, 8873, 23498)
(8913, 13387, 9011, 24295)
(8880, 12897, 8974, 24296)
(8894, 12806, 8991, 24139)
(8885, 13791, 8980, 24395)
(8960, 12812, 9058, 24380)
(8979, 12681, 9075, 24426)
(8942, 12979, 9037, 24546)
(8899, 14623, 8995, 24180)
(9018, 15328, 9112, 24728)
(8877, 14123, 8971, 24065)
(8873, 14840, 8969, 24143)
(8888, 13683, 8983, 24192)
(8873, 13078, 8973, 23904)
(8961, 14519, 9073, 24502)
(8954, 13963, 9090, 24278)
(8965, 12732, 9060, 24575)
(8870, 12304, 8963, 24326)
(10652, 15527, 10763, 28911)
(9017, 15109, 9122, 24736)
(8938, 13367, 9034, 24395)
(8919, 13258, 9023, 24121)
(8829, 12547, 8929, 23854)
(8939, 13644, 9035, 24402)
(8987, 14032, 9091, 24617)
(8955, 12663, 9055, 24362)
(8917, 12540, 9019, 24266)
(8877, 13286, 8975, 24185)
(8848, 15852, 8949, 23865)
(8924, 12677, 9031, 24514)
(9291, 13532, 9418, 24557)
(8889, 13388, 8983, 24204)
(9103, 12946, 9211, 23939)
(8810, 12656, 8905, 23775)
(8914, 12857, 9010, 23898)
(8869, 13873, 8964, 24086)
(8944, 12683, 9040, 24412)
(8857, 12145, 8952, 23775)
(8904, 12494, 9002, 24213)
(8976, 12615, 9074, 24597)
(8824, 12465, 8917, 23845)
(8911, 12687, 9007, 24409)
(8903, 12789, 9001, 24105)
(9803, 14266, 9907, 26423)
(8866, 13018, 8966, 24108)
(8976, 13416, 9113, 24590)
(8890, 12611, 8987, 23929)
(8968, 12412, 9068, 24488)
(8866, 13723, 8963, 23752)
(8878, 12624, 8976, 23856)
(8904, 12890, 9005, 24195)
(8902, 13046, 8997, 24273)
(8900, 12874, 9001, 23958)
(8832, 13030, 8930, 23864)
(8899, 12488, 8992, 24319)
(8870, 12949, 8968, 23962)
(8892, 13089, 8986, 24288)
(8920, 13128, 9059, 24150)
(8926, 12806, 9019, 24508)
(8931, 13073, 9031, 24322)
(8860, 12647, 8962, 24225)
(8860, 13910, 8965, 23968)
(8967, 13440, 9058, 24695)
(8900, 12664, 8997, 24243)
(8855, 12624, 8953, 24093)
(8808, 12850, 8901, 23685)
(8992, 14240, 9095, 24540)
(8922, 12526, 9021, 23960)
(9835, 13982, 9937, 26828)
(8844, 13475, 8943, 23844)
(8839, 13940, 8935, 23834)
(8892, 13287, 8986, 24359)
(8822, 13266, 8924, 23738)
(8921, 13929, 9020, 24295)
(8920, 12451, 9028, 23984)
(8925, 12532, 9023, 23993)
(8947, 13519, 9044, 24636)
(8921, 12606, 9013, 24513)
(8916, 12426, 9011, 24507)
(8892, 12757, 8987, 24407)
(8895, 12983, 8993, 24077)
(8929, 13376, 9024, 24239)
(8883, 13616, 8980, 24041)
(8896, 14856, 8993, 24265)
(8867, 14006, 8971, 23965)
(8894, 13981, 8993, 24294)
(8851, 13405, 8950, 23903)
(9016, 15006, 9161, 23977)
(8943, 13695, 9038, 24506)
(8887, 12962, 8983, 24264)
(8918, 13647, 9018, 24262)
(8911, 13322, 9009, 24348)
(8940, 14000, 9041, 23968)
(8913, 14068, 9012, 24279)
(8912, 13172, 9004, 24396)
(9011, 13433, 9100, 24659)
(8956, 13412, 9133, 23959)
(8893, 13012, 9005, 23785)
(8935, 12628, 9029, 24517)
(8873, 12547, 8971, 23955)
(8969, 12253, 9058, 24640)
(9048, 13495, 9174, 24317)
(8865, 12709, 8959, 24112)
(8942, 13309, 9051, 24402)
(8933, 12671, 9037, 24309)
(8890, 12589, 8991, 24189)
(8856, 13365, 8954, 23920)
(8912, 12847, 9012, 24331)
(8801, 16381, 8897, 23885)
(8911, 12859, 9010, 24392)
(8880, 14870, 8983, 23881)
(8958, 13816, 9056, 24334)
(8791, 12515, 8889, 23903)
(8857, 12833, 8950, 23966)
(8901, 12617, 9003, 23803)
(8946, 12590, 9042, 24487)
(9003, 12471, 9094, 24617)
(8998, 13637, 9185, 24050)
(8962, 13993, 9057, 24602)
(9088, 13654, 9227, 24121)
(8856, 12981, 8957, 23969)
(8957, 13226, 9052, 24622)
(8919, 13491, 9017, 24391)
(8898, 12370, 8994, 23846)
(8924, 13105, 9025, 24175)
(8947, 13866, 9041, 24698)
(9049, 14383, 9194, 24110)
(8894, 12668, 8989, 24188)
(8819, 12672, 8914, 23800)
(8931, 13957, 9032, 24269)
(8982, 14264, 9074, 24649)
(8901, 14468, 8999, 24469)
(8865, 13865, 8962, 23957)
(8933, 13452, 9034, 23994)
(8929, 14503, 9026, 24457)
(9103, 13114, 9240, 24637)
(8862, 12521, 8955, 24072)
(8798, 13286, 8896, 23774)
(8889, 12478, 8990, 23929)
(8833, 12431, 8933, 23872)
(8894, 13152, 8988, 24217)
(8881, 12644, 8982, 24115)
(8912, 12891, 9006, 24213)
(8998, 12567, 9091, 24697)
(8892, 13221, 8989, 24188)
(8807, 12579, 8904, 23780)
(8846, 12679, 8942, 23948)
(8914, 12525, 9007, 24277)
(8995, 13081, 9097, 24665)
(9753, 13746, 9851, 26254)
(8949, 15284, 9045, 24349)
(8896, 12429, 8993, 23818)
(8863, 13260, 8961, 24117)
(8893, 13110, 8985, 24279)
(8924, 12908, 9027, 24407)
(8849, 13085, 8951, 23843)
(9052, 13046, 9155, 24569)
(8848, 12360, 8942, 23923)
(8862, 12613, 8955, 23853)
(8846, 12720, 8988, 23833)
(8909, 13393, 9005, 24379)
(8972, 13023, 9059, 24732)
(8869, 12810, 8965, 23987)
(8942, 13109, 9078, 24046)
(8875, 12355, 8973, 24024)
(9092, 13874, 9240, 23992)
(8949, 13455, 9044, 24324)
(8893, 15002, 8997, 24004)
(8884, 13508, 8983, 23964)
(8946, 14548, 9046, 24383)
(9109, 15794, 9206, 24888)
(8893, 14515, 8991, 24264)
(8881, 13894, 8984, 23882)
(8946, 12993, 9042, 24553)
(8874, 14263, 8979, 23875)
(8896, 14189, 8990, 24293)
(8986, 13394, 9085, 24397)
(8931, 13162, 9025, 24552)
(8914, 14084, 9013, 24212)
(8930, 13206, 9023, 24449)
(8929, 14773, 9030, 24411)
(8857, 13415, 8957, 23825)
(10631, 16239, 10736, 28973)
(8957, 13509, 9052, 24599)
(8897, 12385, 8993, 23916)
(8892, 13400, 8981, 24374)
(8849, 12555, 8945, 23848)
(8967, 14291, 9065, 24482)
(9006, 12935, 9108, 24667)
(8857, 12192, 8950, 24190)
(8942, 12975, 9037, 24592)
(8951, 12520, 9055, 24658)
(8855, 13002, 8948, 23832)
(8837, 12171, 8933, 23914)
(8879, 12642, 8979, 23768)
(8854, 12729, 8953, 23991)
(8813, 12078, 8912, 23934)
(8962, 12575, 9061, 24387)
(8901, 12593, 8994, 24309)
(8815, 12453, 8912, 23893)
(8854, 12424, 8952, 23825)
(8958, 14026, 9062, 24348)
(8916, 12712, 9012, 24453)
(8961, 12513, 9052, 24687)
(8901, 12827, 9006, 24018)
(8930, 12393, 9025, 24433)
(9022, 13585, 9111, 24867)
(8834, 12837, 8932, 23816)
(8879, 12789, 8976, 23970)
(8857, 12615, 8954, 23822)
(8860, 13153, 8953, 24115)
(8923, 13911, 9018, 24382)
(8870, 13519, 8973, 23984)
(8817, 13149, 8915, 23841)
(8887, 13656, 8984, 24236)
(8944, 14969, 9046, 24319)
(8938, 14287, 9034, 24490)
(8988, 15279, 9085, 24480)
(8917, 13527, 9027, 24130)
(8898, 14065, 8995, 24216)
(8994, 13044, 9088, 24819)
(8986, 13568, 9088, 24312)
(9123, 13830, 9201, 24816)
(9036, 13678, 9130, 24834)
(8906, 13537, 8999, 24473)
(9018, 13321, 9109, 24906)
(8925, 13730, 9021, 24529)
(8862, 12496, 8961, 23945)
(9034, 13252, 9162, 24168)
(8902, 13573, 9002, 24195)
(8894, 12296, 8996, 24094)
(8895, 12539, 8988, 24450)
(9776, 15028, 9883, 26795)
(8932, 13629, 9028, 24261)
(8871, 13317, 8974, 24054)
(8945, 13437, 9043, 24369)
(8900, 13553, 8995, 24171)
(8919, 12917, 9017, 24109)
(9044, 12757, 9152, 24816)
(8915, 12784, 9012, 24190)
(8886, 11795, 8984, 24152)
(9012, 12588, 9107, 24569)
(8972, 12748, 9068, 24223)
(8938, 13059, 9035, 24252)
(8879, 13005, 8978, 24147)
(9010, 12896, 9110, 24737)
(8896, 12236, 8995, 23819)
(8836, 13101, 8938, 23846)
(8916, 12981, 9018, 24132)
(8930, 12868, 9029, 24196)
(9056, 14132, 9206, 24188)
(8911, 13490, 9003, 24545)
(8909, 13315, 9010, 24239)
(8914, 12746, 9004, 24424)
(8903, 13500, 8997, 24391)
(8906, 13199, 9005, 24098)
(8962, 14205, 9057, 24592)
(8833, 13613, 8930, 23851)
(8929, 12639, 9021, 24505)
(8933, 14052, 9039, 24147)
(8999, 14218, 9096, 24636)
(8939, 12748, 9034, 24472)
(8953, 13102, 9063, 24019)
(8986, 13005, 9081, 24462)
(8922, 13451, 9018, 24455)
(8925, 13262, 9040, 24093)
(8902, 12271, 9014, 24167)
(9819, 13477, 9925, 26432)
(8878, 13040, 8974, 24266)
(8971, 12322, 9071, 24272)
(11496, 2988315, 12040, 24835)
(8889, 12020, 8982, 24285)
(8868, 12564, 8968, 23914)
(8859, 12449, 8958, 24079)
(8958, 13005, 9064, 24426)
(8971, 12550, 9068, 24404)
(9028, 12635, 9118, 24898)
(8907, 12851, 9000, 24455)
(8931, 12705, 9023, 24483)
(8923, 12570, 9025, 24023)
(9069, 13259, 9207, 24174)
(8918, 13266, 9012, 24302)
(9038, 13494, 9126, 24857)
(8909, 12847, 9005, 24193)
(8948, 12148, 9046, 24491)
(8841, 12572, 8940, 23767)
(8822, 12688, 8931, 23889)
(9025, 12801, 9133, 24732)
(9766, 13173, 9870, 26494)
(8888, 12307, 8981, 24326)
(8906, 13275, 8999, 24287)
(8940, 14699, 9038, 24054)
(8907, 12820, 9001, 24320)
(8930, 12469, 9034, 24181)
(8986, 12831, 9083, 24582)
(8882, 13464, 8982, 23824)
(8992, 12773, 9087, 24372)
(8937, 13049, 9035, 24125)
(8918, 12895, 9017, 24076)
(8885, 12778, 8982, 24130)
(8875, 13294, 9011, 23820)
(8852, 11999, 8959, 23877)
(8995, 13207, 9098, 24664)
(8889, 13312, 8987, 24019)
(8896, 12839, 9005, 23931)
(8919, 13140, 9025, 24251)
(8843, 12660, 8941, 24021)
(8881, 12495, 8977, 24226)
(8918, 13533, 9015, 24219)
(8909, 12475, 9011, 24341)
(9045, 12914, 9140, 24588)
(8986, 12903, 9091, 24521)
(8808, 13890, 8904, 23764)
(8922, 13007, 9019, 24093)
(8905, 12147, 9000, 24173)
(8891, 11765, 8988, 24082)
(8895, 12320, 8990, 24177)
(8952, 12345, 9054, 24234)
(8902, 13109, 8996, 24310)
(8891, 11869, 8987, 24069)
(8946, 11860, 9047, 24440)
(8969, 12212, 9060, 24708)
(8957, 12465, 9056, 24219)
(8899, 12610, 8991, 24287)
(8858, 11896, 8952, 24063)
(8901, 11917, 8993, 24339)
(8844, 12538, 8938, 23917)
(8922, 12487, 9067, 24146)
(8945, 11736, 9047, 24491)
(8891, 12703, 8991, 24067)
(8887, 12215, 8985, 24091)
(8891, 11953, 8983, 24410)
(8970, 12077, 9069, 24358)
(8983, 12406, 9151, 23909)
(8999, 12767, 9095, 24368)
(8881, 11513, 8985, 24094)
(9000, 11848, 9110, 24544)
(8937, 12619, 9033, 24398)
(9002, 12999, 9103, 24610)
(8954, 12219, 9049, 24418)
(8970, 11645, 9073, 24434)
(8932, 12452, 9034, 24507)
(8863, 12799, 8953, 24136)
(8984, 12116, 9088, 24376)
(8908, 11994, 9011, 24275)
(8834, 12564, 8929, 23882)
(8971, 11987, 9065, 24533)
(8939, 12545, 9071, 24336)
(8919, 12093, 9018, 23836)
(8934, 12248, 9037, 24110)
(8856, 12230, 8952, 24025)
(8890, 12238, 8988, 24100)
(8954, 11967, 9049, 24506)
(8906, 11727, 9001, 24147)
(8898, 12356, 9002, 24252)
(9057, 13976, 9197, 24193)
(8853, 11996, 8951, 23895)
(8878, 11839, 8979, 24162)
(8874, 12040, 8981, 23963)
(9051, 13447, 9192, 24448)
(8843, 12033, 8942, 23955)
(8878, 12242, 8990, 24133)
(8885, 11913, 8981, 24089)
(8984, 12798, 9078, 24516)
(8930, 12836, 9030, 24048)
(8852, 11483, 8947, 23839)
(8894, 12186, 8992, 24279)
(9038, 12646, 9131, 24586)
(8961, 12183, 9069, 24527)
(8981, 12410, 9080, 24385)
(8958, 11455, 9052, 24484)
(8826, 11784, 8918, 23922)
(9745, 13536, 9849, 26551)
(8863, 12062, 8965, 23925)
(10626, 13976, 10733, 28640)
(8912, 12276, 9005, 24068)
(8916, 12567, 9019, 24578)
(8909, 11629, 8997, 24441)
(8953, 11886, 9050, 24119)
(8938, 11618, 9031, 24472)
(8826, 11421, 8921, 23848)
(8784, 11447, 8876, 23876)
(13519, 7480539, 14387, 24680)
(8898, 12442, 8992, 24333)
(8906, 12653, 9001, 24151)
(8931, 12056, 9034, 24163)
(8897, 12180, 8991, 24339)
(8863, 12136, 8961, 23829)
(8927, 12033, 9031, 23891)
(8934, 12558, 9033, 24188)
(8881, 12123, 8979, 23872)
(8834, 12756, 8931, 23848)
(8960, 12480, 9053, 24640)
(8931, 12723, 9026, 24313)
(8889, 13192, 9009, 23864)
(9013, 12708, 9104, 24623)
(8908, 13188, 9010, 24249)
(8928, 12217, 9023, 24251)
(8938, 12062, 9033, 24253)
(8957, 12084, 9051, 24615)
(8962, 12167, 9054, 24514)
(8948, 12447, 9043, 24391)
(8926, 12784, 9022, 24289)
(8895, 12508, 9003, 24102)
(8916, 12635, 9010, 24514)
(8914, 12157, 9024, 23807)
(8891, 12662, 8987, 24128)
(8951, 12818, 9048, 24326)
(8949, 12296, 9059, 24387)
(8910, 12058, 9010, 24090)
(8996, 12311, 9089, 24706)
(9030, 12111, 9123, 24787)
(8957, 11829, 9056, 24231)
(8900, 12103, 8993, 24341)
(8931, 12166, 9042, 24131)
(8902, 11776, 8999, 24038)
(8897, 11715, 8990, 24427)
(8965, 11953, 9063, 24198)
(8843, 11891, 8949, 23871)
(8921, 11988, 9026, 24257)
(8879, 12044, 8978, 24101)
(8874, 11980, 8969, 23917)
(8942, 12578, 9037, 24405)
(9022, 12116, 9120, 24718)
(8899, 12093, 8989, 24396)
(8951, 12429, 9057, 24304)
(8961, 12393, 9054, 24512)
(8892, 12004, 8989, 24293)
(8904, 12662, 9008, 24203)
(8966, 12209, 9059, 24349)
(8945, 12121, 9049, 24145)
(8921, 12330, 9030, 24154)
(8865, 12595, 8958, 23990)
(8944, 12841, 9037, 24492)
(8882, 11735, 8976, 24512)
(8924, 11696, 9022, 24278)
(8926, 12985, 9020, 24500)
(8877, 12250, 8986, 24112)
(8982, 12367, 9083, 24554)
(8901, 12915, 8994, 24241)
(8919, 12642, 9026, 24122)
(8913, 12360, 9009, 24398)
(8994, 12437, 9088, 24605)
(8900, 13906, 9007, 24210)
(8912, 12305, 9003, 24309)
(9002, 12829, 9094, 24574)
(8966, 12351, 9059, 24531)
(8954, 12650, 9054, 24437)
(8892, 13335, 8992, 24060)
(8895, 12139, 8991, 23888)
(8942, 11961, 9035, 24619)
(8869, 12068, 8970, 23703)
(8911, 12239, 9007, 24350)
(8910, 13045, 9012, 23977)
(9000, 12456, 9088, 24661)
(8826, 12219, 8919, 23815)
(8887, 12145, 8995, 24292)
(8914, 12422, 9010, 24094)
(9009, 12710, 9101, 24743)
(9067, 13184, 9172, 24915)
(8868, 11986, 8964, 24021)
(8819, 11866, 8914, 23681)
(8926, 12223, 9024, 24374)
(8987, 13138, 9089, 24363)
(8844, 12321, 8938, 23931)
(8887, 12142, 8983, 24187)
(8940, 11922, 9032, 24766)
(8883, 12378, 8976, 24264)
(8941, 12364, 9044, 24348)
(8917, 12088, 9015, 24098)
(8847, 11784, 8942, 24000)
(8963, 12614, 9058, 24439)
(8980, 12759, 9086, 24447)
(8892, 12310, 8993, 24252)
(9033, 12140, 9125, 24908)
(8976, 12685, 9069, 24634)
(8887, 12108, 8983, 23901)
(8986, 11993, 9083, 24460)
(8943, 12278, 9043, 24621)
(8875, 11824, 8971, 24379)
(8891, 12398, 8986, 24287)
(8940, 12385, 9035, 24546)
(8907, 12202, 9001, 24258)
(8897, 12924, 9001, 24071)
(8863, 11927, 8967, 23993)
(8913, 12703, 9004, 24508)
(8942, 13911, 9043, 24356)
(8929, 12096, 9027, 24168)
(8952, 12185, 9052, 24318)
(8898, 12806, 8998, 24220)
(8982, 12401, 9084, 24509)
(8946, 12813, 9045, 23992)
(8942, 12209, 9039, 24311)
(8920, 12910, 9017, 23910)
(8887, 12430, 8980, 24126)
(8883, 12094, 8978, 24219)
(8958, 12306, 9056, 24255)
(8916, 13082, 9012, 24052)
(8894, 11956, 8990, 24188)
(8958, 12784, 9051, 24461)
(9001, 12174, 9092, 24620)
(8871, 12470, 8968, 24130)
(8947, 12353, 9043, 24441)
(8956, 12040, 9055, 24428)
(8933, 12512, 9025, 24426)
(8870, 12790, 8979, 23850)
(8990, 13566, 9094, 24494)
(8867, 12425, 8963, 24093)
(8929, 12553, 9021, 24569)
(8918, 12545, 9014, 24218)
(8948, 12366, 9044, 24282)
(8948, 12598, 9040, 24396)
(9047, 12751, 9148, 24683)
(9814, 13305, 9915, 26729)
(8876, 12045, 8979, 23850)
(8931, 11975, 9027, 24554)
(8927, 12282, 9029, 23902)
(9012, 13205, 9106, 24557)
(8882, 12366, 8976, 24210)
(8879, 12311, 8976, 24159)
(8890, 12027, 8996, 24041)
(8915, 12892, 9023, 24330)
(8972, 12055, 9065, 24490)
(8939, 12571, 9046, 24484)
(8949, 12093, 9041, 24482)
(9754, 13315, 9855, 26220)
(8916, 12020, 9030, 23953)
(8951, 12104, 9048, 24400)
(8860, 12370, 8960, 24045)
(8982, 12398, 9073, 24502)
(8896, 11992, 8988, 24469)
(8959, 12241, 9052, 24629)
(8991, 12484, 9078, 24808)
(8994, 11973, 9085, 24564)
(9021, 12369, 9122, 24716)
(8913, 12450, 9014, 24499)
(8966, 12115, 9057, 24664)
(8980, 12152, 9072, 24684)
(8906, 12301, 9005, 24084)
(8948, 13057, 9039, 24604)
(8943, 12519, 9040, 24595)
(8838, 12275, 8935, 23995)
(8904, 12317, 9004, 23906)
(8904, 12173, 8998, 24227)
(8912, 12912, 9013, 23869)
(8910, 12319, 9009, 24149)
(8938, 12110, 9034, 24426)
(9100, 12674, 9191, 24820)
(8946, 12166, 9049, 24537)
(8937, 13074, 9035, 24303)
(8986, 12134, 9076, 24596)
(8963, 12263, 9062, 24123)
(8901, 12985, 9014, 23852)
(9026, 12282, 9128, 24590)
(9021, 12127, 9109, 24926)
(8906, 12005, 8997, 24417)
(9005, 12290, 9101, 24635)
(8912, 12482, 9007, 24206)
(8884, 12209, 8985, 24054)
(8888, 12215, 8986, 23992)
(8885, 12171, 8985, 24180)
(8952, 11708, 9046, 24454)
(8961, 12375, 9054, 24664)
(8920, 11755, 9018, 24536)
(8929, 11775, 9021, 24206)
(8926, 12682, 9017, 24455)
(8955, 12209, 9050, 24451)
(8874, 12052, 8973, 23923)
(8925, 11805, 9019, 24387)
(8984, 11614, 9087, 24607)
(8888, 12728, 8989, 24114)
(8957, 11744, 9052, 24589)
(8920, 11754, 9032, 24314)
(9007, 12036, 9099, 24572)
(9013, 11701, 9104, 24669)
(8859, 12210, 8953, 23826)
(8938, 11721, 9033, 24427)
(8860, 11512, 8963, 24020)
(8916, 11477, 9010, 24249)
(8914, 11683, 9010, 24044)
(8900, 12434, 9000, 24330)
(9812, 12682, 9919, 26455)
(9025, 11683, 9113, 24970)
(8950, 12671, 9048, 24294)
(8864, 11715, 8973, 24091)
(8901, 12866, 9003, 23896)
(8914, 11715, 9007, 24369)
(8958, 11631, 9055, 24426)
(9029, 12456, 9122, 24599)
(8989, 11676, 9091, 24540)
(8935, 11590, 9030, 24345)
(8908, 11542, 9002, 24445)
(8907, 11586, 9009, 23900)
(8878, 12295, 8994, 23788)
(8916, 11555, 9014, 24281)
(9083, 12544, 9242, 24460)
(8977, 12292, 9072, 24586)
(8967, 12240, 9068, 24431)
(8890, 13135, 8988, 23932)
(8840, 12052, 8937, 23904)
(8930, 12619, 9048, 24039)
(8925, 12008, 9021, 24398)
(8924, 12388, 9016, 24495)
(8958, 11973, 9052, 24711)
(8949, 11893, 9044, 24466)
(8940, 13134, 9054, 23973)
(8914, 11766, 9013, 23861)
(8930, 11847, 9029, 24351)
(9005, 11858, 9096, 24508)
(9786, 13372, 9884, 26467)
(9021, 12453, 9114, 24839)
(8941, 11758, 9037, 24242)
(8957, 11972, 9053, 24638)
(9042, 12931, 9169, 23962)
(8987, 11632, 9074, 24912)
(8940, 12238, 9033, 24711)
(8887, 12094, 8984, 23894)
(8928, 12021, 9019, 24402)
(8958, 12686, 9063, 24549)
(8899, 12295, 9017, 24039)
(8957, 12133, 9066, 24536)
(8925, 13421, 9033, 24184)
(8958, 12133, 9048, 24686)
(8975, 12356, 9079, 24438)
(8970, 11879, 9063, 24294)
(8934, 11885, 9043, 24512)
(9032, 13575, 9146, 24531)
(8915, 12018, 9016, 24202)
(8960, 11760, 9054, 24542)
(8983, 12014, 9087, 24461)
(8877, 12622, 8974, 23857)
(8872, 12867, 8969, 23979)
(8919, 12143, 9028, 24174)
(8957, 12256, 9063, 24425)
(8966, 11740, 9062, 24269)
(8882, 11885, 8993, 23904)
(8937, 11474, 9029, 24487)
(9000, 12442, 9095, 24661)
(8917, 11616, 9019, 24023)
(8940, 11752, 9045, 24337)
(8967, 11982, 9062, 24331)
(8934, 11787, 9022, 24533)
(8949, 12795, 9044, 24142)
(8971, 12495, 9069, 24621)
(9773, 13537, 9870, 26562)
(8890, 12516, 8995, 24242)
(8897, 12879, 8996, 24343)
(8926, 12902, 9026, 23865)
(8928, 12070, 9028, 24503)
(8934, 12447, 9045, 24091)
(8991, 12152, 9079, 24861)
(8948, 12977, 9044, 24373)
(8939, 12274, 9032, 24381)
(8917, 12052, 9016, 24458)
(8903, 12382, 8997, 24427)
(8906, 12433, 9008, 24099)
(9002, 13634, 9096, 24766)
(8951, 12203, 9060, 24345)
(8916, 12495, 9016, 24389)
(8988, 12784, 9084, 24482)
(8992, 12453, 9093, 24619)
(8931, 12464, 9025, 24083)
(8977, 12094, 9071, 24625)
(8937, 12683, 9036, 24344)
(8944, 12542, 9040, 24463)
(8955, 12635, 9049, 24401)
(8884, 12221, 8980, 24170)
(8908, 12175, 9014, 24105)
(8932, 12447, 9030, 24085)
(8935, 12342, 9035, 24243)
(8967, 12497, 9063, 24420)
(8851, 11700, 8950, 23897)
(9079, 12771, 9169, 24963)
(8886, 12437, 8984, 23879)
(8894, 12138, 8988, 24195)
(8937, 12037, 9031, 24339)
(9026, 12876, 9124, 24625)
(8914, 12018, 9010, 24438)
(8945, 12805, 9037, 24474)
(8893, 12531, 8986, 24275)
(8913, 12037, 9013, 24156)
(8927, 12872, 9033, 24182)
(8907, 12191, 8998, 24323)
(8896, 12248, 8992, 24288)
(8962, 12355, 9070, 24555)
(8870, 12155, 8965, 24077)
(8908, 12269, 9004, 24112)
(8948, 12096, 9043, 24494)
(8852, 12183, 8944, 23900)
(8924, 11884, 9024, 24492)
(8952, 11984, 9051, 24432)
(8952, 12151, 9061, 24344)
(8922, 12301, 9023, 24240)
(8890, 13855, 8987, 24200)
(8913, 11989, 9011, 24363)
(8996, 12430, 9094, 24485)
(8930, 11919, 9024, 24329)
(8945, 12363, 9051, 24639)
(8898, 12629, 8993, 23963)
(8946, 12280, 9041, 24332)
(8881, 12688, 8984, 24026)
(8991, 12194, 9096, 24635)
(8914, 12022, 9013, 24373)
(8918, 12586, 9010, 24473)
(8911, 12734, 9020, 23899)
(8978, 12078, 9078, 24473)
(8971, 12834, 9074, 24553)
(8844, 12539, 8937, 23921)
(8854, 11971, 8952, 24019)
(8900, 12551, 8993, 24182)
(9012, 12264, 9110, 24588)
(8938, 12310, 9041, 24168)
(8925, 11675, 9032, 24217)
(8922, 12432, 9040, 23930)
(8881, 11591, 8978, 23988)
(8993, 12345, 9088, 24668)
(9036, 12135, 9128, 24891)
(8993, 11752, 9087, 24532)
(8897, 11814, 9009, 23933)
(8907, 12038, 9028, 24329)
(8912, 11865, 9011, 24340)
(8927, 12907, 9035, 24164)
(8994, 11636, 9091, 24711)
(8876, 11596, 8975, 24175)
(8894, 11669, 8999, 24249)
(8888, 12191, 8982, 23865)
(8947, 12031, 9045, 24621)
(8962, 11725, 9066, 24726)
(8824, 11926, 8931, 23910)
(9785, 12703, 9894, 26593)
(8976, 12127, 9072, 24291)
(8951, 11985, 9051, 24401)
(8880, 11541, 8980, 23993)
(8944, 11720, 9046, 24433)
(9800, 13351, 9906, 26604)
(8946, 12081, 9037, 24526)
(8918, 12276, 9021, 24112)
(8939, 12269, 9028, 24615)
(8893, 11589, 8991, 24135)
(8953, 12142, 9060, 24613)
(9040, 11727, 9141, 24726)
(8949, 12226, 9042, 24587)
(8919, 12098, 9015, 24331)
(8919, 11609, 9011, 24416)
(8974, 12529, 9066, 24353)
(8987, 12092, 9079, 24640)
(8902, 11596, 8999, 24151)
(8923, 11998, 9018, 24274)
(9011, 12136, 9119, 24684)
(8913, 12405, 9007, 24140)
(8993, 11831, 9090, 24731)
(8922, 11760, 9020, 24527)
(8892, 12800, 8993, 24229)
(8854, 11688, 8952, 23981)
(8895, 11792, 9002, 24379)
(8868, 11725, 8968, 24080)
(8836, 11885, 8930, 23829)
(8949, 11759, 9044, 24442)
(8893, 11787, 9002, 24060)
(10622, 14211, 10725, 28833)
(8941, 12201, 9048, 24241)
(8894, 11710, 8993, 24069)
(8943, 12664, 9056, 24388)
(8850, 12851, 8946, 23822)
(8984, 12127, 9077, 24518)
(8981, 12351, 9104, 24391)
(8954, 12067, 9048, 24379)
(8903, 11736, 9018, 24236)
(8971, 12528, 9067, 24362)
(8890, 12621, 8994, 24305)
(8807, 11444, 8918, 24021)
(8939, 11484, 9034, 24218)
(8922, 11731, 9019, 24215)
(8885, 11668, 8981, 24127)
(8920, 11871, 9026, 24410)
(8905, 11613, 9014, 23957)
(8977, 11737, 9073, 24255)
(8907, 11848, 9015, 23911)
(8901, 12334, 9005, 24041)
(8970, 12315, 9058, 24741)
(8905, 11992, 8996, 24363)
(8942, 12631, 9042, 24477)
(9157, 12888, 9296, 24766)
(8931, 13271, 9021, 24518)
(9013, 11806, 9102, 24842)
(8897, 11858, 9007, 23960)
(8870, 12158, 8980, 23985)
(8895, 13238, 9012, 23937)
(8957, 12328, 9050, 24416)
(8954, 12391, 9062, 24523)
(8852, 12176, 8951, 23830)
(8863, 12177, 8971, 24091)
(8897, 12467, 8994, 24089)
(8952, 12003, 9048, 24543)
(8950, 12524, 9047, 24418)
(8914, 12126, 9005, 24332)
(8976, 12745, 9063, 24628)
(8946, 12935, 9042, 24435)
(8956, 13316, 9054, 24633)
(8990, 12050, 9096, 24579)
(8911, 12287, 9005, 24467)
(8928, 12434, 9034, 23940)
(9045, 12197, 9134, 25092)
(8923, 12158, 9017, 24221)
(8900, 12605, 9002, 23970)
(8932, 12097, 9036, 24502)
(8912, 11712, 9011, 24153)
(8990, 12667, 9083, 24740)
(9008, 12517, 9105, 24539)
(10680, 14403, 10782, 29158)
(8912, 13634, 9014, 24049)
