(37171, 47761, 37436, 95686)
(37307, 47865, 37554, 96954)
(37640, 48114, 37963, 96593)
(37862, 48759, 38134, 94966)
(37172, 49932, 37432, 95854)
(37275, 49906, 37533, 95756)
(37290, 47721, 37559, 96768)
(37496, 49873, 37795, 97217)
(37380, 52251, 37648, 96687)
(37535, 49575, 37838, 96907)
(37429, 48435, 37672, 97123)
(39024, 51788, 39301, 101063)
(37196, 49391, 37444, 95339)
(37193, 49535, 37437, 94708)
(37196, 47858, 37443, 96397)
(37402, 50413, 37661, 96709)
(37277, 46902, 37534, 95953)
(37343, 46874, 37596, 96290)
(37309, 47870, 37556, 96821)
(37334, 48167, 37641, 96063)
(40615, 52494, 40906, 99947)
(37098, 48154, 37335, 94917)
(45029, 59265, 45704, 95822)
(37291, 51802, 37545, 96267)
(37041, 48222, 37319, 94756)
(37302, 48061, 37623, 96894)
(37538, 49026, 37808, 96445)
(37220, 50336, 37468, 96240)
(37191, 48637, 37444, 96101)
(37189, 50714, 37447, 96000)
(38097, 49526, 38410, 95773)
(38724, 51172, 39019, 97080)
(37271, 49995, 37548, 96095)
(38785, 48247, 39031, 99528)
(37143, 47202, 37386, 96296)
(37310, 48251, 37561, 96962)
(37397, 50156, 37653, 97422)
(37367, 49769, 37617, 97391)
(37245, 48336, 37499, 96377)
(37214, 51416, 37475, 95869)
(37241, 52980, 37506, 96437)
(37274, 47137, 37523, 96512)
(37390, 48018, 37693, 97499)
(37423, 47385, 37671, 97859)
(37227, 47576, 37476, 95860)
(37166, 62665, 37460, 95864)
(37184, 48107, 37462, 96114)
(37373, 50544, 37618, 96976)
(37257, 55544, 37544, 95622)
(37440, 53752, 37693, 96232)
(37365, 53118, 37627, 96920)
(37448, 54930, 37826, 95580)
(37433, 49291, 37690, 96158)
(37301, 48140, 37574, 95775)
(37195, 51534, 37442, 96090)
(37226, 51432, 37477, 95883)
(37220, 47681, 37466, 94975)
(37383, 48365, 37634, 96505)
(37385, 48658, 37641, 97406)
(37356, 50720, 37621, 96422)
(37476, 50531, 37859, 96765)
(37242, 48843, 37497, 96157)
(37299, 48883, 37547, 97123)
(37552, 47419, 37818, 96178)
(37415, 54476, 37679, 95947)
(37616, 47971, 38005, 97259)
(37216, 50912, 37470, 96631)
(37280, 51321, 37557, 96297)
(37356, 49636, 37628, 95823)
(37153, 49402, 37418, 94912)
(37283, 48949, 37549, 96193)
(37278, 47002, 37522, 96825)
(37395, 51917, 37708, 96456)
(37431, 46725, 37675, 95990)
(37141, 46897, 37387, 95678)
(37229, 48581, 37484, 96340)
(37515, 50475, 37785, 97610)
(37544, 48995, 37922, 96731)
(37258, 48307, 37523, 96780)
(37309, 48488, 37575, 96854)
(39035, 87003, 39304, 101181)
(37140, 47018, 37377, 95581)
(39546, 51595, 39879, 95917)
(37159, 47597, 37408, 96106)
(37240, 49597, 37496, 96309)
(37452, 49486, 37722, 97021)
(38953, 50775, 39214, 100893)
(37435, 46585, 37677, 96813)
(37197, 48556, 37455, 96187)
(38960, 47612, 39273, 100516)
(37382, 47051, 37627, 97842)
(37677, 49723, 37922, 98870)
(37296, 46258, 37537, 97002)
(37255, 47540, 37510, 96447)
(37070, 46428, 37311, 94423)
(37530, 48383, 37837, 96902)
(37328, 48655, 37566, 96687)
(37209, 46159, 37451, 96401)
(37413, 46379, 37696, 95858)
(38567, 48105, 38910, 98429)
(37217, 45491, 37461, 96021)
(37309, 47085, 37568, 96713)
(46974, 58075, 47300, 117684)
(37492, 46219, 37742, 98668)
(37288, 47647, 37534, 96700)
(37416, 46762, 37661, 96553)
(37315, 46040, 37558, 96710)
(38450, 47760, 38727, 96455)
(37240, 46167, 37485, 97045)
(37508, 45897, 37744, 97085)
(37405, 47770, 37654, 97639)
(37223, 48570, 37470, 96522)
(37048, 46765, 37280, 94967)
(37362, 46332, 37604, 96332)
(37288, 47054, 37525, 97132)
(37189, 46518, 37420, 95525)
(37172, 46165, 37414, 95941)
(37333, 46997, 37573, 97694)
(37220, 47395, 37478, 96284)
(37277, 47060, 37517, 97105)
(37425, 46509, 37665, 97243)
(37489, 48699, 37736, 97021)
(37486, 47630, 37728, 97480)
(37234, 47347, 37482, 96205)
(42401, 56488, 42843, 96076)
(40792, 50268, 41128, 96073)
(37202, 46814, 37437, 95378)
(37267, 47353, 37509, 96377)
(38709, 48388, 38953, 99497)
(37231, 48647, 37479, 96255)
(38314, 49375, 38581, 97393)
(37265, 51877, 37514, 96975)
(39446, 50417, 39716, 99839)
(37221, 46350, 37457, 95914)
(37216, 48524, 37458, 96208)
(37329, 48015, 37569, 95803)
(37406, 47187, 37648, 96075)
(38957, 49812, 39199, 100848)
(37257, 47972, 37502, 96098)
(37082, 46082, 37305, 95181)
(37193, 47988, 37448, 96925)
(37348, 47753, 37592, 96078)
(37215, 46497, 37457, 95844)
(37400, 47256, 37639, 96233)
(37085, 45183, 37314, 94854)
(37210, 46562, 37452, 95317)
(37206, 45108, 37448, 96511)
(37239, 48001, 37486, 96532)
(42391, 55305, 42824, 96563)
(37199, 46444, 37446, 96187)
(38039, 47761, 38314, 95821)
(37590, 47673, 37826, 98606)
(37359, 46116, 37596, 96183)
(37085, 47570, 37317, 94729)
(37143, 46275, 37379, 94732)
(37238, 45788, 37482, 96231)
(37330, 44594, 37570, 96523)
(37174, 45415, 37413, 95976)
(37400, 46269, 37642, 98091)
(37307, 45502, 37543, 97028)
(37343, 47800, 37582, 95866)
(37237, 45320, 37478, 96087)
(37167, 47152, 37416, 96095)
(37490, 47023, 37725, 97108)
(37454, 46457, 37694, 98582)
(37230, 46381, 37472, 96286)
(37264, 46980, 37511, 96042)
(37328, 45522, 37573, 97479)
(37463, 47248, 37704, 96644)
(37019, 46837, 37247, 95063)
(36953, 47700, 37198, 94598)
(38870, 46562, 39117, 100036)
(37412, 46988, 37657, 96888)
(37190, 44880, 37430, 96443)
(37344, 47512, 37586, 96976)
(37388, 44629, 37628, 96368)
(39987, 52620, 40267, 101197)
(37275, 50183, 37519, 97094)
(40410, 49829, 40751, 95996)
(37402, 44800, 37635, 95966)
(37551, 46243, 37792, 97499)
(39702, 48975, 39992, 95172)
(37477, 44874, 37707, 98048)
(37257, 45064, 37498, 97294)
(37324, 47845, 37575, 97275)
(37418, 45167, 37651, 96846)
(37150, 46377, 37388, 95807)
(37497, 48588, 37735, 96825)
(37003, 45312, 37231, 95279)
(37349, 45919, 37585, 95944)
(37355, 46256, 37591, 97894)
(37181, 48245, 37480, 95053)
(37001, 46048, 37229, 94944)
(37561, 46667, 37893, 97397)
(37439, 49240, 37679, 98293)
(37345, 47308, 37588, 95978)
(37283, 48938, 37532, 96261)
(37161, 44658, 37403, 95961)
(37231, 47120, 37471, 95891)
(37407, 45827, 37645, 98227)
(37145, 45707, 37390, 95712)
(37144, 46714, 37379, 95814)
(37244, 46139, 37489, 95985)
(37361, 45733, 37601, 98123)
(37215, 45691, 37487, 95583)
(37102, 46219, 37342, 95563)
(38564, 46992, 38828, 97727)
(37350, 49610, 37598, 96341)
(37248, 46493, 37486, 96604)
(37436, 47918, 37675, 96528)
(37247, 44619, 37488, 96255)
(37822, 46930, 38059, 99979)
(37275, 46910, 37510, 96927)
(44388, 55619, 44593, 117863)
(37309, 45407, 37549, 97315)
(37227, 45363, 37467, 96477)
(37147, 44556, 37390, 95656)
(37292, 44887, 37532, 96831)
(37199, 46798, 37434, 95316)
(37224, 46671, 37464, 96658)
(37329, 45249, 37567, 96404)
(37251, 45667, 37494, 96762)
(37150, 45337, 37391, 95981)
(37289, 45415, 37546, 96408)
(37372, 45218, 37605, 97558)
(37355, 45694, 37597, 97484)
(37403, 45337, 37639, 96506)
(37223, 44860, 37464, 96366)
(37184, 48507, 37426, 95977)
(37153, 45544, 37398, 95963)
(37213, 44634, 37451, 96463)
(37238, 47293, 37479, 96662)
(38987, 47322, 39226, 101278)
(37311, 45357, 37544, 97247)
(37296, 46281, 37534, 95793)
(37291, 46854, 37531, 97388)
(37199, 46007, 37434, 96184)
(37272, 46686, 37570, 97137)
(38938, 95656, 39183, 100323)
(37066, 44535, 37303, 95826)
(37285, 44708, 37523, 97405)
(37398, 45054, 37636, 96116)
(37062, 44204, 37293, 95275)
(37234, 46583, 37475, 96614)
(37178, 44493, 37415, 95830)
(37156, 47580, 37400, 95677)
(37129, 47211, 37368, 96108)
(37107, 44629, 37357, 95591)
(37455, 45938, 37698, 98393)
(37222, 44206, 37455, 96747)
(37265, 45224, 37575, 96066)
(37313, 45355, 37553, 96068)
(37310, 46453, 37547, 96757)
(37170, 44738, 37410, 95805)
(37320, 45948, 37557, 97379)
(37196, 47781, 37435, 96003)
(37415, 46867, 37663, 96690)
(38995, 47105, 39245, 100457)
(37309, 47143, 37542, 95647)
(37206, 45763, 37445, 96490)
(37425, 45260, 37663, 96411)
(37235, 45520, 37470, 95737)
(36995, 44474, 37228, 94437)
(37237, 46476, 37467, 95595)
(39884, 48195, 40142, 99544)
(37072, 47186, 37336, 95079)
(37208, 46192, 37448, 95639)
(39182, 49593, 39430, 103147)
(37220, 45539, 37455, 96416)
(37041, 44648, 37270, 95072)
(37211, 44857, 37448, 96084)
(37310, 44997, 37552, 97182)
(37186, 44694, 37410, 94891)
(38874, 47518, 39117, 99846)
(37204, 44731, 37446, 96361)
(37345, 47257, 37587, 96777)
(37229, 45521, 37471, 96473)
(37504, 45674, 37737, 97936)
(37315, 44641, 37570, 97679)
(37497, 45647, 37737, 97178)
(37611, 45060, 37852, 98044)
(37275, 47251, 37519, 96069)
(37205, 45060, 37441, 95914)
(37279, 45228, 37517, 96086)
(37462, 45072, 37698, 96980)
(37316, 44543, 37553, 96231)
(39794, 50392, 40083, 101123)
(38804, 47450, 39047, 99903)
(37377, 45724, 37621, 96212)
(37145, 44824, 37387, 95840)
(37400, 47081, 37642, 96272)
(37463, 45704, 37701, 97615)
(37165, 44834, 37405, 95583)
(38639, 47530, 38884, 99292)
(37342, 44678, 37580, 97854)
(37270, 47407, 37515, 96555)
(46959, 58611, 47195, 119409)
(37340, 44957, 37580, 95786)
(37081, 46199, 37323, 95581)
(37418, 45379, 37661, 96770)
(37198, 45691, 37442, 96160)
(37286, 44770, 37523, 96072)
(37257, 44610, 37496, 97142)
(37303, 46833, 37542, 96170)
(37188, 45338, 37477, 96028)
(37234, 44086, 37473, 95533)
(37361, 45996, 37600, 97830)
(37398, 44807, 37632, 96906)
(37135, 46686, 37374, 96026)
(37290, 44901, 37533, 97240)
(37040, 44734, 37282, 94907)
(37818, 47120, 38068, 96767)
(37148, 46063, 37393, 95958)
(37405, 46715, 37644, 97797)
(38902, 46664, 39146, 100099)
(37379, 44539, 37618, 97909)
(37465, 44783, 37706, 96526)
(37527, 44834, 37764, 97432)
(37272, 47207, 37514, 96551)
(37279, 45433, 37531, 96159)
(37240, 44905, 37480, 96512)
(38918, 46969, 39169, 99872)
(37467, 47098, 37705, 97291)
(37033, 44769, 37272, 95992)
(37387, 48514, 37625, 96361)
(37571, 46612, 37913, 97911)
(37195, 45296, 37469, 96225)
(37188, 44300, 37428, 96165)
(37224, 46430, 37469, 96269)
(37242, 45003, 37500, 96477)
(37346, 45089, 37577, 97302)
(37269, 45114, 37499, 97303)
(37295, 45016, 37536, 97215)
(38919, 46543, 39164, 99693)
(37269, 44636, 37501, 96748)
(37459, 45742, 37721, 96512)
(37499, 49510, 37740, 97524)
(38276, 46740, 38580, 96351)
(37337, 47522, 37572, 97670)
(37875, 47826, 38145, 96083)
(38865, 48730, 39159, 100738)
(37237, 46092, 37495, 95767)
(37515, 46858, 37751, 97437)
(37314, 46255, 37557, 95958)
(36970, 44853, 37203, 94833)
(37274, 45373, 37548, 96302)
(37486, 46934, 37721, 97048)
(37138, 43857, 37379, 95624)
(37402, 44503, 37638, 96769)
(37152, 45061, 37390, 95867)
(37086, 45139, 37322, 95567)
(37366, 47122, 37595, 96254)
(37405, 45277, 37647, 98514)
(37390, 44789, 37626, 96198)
(37399, 46582, 37629, 98178)
(37373, 47604, 37612, 96453)
(38943, 48560, 39181, 100558)
(37059, 44550, 37299, 95710)
(37391, 45337, 37629, 96775)
(37178, 45023, 37416, 96221)
(37254, 44415, 37491, 96355)
(37145, 44865, 37392, 95758)
(38442, 49396, 38711, 97711)
(37275, 45276, 37513, 96396)
(37066, 44650, 37304, 95454)
(37276, 44390, 37514, 96141)
(37331, 44683, 37576, 96087)
(37179, 45295, 37419, 96197)
(37320, 45267, 37566, 96465)
(37425, 44563, 37665, 98315)
(37192, 46262, 37438, 95713)
(37307, 44327, 37546, 96150)
(37183, 46175, 37427, 95905)
(37306, 46479, 37544, 96986)
(37260, 48157, 37529, 96432)
(37986, 46453, 38231, 96656)
(37128, 44837, 37365, 96086)
(37318, 44294, 37551, 96171)
(37387, 45114, 37626, 97966)
(37215, 45045, 37453, 96442)
(37250, 44362, 37483, 96400)
(37282, 43934, 37520, 95819)
(37169, 44126, 37415, 95660)
(37357, 45195, 37592, 96161)
(37299, 46004, 37539, 96468)
(37210, 43889, 37444, 96451)
(37161, 45249, 37398, 96029)
(38888, 46236, 39127, 100232)
(37558, 45626, 37801, 96350)
(37519, 45088, 37789, 97350)
(37113, 44324, 37380, 95595)
(37262, 45495, 37495, 95696)
(37346, 44103, 37585, 96445)
(37250, 44231, 37481, 96941)
(37095, 44481, 37323, 95329)
(37296, 46774, 37532, 97439)
(37279, 44184, 37517, 95357)
(37290, 43760, 37522, 96984)
(37472, 44709, 37704, 97786)
(37456, 44831, 37695, 96619)
(37363, 45900, 37614, 97724)
(38939, 47601, 39231, 100386)
(37183, 46241, 37416, 95995)
(39053, 49769, 39316, 102262)
(37160, 47490, 37394, 96007)
(38962, 47714, 39203, 100705)
(38516, 46377, 38843, 97451)
(37289, 45780, 37528, 96911)
(37155, 44921, 37396, 95809)
(37439, 46177, 37725, 98367)
(37237, 45397, 37473, 96375)
(37373, 45954, 37656, 96440)
(37302, 44197, 37542, 97156)
(37156, 44723, 37392, 95855)
(37215, 46336, 37460, 96209)
(37309, 44935, 37545, 96855)
(37332, 44145, 37619, 96192)
(37233, 44168, 37472, 96236)
(37058, 44145, 37281, 95127)
(37149, 43622, 37395, 95871)
(37318, 44546, 37621, 95335)
(37516, 44015, 37746, 97370)
(37232, 45964, 37476, 96738)
(37299, 44766, 37538, 95846)
(38504, 48153, 38757, 97238)
(37360, 44016, 37591, 96520)
(37431, 44207, 37661, 97392)
(37113, 44561, 37349, 96083)
(37341, 43998, 37581, 97059)
(36958, 44188, 37183, 95153)
(37313, 44284, 37550, 96997)
(40589, 48608, 40858, 100130)
(37075, 44127, 37308, 95950)
(38775, 47121, 39017, 99447)
(37425, 46166, 37660, 98275)
(39165, 48115, 39450, 96083)
(37417, 45082, 37656, 97248)
(37035, 43377, 37265, 95096)
(37299, 45950, 37542, 96767)
(37928, 45239, 38177, 96222)
(37370, 44870, 37603, 96237)
(37032, 43963, 37273, 95621)
(37204, 46245, 37442, 96381)
(37395, 44938, 37636, 98235)
(41991, 49741, 42198, 110929)
(37167, 45719, 37410, 96336)
(37130, 46704, 37366, 95914)
(37391, 44126, 37627, 97051)
(37214, 45260, 37451, 96468)
(37210, 46375, 37450, 96377)
(37313, 44191, 37554, 96099)
(37290, 44132, 37527, 97552)
(39166, 46264, 39408, 103050)
(37228, 46581, 37464, 96654)
(37208, 45082, 37445, 96087)
(37257, 44473, 37485, 95469)
(37221, 52757, 37450, 95384)
(37332, 51871, 37597, 97559)
(37330, 46747, 37564, 96022)
(37745, 47308, 38067, 96165)
(37188, 48718, 37422, 95679)
(39004, 56026, 39250, 100833)
(37436, 47447, 37704, 96700)
(37354, 52573, 37612, 96213)
(38366, 49152, 38628, 96355)
(37008, 45165, 37243, 95330)
(37378, 44942, 37618, 96120)
(37315, 52085, 37550, 95805)
(37203, 46298, 37440, 95895)
(37420, 47250, 37653, 96836)
(37279, 44724, 37520, 96740)
(37355, 44772, 37596, 97171)
(37327, 48093, 37567, 97278)
(39026, 48167, 39268, 101313)
(37041, 45212, 37275, 94619)
(37180, 44363, 37411, 96378)
(37371, 46522, 37605, 96396)
(37356, 44734, 37599, 97471)
(37254, 46374, 37490, 96738)
(37144, 49955, 37383, 95763)
(37413, 55844, 37678, 97463)
(37430, 46210, 37664, 96596)
(37476, 52308, 37763, 96841)
(37037, 44657, 37264, 94769)
(37499, 47034, 37741, 98968)
(37095, 45446, 37337, 95728)
(40989, 52608, 41279, 100790)
(37223, 48710, 37457, 96795)
(37208, 49703, 37454, 95980)
(37187, 48020, 37425, 95828)
(37263, 46106, 37499, 96529)
(37304, 49436, 37541, 95933)
(37421, 50795, 37659, 96974)
(37246, 50760, 37486, 96796)
(37304, 51016, 37545, 96815)
(37249, 51322, 37491, 96819)
(37267, 48279, 37503, 97199)
(37001, 48213, 37230, 95466)
(37217, 71216, 37479, 96214)
(37184, 53641, 37425, 95822)
(37186, 50536, 37425, 96201)
(37333, 62469, 37613, 97050)
(37265, 48873, 37506, 96651)
(37422, 45913, 37659, 97888)
(37171, 44929, 37405, 96247)
(37363, 60233, 38940, 97295)
(37202, 52289, 37443, 96073)
(37104, 48377, 37349, 96016)
(37234, 46486, 37470, 96696)
(37177, 47335, 37405, 94860)
(37561, 46921, 37799, 97253)
(36999, 47069, 37224, 95093)
(37221, 45558, 37461, 96108)
(38896, 48058, 39142, 100577)
(37065, 46479, 37340, 95285)
(37499, 47546, 37787, 99107)
(37175, 45932, 37418, 95583)
(37431, 51918, 37667, 97135)
(37225, 45361, 37464, 96262)
(37271, 52882, 37511, 96656)
(38820, 53827, 39064, 99903)
(37258, 46054, 37500, 96052)
(37210, 45366, 37451, 96549)
(37126, 46516, 37389, 94903)
(37172, 47425, 37414, 95982)
(37347, 45187, 37582, 97599)
(37298, 44863, 37592, 95836)
(37169, 46547, 37400, 96353)
(38694, 48940, 38934, 99506)
(37303, 45916, 37548, 96412)
(37417, 46867, 37653, 96009)
(37632, 46814, 37864, 99036)
(37261, 46168, 37496, 95970)
(37475, 46810, 37707, 99011)
(38926, 52689, 39168, 100767)
(37143, 45771, 37365, 95506)
(38937, 49669, 39205, 78537)
(36908, 46728, 37141, 94566)
(38429, 49285, 38706, 96610)
(37467, 46740, 37707, 98605)
(37076, 46607, 37317, 95400)
(37406, 51488, 37656, 95860)
(37205, 46329, 37449, 95588)
(39040, 49680, 39281, 101165)
(38871, 48654, 39113, 100039)
(38983, 49760, 39229, 100779)
(37545, 52839, 37782, 97732)
(37220, 46713, 37460, 95972)
(37204, 44522, 37447, 96327)
(37188, 46293, 37448, 95735)
(45811, 58939, 46084, 116144)
(37180, 47005, 37422, 96180)
(36864, 48031, 37095, 95336)
(37411, 46979, 37642, 97484)
(37276, 47080, 37506, 97128)
(37302, 49090, 37539, 96798)
(37032, 51922, 37269, 95250)
(37464, 45616, 37697, 97815)
(37342, 45483, 37579, 97310)
(37327, 47734, 37557, 96413)
(37279, 46909, 37519, 96864)
(37356, 46442, 37594, 98248)
(37280, 46107, 37519, 96620)
(37331, 45882, 37564, 95878)
(37448, 47478, 37683, 96946)
(37419, 45353, 37658, 97539)
(38946, 47408, 39190, 99960)
(37434, 45420, 37666, 96777)
(37123, 46201, 37365, 95668)
(37228, 44728, 37493, 96458)
(38641, 50765, 38905, 97234)
(37485, 46296, 37740, 98382)
(37368, 45526, 37602, 96935)
(37103, 47014, 37334, 94818)
(38046, 48779, 38319, 96517)
(37339, 45839, 37582, 96007)
(38942, 54482, 39183, 101478)
(37270, 46480, 37503, 95771)
(37763, 45870, 38018, 96104)
(37323, 50912, 37555, 95856)
(37140, 52479, 37382, 95981)
(37499, 52071, 37737, 97367)
(37320, 45647, 37551, 95902)
(37296, 47882, 37529, 96120)
(37249, 48053, 37599, 96135)
(37315, 46515, 37558, 97537)
(37433, 49642, 37675, 97288)
(37186, 45515, 37427, 96135)
(37225, 48527, 37460, 96257)
(37306, 46896, 37544, 97434)
(37327, 46302, 37563, 97476)
(37402, 46908, 37639, 96281)
(37160, 45422, 37401, 95840)
(37217, 47061, 37456, 96208)
(37144, 45679, 37384, 95588)
(37260, 51800, 37496, 96924)
(37239, 46353, 37477, 96856)
(37485, 52415, 37722, 97121)
(38213, 52378, 38474, 96177)
(38896, 47044, 39136, 100526)
(37211, 45164, 37450, 95996)
(37265, 45304, 37497, 96630)
(37076, 48570, 37311, 96184)
(37313, 49267, 37549, 96157)
(37370, 51225, 37613, 97255)
(38846, 46812, 39083, 99820)
(37182, 45029, 37421, 96191)
(37350, 46007, 37587, 97650)
(37217, 45975, 37448, 96586)
(37239, 44817, 37479, 96002)
(37355, 47144, 37597, 97816)
(37394, 47032, 37633, 97837)
(37396, 45230, 37639, 97673)
(36862, 45197, 37088, 94366)
(37208, 45284, 37457, 96052)
(38857, 47401, 39125, 100003)
(37260, 46234, 37544, 95949)
(37332, 46870, 37567, 97499)
(37389, 46393, 37664, 96334)
(37352, 51348, 37591, 97459)
(37340, 51369, 37577, 96870)
(37207, 51090, 37484, 96570)
(37310, 50994, 37545, 95744)
(37322, 45068, 37562, 95996)
(37251, 45397, 37486, 96010)
(37150, 44917, 37385, 95743)
(37361, 47617, 37596, 96100)
(37403, 46090, 37639, 97206)
(37226, 44694, 37466, 96577)
(37248, 45127, 37488, 97068)
(37055, 50437, 37285, 95552)
(37343, 45744, 37578, 97389)
(37419, 46979, 37653, 96704)
(37161, 46983, 37417, 94902)
(37503, 47622, 37741, 97845)
(37627, 52118, 37898, 98369)
(37333, 51174, 37566, 97242)
(37172, 46337, 37408, 96323)
(37201, 45751, 37458, 95410)
(37357, 51645, 37592, 97853)
(37605, 45440, 37845, 95867)
(37169, 44367, 37405, 96055)
(37332, 46797, 37569, 97330)
(37283, 46093, 37522, 97256)
(37300, 45108, 37539, 97116)
(37227, 46742, 37471, 95990)
(37241, 44729, 37483, 96412)
(37825, 46744, 38078, 95993)
(44244, 54130, 44448, 117298)
(37406, 45715, 37690, 96535)
(37229, 45255, 37475, 96561)
(37476, 52040, 37714, 96689)
(37228, 45595, 37466, 96053)
(37428, 45385, 37734, 96939)
(37258, 45724, 37499, 96416)
(37427, 45356, 37665, 98566)
(37407, 46720, 37642, 96797)
(37461, 45542, 37697, 97231)
(37157, 44783, 37390, 96225)
(37338, 44887, 37575, 96801)
(37242, 45437, 37472, 96513)
(37616, 45706, 37867, 95184)
(37496, 44744, 37730, 98106)
(37390, 45025, 37624, 96701)
(37178, 46582, 37412, 96103)
(37172, 44907, 37412, 95574)
(39080, 52448, 39324, 101606)
(37189, 46791, 37427, 96248)
(37215, 51224, 37454, 96137)
(37262, 51042, 37497, 96508)
(39425, 47912, 39687, 97157)
(37296, 46280, 37579, 97120)
(37244, 44853, 37486, 95987)
(37386, 45066, 37621, 97999)
(37182, 45807, 37421, 95838)
(37365, 44912, 37597, 96910)
(37141, 46550, 37367, 94865)
(37222, 45728, 37456, 97132)
(37206, 46053, 37446, 95978)
(37220, 44860, 37458, 96067)
(37315, 44855, 37556, 97145)
(37599, 47870, 37840, 98049)
(37201, 45523, 37435, 95483)
(40028, 51172, 40288, 100605)
(37295, 45520, 37533, 96621)
(37223, 46275, 37460, 96279)
(37281, 44473, 37516, 96686)
(37360, 44755, 37596, 95915)
(37192, 47553, 37429, 96347)
(37088, 45794, 37324, 95365)
(39198, 51989, 39496, 100795)
(36997, 45054, 37223, 95097)
(37195, 44523, 37433, 96572)
(37239, 44262, 37471, 96916)
(37366, 44468, 37599, 98079)
(39059, 47153, 39300, 102432)
(37057, 43947, 37296, 95641)
(37180, 50786, 37418, 96446)
(37441, 50400, 37678, 97126)
(37407, 51044, 37645, 96612)
(37141, 46023, 37378, 96271)
(37301, 44358, 37537, 95790)
(37318, 46669, 37558, 97023)
(37319, 50021, 37555, 95778)
(38933, 51087, 39192, 100857)
(37222, 48252, 37532, 95880)
(37247, 46291, 37485, 96085)
(37259, 46637, 37494, 96665)
(37303, 45777, 37541, 97277)
(37354, 47059, 37594, 96085)
(37276, 45147, 37513, 96586)
(37451, 51203, 37692, 96801)
(37125, 49765, 37361, 94316)
(37234, 44611, 37474, 96643)
(37184, 46831, 37428, 96148)
(37264, 46648, 37503, 97211)
(37294, 46078, 37527, 96379)
(37069, 44226, 37305, 95478)
(37182, 46109, 37414, 96250)
(37091, 50924, 37318, 95249)
(37003, 45773, 37226, 95218)
(38867, 53424, 39110, 100086)
(37154, 45165, 37454, 95597)
(37340, 46363, 37575, 97398)
(37146, 45345, 37389, 96094)
(36992, 46342, 37215, 95226)
(37150, 44802, 37383, 96328)
(37365, 44925, 37600, 97494)
(39003, 47499, 39242, 101184)
(37172, 44964, 37410, 95784)
(37286, 44928, 37524, 95771)
(37439, 45328, 37673, 97508)
(36997, 45313, 37220, 95413)
(37514, 46392, 37751, 97029)
(37344, 45854, 37579, 96272)
(37277, 45925, 37520, 96152)
(43429, 53040, 43632, 114520)
(37258, 44913, 37490, 96548)
(37227, 45720, 37466, 96506)
(37254, 46237, 37487, 96664)
(38438, 47526, 38693, 96853)
(37106, 45346, 37327, 95654)
(37087, 45093, 37322, 95732)
(37195, 46293, 37434, 95682)
(37338, 47074, 37583, 96130)
(37378, 47520, 37615, 97979)
(37440, 47516, 37679, 96379)
(37154, 51553, 37389, 95479)
(37055, 50740, 37289, 96004)
(37275, 44446, 37510, 96916)
(37134, 44998, 37370, 95228)
(37231, 44156, 37463, 95236)
(37030, 44817, 37258, 94824)
(37600, 45694, 37831, 98160)
(37324, 45223, 37561, 95923)
(37062, 45194, 37322, 95360)
(38761, 52704, 38996, 99768)
(37267, 51528, 37500, 96605)
(37192, 44976, 37428, 95805)
(37224, 45445, 37458, 96320)
(37521, 45370, 37756, 97154)
(37338, 45346, 37573, 96171)
(37257, 49666, 37626, 94731)
(39080, 46722, 39385, 96654)
(37245, 46061, 37484, 95844)
(37200, 44816, 37440, 95939)
(37342, 44808, 37575, 96437)
(37408, 50916, 37647, 96089)
(37450, 51272, 37689, 96147)
(38363, 46022, 38623, 97121)
(38931, 46748, 39170, 100825)
(37224, 49151, 37462, 96378)
(37224, 44901, 37459, 96813)
(37173, 44231, 37414, 96129)
