(2178, 3192, 2216, 6096)
(2155, 3028, 2189, 6031)
(2162, 3184, 2201, 6048)
(2145, 2929, 2181, 5995)
(2168, 4053, 2209, 5993)
(2156, 3244, 2196, 6148)
(2136, 3762, 2174, 5942)
(2553, 3955, 2594, 7179)
(2162, 3305, 2202, 6019)
(2174, 3361, 2212, 6099)
(2544, 3891, 2585, 7108)
(2146, 3353, 2182, 5964)
(2164, 3394, 2203, 6037)
(2169, 3252, 2217, 6079)
(2162, 3775, 2202, 5993)
(2153, 3243, 2189, 6017)
(2136, 3580, 2172, 5926)
(2128, 3080, 2164, 5908)
(2148, 3464, 2183, 5958)
(2153, 3503, 2190, 5955)
(2163, 3307, 2201, 5994)
(2554, 4333, 2596, 7155)
(2150, 3709, 2186, 5943)
(2136, 3394, 2169, 5916)
(2147, 3520, 2185, 6025)
(2176, 3487, 2217, 6060)
(2174, 3148, 2208, 6078)
(2134, 3469, 2172, 6001)
(2141, 3376, 2177, 6058)
(2159, 4033, 2199, 6088)
(2196, 3414, 2226, 6118)
(2169, 3666, 2209, 6100)
(2165, 3635, 2203, 6011)
(2529, 4113, 2570, 7176)
(2158, 3345, 2191, 5947)
(2154, 3418, 2194, 6109)
(2150, 3084, 2184, 6042)
(2151, 3211, 2186, 6026)
(2131, 3054, 2168, 5957)
(2138, 3463, 2172, 5950)
(2152, 3224, 2190, 5999)
(2132, 3372, 2170, 5910)
(2133, 3189, 2173, 6005)
(2147, 3473, 2185, 6066)
(2156, 3441, 2191, 5988)
(2144, 3276, 2177, 5947)
(2154, 3168, 2194, 5987)
(2152, 3001, 2190, 6089)
(2142, 3396, 2175, 5978)
(2116, 3059, 2151, 5963)
(2160, 3292, 2197, 6012)
(2156, 3340, 2198, 6042)
(2157, 3427, 2195, 5994)
(2564, 4194, 2605, 7126)
(2138, 3428, 2175, 5976)
(2132, 3393, 2168, 5935)
(2139, 3550, 2175, 5961)
(2539, 4061, 2580, 7083)
(2148, 3000, 2185, 5940)
(2163, 3675, 2197, 6026)
(2150, 3584, 2185, 5980)
(2155, 3320, 2196, 5973)
(2531, 3989, 2572, 7065)
(2155, 3485, 2191, 5970)
(2146, 3255, 2183, 5981)
(2527, 4183, 2573, 7027)
(2167, 4198, 2204, 6025)
(2697, 4917, 2734, 7322)
(2154, 3712, 2192, 6037)
(2150, 3499, 2186, 5920)
(2142, 3082, 2178, 5995)
(3017, 4864, 3066, 8359)
(2151, 3557, 2188, 6039)
(2141, 3372, 2177, 6013)
(2154, 3354, 2194, 5998)
(2124, 3223, 2164, 5877)
(2131, 3692, 2168, 5972)
(2153, 3311, 2190, 5988)
(2139, 3376, 2177, 5944)
(2159, 3523, 2199, 6110)
(2150, 3265, 2184, 6003)
(2154, 3292, 2191, 5973)
(2165, 3522, 2204, 6042)
(2164, 3505, 2199, 6017)
(2528, 3919, 2570, 7075)
(2158, 3454, 2194, 6017)
(2567, 3991, 2611, 7173)
(2158, 3303, 2194, 6026)
(2156, 3786, 2189, 6008)
(2563, 3925, 2605, 7235)
(2158, 3460, 2194, 6077)
(2568, 3771, 2610, 7253)
(2145, 3297, 2180, 5954)
(2155, 3488, 2195, 6108)
(2145, 3373, 2181, 5973)
(2557, 3642, 2597, 7155)
(2148, 3540, 2184, 5960)
(2164, 3224, 2198, 6110)
(2155, 3507, 2189, 6076)
(2136, 3123, 2171, 5930)
(2178, 3558, 2208, 6054)
(2160, 3150, 2198, 6019)
(2544, 4322, 2584, 7101)
(2166, 3533, 2201, 5889)
(2146, 3688, 2180, 5892)
(2133, 3431, 2168, 5923)
(2138, 3630, 2174, 5966)
(3015, 5027, 3064, 8351)
(2168, 3485, 2206, 6100)
(2544, 4580, 2589, 7104)
(2158, 3594, 2195, 6084)
(2144, 3473, 2180, 5946)
(2150, 3988, 2187, 5860)
(2149, 3375, 2188, 5959)
(2141, 3779, 2177, 5943)
(2137, 3338, 2172, 5975)
(2145, 3231, 2181, 5950)
(2167, 3429, 2208, 6032)
(2171, 3080, 2207, 6141)
(2137, 3041, 2170, 5994)
(3012, 4370, 3062, 8323)
(2765, 4498, 2812, 7099)
(2154, 3275, 2192, 6112)
(2161, 3278, 2198, 6029)
(2153, 3721, 2186, 6051)
(2177, 3641, 2211, 6083)
(2150, 3173, 2189, 6032)
(2131, 3304, 2165, 5907)
(2143, 3389, 2176, 5918)
(2140, 3377, 2174, 5944)
(2165, 3346, 2203, 6117)
(2153, 3133, 2188, 6056)
(2137, 3432, 2173, 5970)
(2155, 3212, 2188, 6038)
(2185, 3304, 2230, 6110)
(2144, 3428, 2180, 5907)
(2163, 3453, 2202, 6005)
(2160, 3192, 2194, 6042)
(2132, 3385, 2168, 5925)
(2533, 3565, 2575, 7159)
(2161, 3402, 2203, 6045)
(2132, 3252, 2167, 5910)
(2161, 3603, 2200, 6013)
(2155, 3395, 2192, 5961)
(2154, 3292, 2186, 6064)
(2136, 3290, 2169, 5922)
(2168, 3434, 2206, 6079)
(2170, 3485, 2211, 6029)
(2163, 3673, 2200, 5979)
(2147, 3416, 2182, 6006)
(2152, 3235, 2188, 5958)
(2139, 3121, 2173, 5987)
(2159, 3508, 2197, 5974)
(2152, 3331, 2191, 6040)
(2148, 3542, 2187, 5966)
(2544, 3925, 2588, 7108)
(2155, 3653, 2196, 5983)
(2131, 3222, 2164, 5894)
(2150, 3509, 2190, 6080)
(2563, 4134, 2604, 7263)
(2180, 3372, 2221, 6089)
(2157, 3365, 2191, 5950)
(2147, 3231, 2182, 6022)
(2158, 3465, 2195, 6110)
(2192, 3484, 2225, 6129)
(2177, 3299, 2218, 6047)
(2157, 3289, 2193, 6091)
(2152, 3230, 2189, 6017)
(2173, 3246, 2211, 6071)
(2154, 3534, 2191, 6021)
(2125, 3407, 2161, 5873)
(2150, 3429, 2186, 5966)
(2182, 3472, 2220, 6113)
(2162, 3498, 2197, 6089)
(2131, 3333, 2164, 5919)
(2165, 3212, 2200, 6027)
(2581, 4009, 2620, 7269)
(2157, 3277, 2196, 6018)
(2154, 3288, 2190, 5970)
(2147, 3228, 2182, 5953)
(2135, 3758, 2173, 5964)
(2143, 3509, 2179, 5961)
(2143, 3350, 2178, 5945)
(2139, 3154, 2174, 5931)
(2167, 3949, 2202, 5999)
(2169, 3968, 2205, 5990)
(2554, 4065, 2594, 7134)
(2139, 3424, 2175, 5988)
(2144, 3342, 2179, 5956)
(2127, 3449, 2164, 5983)
(2158, 3569, 2193, 6072)
(2571, 4434, 2612, 7198)
(2554, 4211, 2594, 7168)
(2143, 3554, 2179, 5951)
(2151, 4198, 2187, 5970)
(2148, 3236, 2185, 6021)
(2150, 3214, 2188, 6043)
(2131, 3162, 2169, 6007)
(2142, 3255, 2177, 5884)
(2170, 4239, 2212, 6075)
(2524, 3790, 2565, 7068)
(2154, 3140, 2192, 6125)
(2153, 3812, 2188, 5924)
(2130, 3281, 2165, 5959)
(2565, 3907, 2607, 7146)
(2163, 3346, 2195, 6077)
(2169, 3222, 2203, 5990)
(2124, 3122, 2160, 5942)
(2155, 3194, 2190, 6065)
(2557, 4186, 2598, 7192)
(2161, 3289, 2195, 6008)
(2152, 3237, 2188, 5954)
(2163, 3316, 2198, 6087)
(2129, 3104, 2163, 5910)
(2143, 3303, 2179, 5982)
(2141, 3448, 2179, 5960)
(2164, 3151, 2202, 6051)
(2144, 3223, 2182, 5992)
(2157, 3200, 2191, 6120)
(2156, 3330, 2191, 5998)
(2136, 3153, 2170, 5939)
(2165, 3094, 2202, 6004)
(2123, 3273, 2158, 5902)
(2136, 3215, 2173, 5948)
(2218, 3408, 2288, 6170)
(2167, 3240, 2202, 6013)
(2146, 3139, 2182, 6061)
(2533, 39740, 2576, 7033)
(2533, 3682, 2577, 7056)
(2541, 4033, 2582, 7187)
(2156, 3695, 2194, 5991)
(2179, 3538, 2215, 6096)
(2179, 3717, 2212, 6058)
(2153, 3088, 2186, 5899)
(2168, 3517, 2207, 6032)
(2164, 3241, 2202, 6034)
(2172, 3627, 2211, 6055)
(2142, 3454, 2180, 6047)
(2144, 3330, 2179, 5973)
(2138, 3362, 2174, 5970)
(2132, 3109, 2167, 5982)
(2154, 3118, 2189, 6019)
(2168, 3314, 2202, 5997)
(2152, 3054, 2188, 5984)
(2141, 3721, 2178, 5931)
(2142, 3225, 2179, 6003)
(2158, 3405, 2197, 6014)
(2142, 3428, 2178, 5984)
(2156, 3209, 2196, 6082)
(2144, 3309, 2181, 5955)
(2165, 3172, 2200, 6086)
(2151, 3531, 2189, 5993)
(2155, 3354, 2188, 6023)
(2138, 3179, 2172, 5936)
(2170, 3354, 2205, 6056)
(2540, 4070, 2584, 7117)
(2164, 3212, 2199, 6035)
(2154, 3431, 2193, 6068)
(2167, 3474, 2205, 6035)
(2169, 3839, 2208, 6056)
(2183, 3436, 2218, 6036)
(2564, 3899, 2605, 7162)
(2140, 3103, 2174, 6007)
(2155, 3399, 2194, 6036)
(2136, 3422, 2170, 5942)
(2158, 3461, 2191, 6001)
(2157, 3234, 2193, 5984)
(2170, 3358, 2208, 6081)
(2158, 3254, 2192, 6066)
(2565, 3799, 2609, 7186)
(2155, 3607, 2193, 5999)
(2138, 3200, 2174, 5979)
(2128, 3124, 2162, 5951)
(2563, 3882, 2603, 7296)
(2154, 3386, 2195, 6044)
(2177, 3458, 2220, 6009)
(2578, 3784, 2620, 7171)
(2139, 3407, 2173, 5903)
(2172, 3487, 2210, 6094)
(2149, 3033, 2185, 5902)
(2535, 3741, 2575, 7097)
(2172, 3511, 2205, 6033)
(2589, 4672, 2633, 7155)
(2546, 3853, 2587, 7130)
(2180, 3199, 2218, 6078)
(2698, 4736, 2745, 7073)
(2143, 3798, 2178, 6040)
(2144, 3280, 2184, 5924)
(2142, 3128, 2180, 5957)
(2148, 3270, 2184, 5981)
(2164, 3376, 2201, 5996)
(2154, 4061, 2193, 6044)
(2136, 3315, 2171, 5971)
(2127, 3660, 2161, 5931)
(2153, 3295, 2187, 6017)
(2128, 3004, 2162, 5969)
(2164, 2920, 2203, 6161)
(2130, 2978, 2164, 5873)
(2144, 3020, 2176, 5993)
(2541, 3776, 2582, 7106)
(2160, 3160, 2195, 6026)
(2144, 2960, 2180, 5996)
(2142, 3147, 2179, 6012)
(2156, 3136, 2190, 5972)
(2135, 3266, 2170, 5935)
(2135, 3297, 2169, 5979)
(2121, 3210, 2154, 5914)
(2191, 3089, 2233, 6098)
(2134, 2958, 2168, 5969)
(2167, 3174, 2204, 6072)
(2149, 3197, 2184, 5898)
(2156, 3320, 2195, 5989)
(2148, 3285, 2186, 5977)
(2164, 3203, 2202, 6012)
(2150, 3255, 2188, 5939)
(2182, 3148, 2221, 6057)
(2175, 3493, 2218, 6075)
(2161, 3174, 2195, 6035)
(2561, 3656, 2602, 7199)
(2142, 3154, 2176, 5928)
(2139, 3719, 2175, 6022)
(2149, 3176, 2188, 5935)
(2153, 3250, 2189, 6028)
(2148, 3240, 2186, 6013)
(2137, 3237, 2174, 5990)
(2553, 3813, 2594, 7213)
(2837, 340903, 2951, 7160)
(2147, 3390, 2183, 5991)
(2660, 4428, 2765, 7214)
(2158, 3430, 2196, 6092)
(2155, 3412, 2192, 6128)
(2149, 3080, 2184, 6053)
(2148, 3096, 2183, 6023)
(2158, 3654, 2193, 6009)
(2136, 3778, 2170, 5905)
(2154, 3332, 2191, 6049)
(2148, 3267, 2185, 6005)
(2141, 3705, 2197, 5943)
(2156, 3324, 2194, 6109)
(2166, 3483, 2205, 6048)
(2172, 3777, 2211, 5974)
(2163, 3407, 2199, 5965)
(2141, 3273, 2177, 6005)
(2134, 3847, 2167, 5883)
(2155, 3517, 2187, 6092)
(2151, 3408, 2188, 6040)
(2145, 3408, 2180, 5923)
(2164, 3511, 2205, 6024)
(2177, 3569, 2207, 6012)
(2155, 3496, 2191, 5993)
(2150, 3458, 2185, 5971)
(2135, 3435, 2169, 5953)
(2557, 3862, 2596, 7218)
(2559, 3811, 2601, 7152)
(2558, 4495, 2599, 7129)
(2156, 3354, 2192, 5986)
(2570, 3974, 2610, 7249)
(2134, 3087, 2169, 5913)
(2167, 3393, 2205, 6089)
(2552, 4011, 2597, 7165)
(2537, 3671, 2578, 7097)
(2144, 3318, 2178, 5931)
(2144, 3628, 2181, 5931)
(2172, 3544, 2214, 6016)
(2591, 3752, 2627, 7260)
(2209, 3515, 2243, 6172)
(2152, 3301, 2190, 6012)
(2148, 3287, 2183, 5988)
(2134, 3552, 2171, 5961)
(2562, 3656, 2603, 7211)
(2163, 3157, 2197, 5986)
(2139, 3256, 2174, 5940)
(2143, 3458, 2179, 6006)
(2166, 3651, 2202, 6014)
(2152, 3337, 2189, 6024)
(2164, 3629, 2203, 6024)
(2146, 3414, 2183, 5926)
(2129, 3061, 2165, 5929)
(2169, 3438, 2207, 6080)
(2138, 4265, 2173, 5955)
(2144, 3562, 2178, 5925)
(2184, 3169, 2221, 6131)
(2145, 3464, 2180, 5997)
(2560, 3826, 2599, 7213)
(2146, 3317, 2182, 5973)
(2150, 3111, 2184, 5979)
(2140, 3128, 2175, 5937)
(2548, 3754, 2590, 7207)
(2553, 3628, 2595, 7216)
(2126, 3293, 2161, 5930)
(2163, 3287, 2203, 6107)
(2166, 3119, 2201, 6139)
(2148, 2991, 2184, 6045)
(2158, 3225, 2195, 6037)
(2530, 3716, 2571, 7102)
(2148, 3459, 2183, 5961)
(2152, 3235, 2189, 5994)
(2133, 3291, 2170, 5896)
(2144, 3089, 2178, 6006)
(2156, 3336, 2192, 6032)
(2216, 3419, 2244, 6114)
(2144, 3192, 2178, 6005)
(2178, 3470, 2209, 6065)
(2557, 3816, 2597, 7191)
(2145, 3237, 2183, 5951)
(2146, 3095, 2181, 5975)
(2142, 3318, 2177, 6054)
(2540, 3926, 2581, 7051)
(2555, 3927, 2596, 7212)
(2145, 3065, 2181, 6016)
(2140, 3411, 2185, 5956)
(2182, 3632, 2218, 6055)
(2144, 3377, 2180, 5944)
(2158, 3552, 2191, 6023)
(2151, 3369, 2188, 6046)
(2129, 3503, 2164, 5898)
(2162, 3288, 2199, 5980)
(2157, 3378, 2197, 5862)
(2164, 3685, 2201, 6095)
(2157, 3141, 2192, 6088)
(2144, 3259, 2178, 6003)
(2167, 3252, 2205, 6036)
(2154, 3314, 2193, 6002)
(2155, 3376, 2202, 5945)
(2141, 3134, 2173, 5933)
(2153, 3692, 2188, 5975)
(2144, 3280, 2182, 5943)
(2139, 3225, 2174, 5906)
(2139, 3245, 2173, 5931)
(2157, 4169, 2198, 6041)
(2175, 3285, 2207, 6060)
(2130, 3395, 2165, 5897)
(2125, 3200, 2164, 5870)
(2177, 3378, 2219, 6029)
(2137, 3317, 2173, 5937)
(2141, 3101, 2176, 5935)
(2146, 3128, 2181, 5974)
(2139, 3172, 2173, 5911)
(2178, 3324, 2217, 6100)
(2168, 3566, 2207, 6109)
(2544, 3815, 2585, 7068)
(2153, 3307, 2189, 5968)
(2545, 3712, 2586, 7162)
(2153, 3198, 2190, 6043)
(2558, 3932, 2601, 7089)
(2158, 3389, 2197, 5995)
(2158, 3322, 2200, 6038)
(2139, 3287, 2173, 5953)
(2166, 3386, 2204, 6069)
(2150, 3555, 2187, 5905)
(3015, 5266, 3104, 8358)
(2180, 4323, 2217, 6028)
(2152, 3384, 2186, 5947)
(2169, 3546, 2204, 6038)
(2137, 3413, 2173, 5951)
(2160, 3608, 2198, 6025)
(2162, 3139, 2197, 6029)
(2172, 3577, 2212, 6020)
(2140, 3171, 2173, 5901)
(2154, 3461, 2192, 5969)
(2562, 4078, 2608, 7151)
(2164, 4012, 2199, 6059)
(2200, 4696, 2232, 6141)
(2123, 3237, 2160, 5933)
(2138, 3160, 2172, 5947)
(2149, 3238, 2186, 5993)
(2146, 3305, 2183, 6026)
(2139, 4089, 2176, 5966)
(2140, 3674, 2173, 5952)
(2135, 3522, 2172, 5949)
(2565, 3734, 2608, 7191)
(2140, 3063, 2177, 6000)
(2550, 3879, 2593, 7238)
(2559, 3961, 2600, 7213)
(2166, 3265, 2202, 6052)
(2160, 3131, 2197, 6037)
(2161, 3396, 2199, 6116)
(2159, 3527, 2195, 6030)
(2156, 3274, 2191, 6002)
(2549, 3775, 2590, 7108)
(2151, 3367, 2188, 6001)
(2147, 3305, 2185, 5960)
(2162, 4650, 2201, 6018)
(2143, 3428, 2178, 6015)
(2141, 3503, 2175, 5987)
(2163, 3640, 2199, 5975)
(2565, 3822, 2605, 7273)
(2151, 3178, 2187, 5919)
(2146, 3446, 2182, 5980)
(2147, 3136, 2185, 6031)
(2146, 3134, 2181, 5973)
(2141, 3094, 2177, 6006)
(2137, 2989, 2172, 5983)
(2160, 3250, 2195, 6044)
(2528, 3870, 2569, 7070)
(2150, 3357, 2187, 6033)
(2548, 3597, 2589, 7150)
(2150, 3115, 2186, 5926)
(2170, 3635, 2205, 5993)
(2158, 3566, 2198, 6093)
(2144, 3307, 2179, 5994)
(2151, 3152, 2184, 5933)
(2187, 3501, 2219, 6128)
(2157, 3246, 2194, 5982)
(2161, 3268, 2200, 6038)
(2155, 3291, 2191, 6081)
(2176, 3176, 2211, 6078)
(2536, 3894, 2578, 7147)
(2151, 3195, 2190, 6049)
(2266, 3326, 2313, 6026)
(2179, 3208, 2218, 6136)
(2148, 3151, 2182, 6021)
(2137, 3716, 2172, 5924)
(2158, 3043, 2197, 6082)
(2153, 3164, 2191, 5983)
(2148, 3222, 2187, 5963)
(2166, 3360, 2202, 6131)
(2147, 3546, 2185, 6035)
(2139, 3329, 2177, 5974)
(2146, 3631, 2184, 6054)
(2159, 3296, 2193, 6015)
(2144, 3334, 2181, 5960)
(2553, 3978, 2593, 7205)
(2145, 3210, 2180, 5906)
(2172, 3280, 2207, 6036)
(2141, 3363, 2176, 6028)
(2139, 3284, 2174, 5926)
(2170, 3612, 2206, 6016)
(2144, 3364, 2181, 6002)
(2531, 3793, 2573, 7136)
(2160, 3708, 2195, 5990)
(2146, 3301, 2182, 5957)
(2126, 3155, 2163, 5897)
(2158, 3374, 2196, 6021)
(2134, 3313, 2171, 5951)
(2164, 3186, 2202, 6027)
(2138, 3170, 2172, 6033)
(2545, 3757, 2587, 7124)
(2162, 3704, 2200, 6009)
(2549, 3984, 2590, 7200)
(2555, 4355, 2598, 7197)
(2205, 3218, 2233, 6113)
(2166, 3358, 2204, 6082)
(2122, 3452, 2156, 5818)
(2118, 3199, 2154, 5874)
(2153, 3193, 2191, 5974)
(2148, 3221, 2185, 5917)
(2142, 3264, 2179, 5975)
(2154, 3029, 2193, 6112)
(2535, 3672, 2576, 7051)
(2180, 3278, 2217, 6038)
(2163, 3718, 2200, 5965)
(2155, 3309, 2189, 6017)
(2170, 3642, 2204, 6106)
(2145, 3577, 2185, 5986)
(2562, 3759, 2604, 7168)
(2528, 5102, 2569, 7098)
(2164, 3677, 2199, 5983)
(2156, 3765, 2195, 6050)
(2164, 3526, 2200, 6106)
(2161, 3553, 2196, 5929)
(2297, 3967, 2352, 6000)
(2188, 3533, 2223, 6125)
(2146, 3266, 2184, 5978)
(2575, 4102, 2612, 7310)
(2165, 3066, 2203, 6096)
(2154, 3056, 2189, 6036)
(2165, 3224, 2202, 5995)
(2131, 2938, 2165, 5943)
(2177, 3271, 2217, 6042)
(2152, 3148, 2189, 6095)
(2186, 3233, 2221, 6179)
(2568, 4029, 2611, 7213)
(2559, 3895, 2599, 7167)
(2152, 3138, 2186, 5987)
(2148, 3211, 2184, 6040)
(2158, 3229, 2196, 6112)
(2164, 3204, 2198, 5916)
(2139, 3190, 2173, 5937)
(2574, 3704, 2615, 7291)
(2544, 3935, 2585, 7138)
(2154, 3239, 2189, 6070)
(2146, 3531, 2181, 5942)
(2144, 3275, 2179, 5987)
(2544, 4017, 2587, 7161)
(2130, 3540, 2166, 5904)
(2138, 3360, 2172, 5958)
(2136, 3527, 2175, 6019)
(2159, 3564, 2199, 6040)
(2157, 3518, 2196, 6061)
(2580, 4091, 2628, 7205)
(2170, 3515, 2205, 5975)
(2564, 3995, 2605, 7184)
(2164, 3350, 2202, 6061)
(2162, 3341, 2202, 6050)
(2151, 3801, 2187, 5991)
(2171, 3469, 2208, 6110)
(2566, 3951, 2606, 7209)
(2154, 3121, 2187, 6100)
(2165, 3427, 2204, 6070)
(2164, 3458, 2198, 6069)
(2148, 3320, 2185, 5991)
(2146, 3382, 2182, 6054)
(2143, 3288, 2179, 5957)
(2141, 3105, 2175, 5972)
(2550, 3868, 2593, 7128)
(2135, 3416, 2169, 5977)
(2157, 3501, 2190, 6063)
(2580, 4160, 2620, 7213)
(2155, 3153, 2193, 6128)
(2129, 3186, 2163, 5904)
(2153, 3192, 2187, 6082)
(2549, 3708, 2590, 7160)
(2147, 3578, 2187, 6060)
(2160, 3321, 2195, 6057)
(2163, 3264, 2198, 6029)
(2145, 3447, 2181, 6014)
(2141, 3490, 2175, 5863)
(2124, 3286, 2159, 5896)
(2161, 3178, 2196, 5986)
(2183, 3216, 2217, 6180)
(2142, 3342, 2175, 6046)
(2181, 3197, 2212, 6088)
(2566, 4151, 2608, 7112)
(2166, 3311, 2203, 6030)
(2147, 3104, 2183, 5919)
(2144, 3138, 2180, 5943)
(2138, 3686, 2174, 5962)
(2171, 3767, 2209, 6059)
(2149, 3258, 2189, 5949)
(2172, 3714, 2211, 6042)
(2146, 3196, 2188, 6070)
(2139, 3201, 2175, 6022)
(2529, 3835, 2571, 6999)
(2145, 3238, 2180, 5973)
(2149, 3359, 2187, 6000)
(2172, 3315, 2210, 6044)
(2149, 3953, 2190, 5980)
(2578, 3871, 2616, 7268)
(2158, 3340, 2199, 5960)
(2143, 3156, 2178, 6046)
(2151, 3154, 2188, 6032)
(2262, 3610, 2356, 6050)
(2118, 3903, 2152, 5900)
(2151, 3255, 2185, 5977)
(2157, 3555, 2195, 6008)
(2156, 3235, 2192, 5996)
(2147, 3260, 2187, 5951)
(2146, 3113, 2183, 6075)
(2158, 3356, 2193, 5993)
(2155, 3448, 2189, 5985)
(2153, 3335, 2193, 6020)
(2164, 3414, 2203, 6047)
(2578, 3650, 2611, 7306)
(2165, 3195, 2203, 6065)
(2155, 3200, 2190, 6054)
(2156, 3494, 2194, 5993)
(2134, 3133, 2169, 6001)
(2159, 3602, 2198, 6088)
(2181, 3358, 2219, 6061)
(2150, 3493, 2184, 6077)
(2131, 3187, 2167, 6031)
(2139, 3514, 2174, 5935)
(2558, 4017, 2597, 7287)
(2563, 3615, 2604, 7210)
(2172, 3356, 2210, 6049)
(2172, 3360, 2212, 6124)
(2149, 3215, 2184, 5964)
(2141, 3419, 2178, 5983)
(2150, 3365, 2187, 6046)
(2143, 3086, 2177, 5984)
(2151, 3063, 2189, 6059)
(2172, 3439, 2211, 6104)
(2155, 3728, 2194, 6008)
(2131, 3496, 2168, 5965)
(2188, 3350, 2222, 6091)
(3007, 4712, 3054, 8392)
(2541, 4070, 2582, 7123)
(2144, 3648, 2183, 6078)
(2155, 3363, 2189, 5986)
(2158, 3610, 2192, 6038)
(2158, 3443, 2193, 6002)
(2175, 3567, 2213, 6044)
(2159, 3828, 2195, 6022)
(2142, 3456, 2179, 5929)
(2158, 3599, 2195, 5946)
(2196, 3667, 2228, 6176)
(2559, 4151, 2603, 7106)
(2149, 3509, 2184, 5940)
(2558, 4242, 2598, 7140)
(2132, 3434, 2168, 5867)
(2159, 3674, 2195, 5990)
(3015, 5033, 3066, 8363)
(2546, 4217, 2589, 7138)
(2157, 3928, 2194, 5958)
(2173, 3942, 2212, 5971)
(2544, 3746, 2585, 7124)
(2537, 3957, 2581, 7084)
(2154, 3217, 2190, 5957)
(2212, 3586, 2245, 6159)
(2154, 3239, 2192, 6062)
(2178, 3507, 2222, 6136)
(2159, 3216, 2195, 6028)
(2249, 3971, 2359, 5996)
(2122, 3123, 2157, 5856)
(2131, 3316, 2166, 5951)
(2542, 3656, 2583, 7022)
(2154, 3132, 2189, 5968)
(2148, 3190, 2184, 6017)
(2139, 3081, 2174, 5950)
(2159, 3109, 2193, 5965)
(2553, 3835, 2594, 7173)
(2156, 3299, 2192, 6016)
(2159, 3233, 2193, 6056)
(2148, 3639, 2187, 5954)
(2174, 3298, 2213, 6103)
(2144, 3559, 2180, 5959)
(2542, 3935, 2583, 7184)
(2150, 3469, 2187, 5931)
(2172, 3507, 2209, 6137)
(2179, 3589, 2220, 6091)
(2159, 3461, 2197, 6017)
(2150, 3179, 2186, 5963)
(2156, 3376, 2191, 5997)
(2174, 3725, 2209, 6024)
(2168, 3146, 2202, 6006)
(2150, 3313, 2187, 5967)
(2185, 3572, 2222, 6050)
(2161, 3573, 2200, 6048)
(2161, 3522, 2198, 5995)
(2149, 3202, 2183, 5959)
(2174, 3262, 2212, 6161)
(2546, 3711, 2587, 7042)
(2137, 3173, 2172, 5936)
(2134, 3368, 2169, 5930)
(2218, 3301, 2250, 6230)
(2200, 3333, 2234, 6171)
(2574, 3979, 2614, 7225)
(2143, 3557, 2177, 5880)
(2547, 3850, 2592, 7135)
(2160, 3239, 2195, 6027)
(2179, 3581, 2221, 6065)
(2140, 3229, 2172, 5906)
(2154, 3392, 2192, 5999)
(2134, 3209, 2169, 5973)
(2218, 3319, 2290, 5940)
(2156, 3085, 2191, 6077)
(2561, 3708, 2601, 7199)
(2151, 3443, 2187, 6021)
(2186, 3544, 2219, 6099)
(2146, 3044, 2179, 5949)
(2246, 3490, 2333, 5964)
(2141, 3112, 2178, 6046)
(2142, 3250, 2174, 5963)
(2160, 3263, 2199, 6035)
(2184, 3390, 2224, 6154)
(2147, 3378, 2184, 6009)
(2162, 3425, 2201, 6060)
(2144, 3278, 2179, 5904)
(2139, 3156, 2174, 5995)
(2309, 3707, 2440, 5980)
(2139, 3531, 2175, 5937)
(2141, 3998, 2176, 6017)
(2135, 3633, 2170, 6042)
(2144, 3609, 2179, 5922)
(2162, 3649, 2198, 6049)
(2161, 3649, 2196, 6050)
(2147, 3799, 2185, 5931)
(2556, 5157, 2598, 7195)
(2132, 3791, 2167, 5902)
(2163, 4218, 2199, 6021)
(2144, 3773, 2178, 5943)
(2143, 3858, 2179, 5947)
(2182, 3508, 2218, 6069)
(2164, 3745, 2199, 5964)
(2204, 3453, 2236, 6192)
(2144, 3513, 2183, 6082)
(2159, 3790, 2198, 5958)
(2531, 4267, 2575, 7069)
(2554, 4006, 2595, 7135)
(2186, 3635, 2220, 6018)
(2162, 3875, 2197, 6002)
(2128, 3488, 2164, 5893)
(2237, 3706, 2273, 6188)
(2157, 3806, 2194, 5973)
(2550, 4209, 2591, 7215)
(2125, 3435, 2161, 5907)
(2162, 3522, 2199, 5935)
(2155, 3424, 2188, 5983)
(2154, 3210, 2191, 5922)
(2117, 3375, 2152, 5803)
(2143, 3630, 2181, 5995)
(2139, 3536, 2173, 5879)
(2138, 3354, 2173, 5914)
(2141, 3297, 2177, 5984)
(2160, 3439, 2193, 5967)
(2154, 3320, 2189, 5964)
(2159, 3384, 2195, 6020)
(2156, 3337, 2195, 5986)
(2145, 3159, 2182, 5978)
(2129, 3209, 2166, 5958)
(2142, 3355, 2177, 5978)
(2162, 3773, 2202, 6033)
(2568, 3858, 2604, 7225)
(2175, 3434, 2209, 6004)
(2156, 3343, 2193, 5996)
(2553, 3722, 2593, 7144)
(2197, 3295, 2234, 6121)
(2159, 3109, 2195, 6104)
(2138, 3439, 2174, 5982)
(2137, 3090, 2173, 5930)
(2177, 3076, 2217, 6119)
(2229, 4009, 2266, 6125)
(2170, 3042, 2210, 6109)
(2296, 3620, 2358, 6016)
(2175, 3381, 2214, 6093)
(2162, 3951, 2198, 6052)
(2172, 3113, 2210, 6061)
(2170, 3471, 2205, 5998)
(2539, 3743, 2581, 7160)
(2165, 3297, 2202, 5923)
(2140, 3128, 2175, 5962)
(2162, 3523, 2199, 6048)
(2154, 3396, 2192, 6034)
(2161, 2995, 2194, 6070)
(2544, 3699, 2585, 7146)
(2529, 3592, 2569, 7123)
(2158, 3120, 2193, 5974)
(2159, 3207, 2196, 6058)
(2157, 3278, 2190, 6091)
(2157, 3273, 2192, 6026)
(2144, 3208, 2176, 5906)
(3008, 4427, 3057, 8374)
(2176, 3466, 2212, 6023)
(2181, 3250, 2216, 6048)
(2154, 3177, 2188, 5977)
(2141, 2928, 2175, 6005)
(2158, 3243, 2194, 5923)
(2163, 3259, 2199, 6027)
(2153, 3314, 2189, 6029)
(2132, 3648, 2168, 5881)
(2531, 3726, 2574, 7130)
(2155, 3153, 2191, 5931)
(2136, 3020, 2172, 5994)
(2152, 3243, 2187, 5946)
(2153, 3454, 2189, 5980)
(2137, 3371, 2172, 6010)
(2138, 3912, 2176, 5952)
(2155, 3293, 2191, 5983)
(2549, 4100, 2590, 7127)
(2138, 3659, 2174, 5986)
(2157, 3521, 2192, 5987)
(2140, 3446, 2174, 5955)
(2169, 3403, 2203, 5969)
(2127, 3407, 2162, 5874)
(2131, 3421, 2166, 5948)
(2162, 3763, 2199, 5899)
(2153, 3759, 2190, 5985)
(2515, 3976, 2557, 7048)
(2168, 3224, 2205, 6066)
(2141, 3155, 2176, 5924)
(2160, 3586, 2199, 5956)
(2147, 3400, 2184, 6040)
(2181, 3538, 2214, 6028)
(2221, 3581, 2255, 6087)
(2548, 3900, 2589, 7161)
(2515, 4100, 2557, 7065)
(2154, 3542, 2191, 5957)
(2568, 4075, 2610, 7246)
(2156, 3489, 2190, 6019)
(2556, 3959, 2597, 7150)
(2153, 3564, 2191, 5975)
(2172, 3884, 2215, 6077)
(2141, 3344, 2177, 5969)
(2141, 3421, 2178, 5960)
(2205, 3449, 2254, 6023)
(2556, 3832, 2601, 7154)
(2143, 3428, 2182, 5850)
(2260, 4102, 2362, 5954)
(2130, 3403, 2165, 5949)
(2179, 3240, 2216, 6009)
(2172, 3253, 2211, 6094)
(2173, 3286, 2204, 6068)
(2151, 3296, 2186, 5980)
(2164, 3402, 2198, 6128)
(2140, 3263, 2178, 5878)
(2526, 4183, 2567, 7096)
(2142, 3334, 2178, 5907)
(2177, 3414, 2211, 6109)
(2178, 3343, 2218, 6040)
(2157, 3139, 2193, 6072)
(2141, 3232, 2180, 5989)
(2545, 4148, 2587, 7162)
(2138, 3579, 2175, 5932)
(2139, 3403, 2180, 5985)
(2174, 3125, 2205, 6047)
(2141, 3091, 2176, 5887)
(2141, 3530, 2180, 5929)
(2172, 3200, 2209, 5970)
(2163, 3295, 2199, 6067)
(2174, 3393, 2215, 6025)
(2162, 3606, 2197, 6100)
(2140, 3320, 2176, 5936)
(2168, 3163, 2204, 6099)
(2133, 3115, 2169, 5924)
(2137, 3955, 2172, 5952)
(2150, 3388, 2186, 5966)
(2162, 3316, 2201, 5951)
(2165, 3376, 2198, 6043)
(2142, 3072, 2178, 5970)
(2164, 3351, 2204, 6042)
(2608, 3825, 2640, 7247)
(2155, 3134, 2193, 6057)
(2197, 3407, 2229, 6156)
(2170, 3209, 2205, 6032)
(2168, 3076, 2204, 6015)
(2183, 3213, 2221, 6006)
(2170, 3075, 2209, 6114)
(2148, 3093, 2184, 5996)
(2168, 3095, 2202, 6088)
(2189, 3514, 2228, 6026)
(2554, 3937, 2594, 7138)
(2149, 3230, 2186, 5961)
(2168, 3372, 2207, 6027)
(2158, 3250, 2195, 5985)
(2154, 3192, 2187, 6005)
(2171, 3241, 2209, 6109)
(2172, 3197, 2210, 6006)
(2141, 3113, 2177, 6017)
(2158, 3058, 2197, 5975)
(2164, 3077, 2196, 6007)
(2157, 3253, 2191, 6049)
(2173, 3195, 2212, 6075)
(2187, 3442, 2225, 6157)
(2153, 3496, 2187, 5969)
(2154, 3585, 2188, 5951)
(2193, 3460, 2233, 6043)
(2549, 4094, 2589, 7111)
(2192, 3451, 2229, 6016)
(2166, 3490, 2202, 6028)
(2542, 4060, 2584, 7157)
(2157, 3515, 2193, 5939)
(2149, 3368, 2187, 6065)
(2146, 3453, 2183, 6056)
(2155, 3419, 2191, 6041)
(2532, 4057, 2575, 7076)
(2183, 3537, 2224, 6008)
(2159, 3302, 2194, 6108)
(2161, 3520, 2198, 6002)
(2207, 3484, 2241, 6060)
(2168, 3680, 2211, 6052)
(2565, 4222, 2606, 7211)
(2134, 3168, 2170, 5885)
(2191, 3125, 2221, 6070)
(2141, 3160, 2178, 5931)
(2587, 4088, 2633, 7169)
(2164, 3540, 2202, 6023)
(2124, 3299, 2161, 5915)
(2159, 3775, 2199, 5970)
(2147, 3234, 2182, 5953)
(2183, 3537, 2226, 6128)
(2170, 3346, 2211, 5957)
(2158, 3305, 2194, 6061)
(2568, 4066, 2608, 7188)
(2138, 3183, 2174, 6027)
(2151, 3520, 2187, 6032)
(2215, 4026, 2247, 6042)
(2148, 3331, 2184, 5963)
(2184, 3685, 2229, 6035)
(2580, 3759, 2625, 7135)
(2157, 3156, 2193, 6084)
(2175, 3234, 2211, 6035)
(2149, 3059, 2187, 6024)
(2191, 3392, 2227, 6137)
(2161, 3259, 2198, 6001)
(2546, 3860, 2591, 7187)
(2565, 4052, 2607, 7221)
(2168, 3217, 2206, 5954)
(2171, 3452, 2215, 6031)
(2176, 3866, 2214, 5951)
(2152, 3045, 2188, 6056)
(2173, 2989, 2207, 6048)
(2135, 3182, 2169, 6035)
(2132, 3016, 2169, 5929)
(2146, 15171, 2181, 5926)
(2265, 4141, 2392, 6025)
(2154, 3601, 2193, 5989)
(2139, 3070, 2175, 6036)
(2160, 3190, 2198, 6159)
(2175, 3233, 2214, 6062)
(2145, 3613, 2183, 6077)
(2164, 3493, 2201, 6097)
(2161, 3785, 2199, 5892)
(2155, 3250, 2190, 5990)
(2153, 3634, 2188, 6036)
(2138, 3483, 2173, 5933)
(2158, 3153, 2194, 6045)
(2154, 3227, 2190, 5984)
(2176, 3649, 2214, 6116)
(2160, 3214, 2196, 6070)
