(94157, 126053, 94509, 192918)
(94369, 114016, 94802, 192545)
(96864, 129351, 97397, 192629)
(91955, 112387, 92394, 192879)
(93535, 112784, 93851, 192723)
(91538, 110426, 91719, 192777)
(95016, 129302, 95458, 192854)
(94451, 133894, 94989, 192662)
(91632, 125585, 92005, 192732)
(97230, 138958, 97780, 192617)
(96249, 152851, 96765, 192778)
(96197, 125667, 96531, 192856)
(94837, 135520, 95407, 192915)
(92242, 110429, 92614, 192855)
(93106, 120709, 93502, 192739)
(97568, 112592, 98016, 192791)
(96365, 116176, 97009, 192725)
(96436, 128474, 96786, 192723)
(94601, 108159, 94977, 193050)
(94078, 125253, 94363, 192681)
(92596, 114780, 92913, 192831)
(92704, 114004, 93116, 192709)
(98300, 118171, 98869, 192590)
(93076, 107752, 93296, 192864)
(95850, 114694, 96348, 193079)
(99156, 116957, 99622, 192702)
(99144, 118494, 99855, 192644)
(96989, 115026, 97492, 193124)
(100044, 118798, 100442, 192472)
(94670, 107444, 95017, 192903)
(96383, 115796, 96846, 192443)
(96215, 125920, 96742, 193034)
(97738, 113128, 98225, 192627)
(94326, 108220, 94613, 192731)
(91701, 105833, 91962, 192815)
(97688, 120651, 98224, 192861)
(98984, 114434, 99425, 192826)
(96879, 113397, 97264, 192679)
(96340, 114505, 96761, 192886)
(94438, 110173, 94888, 192766)
(94475, 123570, 94849, 192779)
(94084, 116473, 94415, 192801)
(95664, 111270, 96118, 192662)
(95142, 114165, 95473, 192734)
(94551, 113811, 94909, 192673)
(99337, 116356, 99888, 192753)
(100396, 120311, 100974, 192893)
(94708, 112672, 95182, 192844)
(96541, 111714, 97019, 192831)
(93849, 114805, 94187, 192719)
(96274, 110624, 96634, 192719)
(92034, 109383, 92497, 192866)
(92854, 107292, 93141, 192735)
(90117, 107961, 90227, 192941)
(95439, 119392, 95891, 192877)
(96476, 114269, 97020, 193166)
(95315, 125482, 95697, 192661)
(90463, 109120, 90595, 192700)
(93534, 113661, 93828, 192852)
(98444, 117430, 98971, 192764)
(94506, 108935, 94949, 192886)
(93218, 111649, 93584, 192710)
(92865, 115919, 93263, 192680)
(96869, 112474, 97286, 192900)
(96131, 117350, 96667, 192704)
(94090, 113970, 94464, 192700)
(92868, 109606, 93139, 192629)
(92097, 108607, 92433, 192713)
(97062, 111379, 97367, 192526)
(94594, 112897, 95029, 192863)
(95201, 111457, 95601, 192602)
(97457, 111519, 97797, 192670)
(94922, 106781, 95204, 192737)
(95573, 119744, 96144, 192739)
(91966, 107368, 92146, 192909)
(96928, 119767, 97362, 192820)
(92233, 114366, 92457, 192809)
(96613, 116654, 97069, 192502)
(90481, 112179, 90699, 192674)
(90947, 109799, 91205, 192857)
(94754, 111966, 95038, 192752)
(92633, 107786, 92906, 192603)
(96446, 110718, 96908, 192707)
(95677, 112587, 96107, 192942)
(96273, 113244, 96612, 192860)
(91035, 109340, 91226, 192719)
(98608, 117739, 98963, 192696)
(99192, 114941, 99622, 192920)
(107808, 125599, 108191, 213952)
(92650, 106518, 92911, 192798)
(98477, 114833, 98971, 192583)
(96345, 123653, 96747, 192760)
(94607, 111896, 94881, 192976)
(95667, 109945, 96002, 192796)
(113717, 130959, 114332, 213887)
(95994, 113288, 96505, 192632)
(97875, 126869, 98300, 192770)
(97055, 109050, 97414, 193040)
(94797, 112332, 95175, 192811)
(95161, 116287, 95482, 192732)
(92171, 107833, 92413, 192421)
(117443, 135783, 118260, 213783)
(95931, 110450, 96262, 192827)
(95295, 110312, 95678, 192579)
(92420, 109864, 92694, 192710)
(94334, 108039, 94687, 192803)
(96153, 127364, 96518, 192806)
(96126, 114318, 96461, 192860)
(100500, 121895, 100979, 192890)
(100799, 120981, 101332, 192802)
(106827, 124424, 107206, 213943)
(99702, 115318, 100268, 192861)
(94245, 105862, 94565, 192908)
(93034, 114150, 93311, 192736)
(95433, 109118, 95740, 192784)
(93692, 108308, 94006, 192838)
(99909, 116152, 100326, 193084)
(90235, 103881, 90341, 192787)
(95632, 112734, 96011, 192627)
(112535, 126470, 113039, 213924)
(93379, 109467, 93661, 192566)
(96951, 111813, 97419, 192807)
(93965, 107903, 94343, 192674)
(92832, 106299, 93043, 192866)
(99020, 114718, 99407, 192926)
(99470, 117476, 99881, 192712)
(115837, 135190, 116304, 192857)
(94033, 110003, 94258, 192824)
(95479, 113430, 95877, 192772)
(95541, 112977, 95876, 192808)
(98305, 117299, 98735, 192694)
(94675, 112554, 95028, 192550)
(94806, 109168, 95083, 192636)
(92650, 121450, 92981, 192629)
(95824, 113294, 96200, 192646)
(95939, 111306, 96293, 192763)
(92902, 121120, 93151, 192770)
(97512, 109785, 97822, 192868)
(95348, 113145, 95785, 192823)
(93769, 109485, 94038, 192941)
(94181, 108802, 94553, 192760)
(94882, 111553, 95241, 192750)
(95027, 109337, 95354, 192826)
(96834, 108608, 97167, 192867)
(95871, 111516, 96287, 192744)
(95855, 109965, 96145, 192776)
(94983, 110209, 95296, 192854)
(95883, 111818, 96239, 192752)
(93799, 110464, 94132, 192864)
(97153, 111941, 97603, 192638)
(97162, 111604, 97524, 192575)
(95308, 108437, 95694, 192869)
(117295, 132833, 117865, 213668)
(92673, 107419, 93011, 192739)
(94530, 108939, 94831, 192935)
(93186, 105633, 93477, 192762)
(95924, 111169, 96286, 193035)
(98818, 112207, 99335, 192967)
(97365, 112770, 97765, 192566)
(99001, 112805, 99403, 192847)
(92267, 108142, 92522, 192870)
(91737, 107165, 91985, 192903)
(97148, 113688, 97481, 192782)
(96652, 116695, 97112, 192995)
(99712, 113263, 100095, 192776)
(97238, 124350, 97626, 192743)
(94231, 107733, 94460, 192831)
(96231, 111050, 96569, 192754)
(96179, 109913, 96589, 192754)
(98791, 116297, 99359, 192782)
(98731, 125745, 99336, 192681)
(96089, 110244, 96456, 192573)
(94838, 108010, 95140, 192853)
(94725, 112445, 95148, 192830)
(93010, 113852, 93286, 192737)
(95007, 110206, 95305, 192915)
(92761, 108995, 92998, 192735)
(97736, 116418, 98110, 192687)
(99005, 121005, 99417, 193120)
(95089, 109043, 95425, 192774)
(91744, 107582, 92039, 192917)
(95930, 115425, 96254, 185640)
(94027, 120449, 94316, 192725)
(98799, 112529, 99217, 192678)
(95104, 108476, 95379, 192866)
(98527, 112705, 98962, 192738)
(96207, 109021, 96714, 192770)
(93682, 104224, 93997, 192553)
(93966, 112261, 94220, 192690)
(91903, 104249, 92150, 192880)
(96089, 111549, 96493, 192536)
(95142, 108221, 95516, 193038)
(96857, 112973, 97335, 192692)
(97677, 113419, 97973, 192677)
(96282, 114568, 96656, 192943)
(101658, 115212, 102135, 192711)
(95491, 110199, 95879, 192901)
(95823, 107974, 96136, 192930)
(93764, 105601, 94022, 192690)
(96552, 114342, 96985, 192947)
(96349, 109091, 96764, 192669)
(94513, 104857, 94926, 192799)
(92181, 102859, 92392, 192745)
(96567, 111525, 96969, 192912)
(98478, 110549, 98813, 192607)
(95609, 107802, 95981, 192555)
(93984, 122854, 94256, 192816)
(97366, 113633, 97708, 192811)
(95276, 106787, 95614, 192655)
(98941, 115513, 99447, 192873)
(96066, 110758, 96420, 192630)
(95563, 111133, 95877, 192837)
(97460, 116424, 97890, 192877)
(99216, 114786, 99727, 192910)
(90310, 106717, 90400, 192858)
(95654, 109139, 95907, 192654)
(97864, 115741, 98236, 192454)
(91064, 106212, 91231, 192751)
(94637, 109146, 95029, 192722)
(96283, 125382, 96719, 192898)
(100131, 128312, 100564, 192856)
(92307, 106820, 92600, 192787)
(93437, 107213, 93826, 192604)
(97786, 109600, 98137, 192702)
(94904, 106691, 95136, 192869)
(92194, 105729, 92460, 192988)
(92456, 108291, 92682, 192650)
(95925, 112879, 96325, 192897)
(95638, 109134, 95982, 192885)
(100490, 114276, 100991, 192764)
(95104, 110680, 95470, 192714)
(93704, 110391, 94082, 192813)
(96765, 108342, 97087, 192821)
(94986, 110664, 95368, 192780)
(96186, 118001, 96572, 192802)
(98185, 110225, 98569, 192923)
(96514, 108835, 96928, 192742)
(93437, 109608, 93771, 192736)
(97792, 110881, 98288, 192697)
(93844, 108932, 94181, 192957)
(97960, 124809, 98368, 192890)
(100199, 114983, 100646, 192949)
(97359, 113658, 97783, 192726)
(94032, 106197, 94292, 192769)
(94578, 112104, 94815, 192902)
(91546, 104766, 91686, 192848)
(96006, 106966, 96294, 192627)
(92395, 104455, 92565, 192930)
(95346, 111362, 95649, 192829)
(94551, 109949, 94958, 192797)
(95482, 110725, 95848, 192792)
(97233, 123871, 97585, 192763)
(96959, 110763, 97303, 192919)
(94169, 108999, 94486, 193022)
(95716, 110265, 96115, 192741)
(99914, 114574, 100354, 192800)
(97627, 112707, 98031, 197788)
(98334, 110983, 98685, 192798)
(92653, 113733, 92932, 192704)
(92490, 106312, 92677, 192627)
(92440, 109276, 92689, 192914)
(97396, 113986, 97840, 192892)
(96534, 108880, 96835, 192942)
(95835, 109000, 96163, 192801)
(92744, 104394, 92970, 192674)
(97754, 111296, 98086, 192804)
(90868, 104485, 91024, 192759)
(93109, 109826, 93328, 192762)
(96477, 113083, 96897, 192842)
(100420, 116402, 100817, 192755)
(94352, 110266, 94693, 192828)
(99210, 112200, 99601, 192801)
(93474, 120665, 93740, 192735)
(96508, 111985, 96919, 192647)
(93970, 106404, 94214, 192980)
(92679, 107581, 92879, 192769)
(98620, 111384, 98981, 192925)
(97398, 110856, 97841, 192752)
(92173, 119022, 92469, 192908)
(98823, 111451, 99420, 192923)
(94521, 110635, 94887, 192826)
(99433, 125407, 99841, 192700)
(91514, 105078, 91733, 192894)
(96418, 123975, 97000, 192746)
(95095, 112929, 95455, 192703)
(99373, 115684, 99809, 192695)
(92796, 106047, 93010, 192668)
(95413, 111488, 95762, 192742)
(93362, 106579, 93760, 192675)
(94381, 106510, 94629, 192809)
(102466, 115802, 102838, 192879)
(101021, 118341, 101471, 192826)
(93094, 107426, 93314, 192855)
(94363, 110673, 94617, 192674)
(95613, 109003, 95873, 192714)
(94746, 109995, 95107, 192882)
(94143, 105841, 94372, 192745)
(97509, 111638, 98004, 193027)
(110919, 127717, 111439, 219859)
(96236, 108743, 96598, 192723)
(93261, 113570, 93633, 192807)
(101971, 117038, 102398, 192752)
(90068, 101796, 90160, 192811)
(96123, 113709, 96539, 192795)
(98282, 110034, 98575, 192846)
(94070, 106013, 94327, 192766)
(96969, 111987, 97343, 192767)
(93440, 118976, 93677, 192851)
(100063, 120472, 100662, 192839)
(93498, 106111, 93692, 192653)
(100574, 113061, 100996, 192616)
(98360, 112559, 98705, 192818)
(95616, 107383, 95873, 192714)
(98350, 113315, 98716, 192684)
(93620, 109236, 93948, 192750)
(94144, 106763, 94357, 192854)
(93797, 110941, 94053, 192620)
(113947, 131584, 114435, 213952)
(100666, 114578, 101121, 192779)
(98806, 112220, 99152, 192711)
(96090, 112104, 96430, 192788)
(93029, 111065, 93354, 192791)
(98526, 111860, 99008, 192547)
(92862, 104269, 93060, 192803)
(96370, 111534, 96685, 192616)
(96570, 109183, 96912, 192697)
(98472, 113377, 98848, 192722)
(93974, 112009, 94245, 192962)
(91746, 105939, 91887, 192852)
(94860, 110830, 95336, 192752)
(94851, 119959, 95096, 192803)
(95753, 112237, 96118, 192880)
(96825, 114452, 97220, 192718)
(94874, 107026, 95159, 192892)
(98483, 110189, 98925, 192922)
(99174, 112667, 99560, 192990)
(91083, 103987, 91253, 192930)
(95755, 114750, 96135, 192567)
(93139, 108897, 93337, 192567)
(93738, 106786, 94041, 192755)
(99426, 116220, 99839, 192726)
(94898, 107758, 95271, 192770)
(93035, 106644, 93308, 192810)
(96267, 113774, 96588, 192834)
(100684, 114439, 101128, 192709)
(96634, 111072, 96979, 193080)
(93323, 107679, 93678, 192781)
(93565, 110243, 93769, 193007)
(93040, 108407, 93459, 192631)
(97774, 110091, 98136, 192663)
(93863, 107249, 94134, 192508)
(99152, 117763, 99547, 192725)
(100176, 115957, 100617, 192618)
(93771, 108056, 93984, 192818)
(96015, 109904, 96339, 192814)
(94124, 106156, 94330, 192839)
(95957, 111070, 96285, 192814)
(94975, 108613, 95235, 192807)
(96763, 110107, 97268, 192701)
(100279, 112682, 100622, 197897)
(100259, 113934, 100759, 192857)
(95040, 107939, 95381, 192758)
(96731, 113950, 97084, 192736)
(93087, 107306, 93388, 192584)
(92654, 109123, 92834, 192639)
(100758, 115026, 101160, 192877)
(97824, 111208, 98235, 192827)
(91754, 104596, 91908, 192723)
(92379, 119002, 92612, 192647)
(95134, 108090, 95408, 192660)
(92835, 108024, 93054, 192721)
(92826, 105458, 93085, 192573)
(96785, 108597, 97092, 192917)
(120203, 148222, 120830, 219823)
(99255, 115609, 99616, 192736)
(90528, 107320, 90682, 192579)
(94970, 107462, 95246, 192671)
(103477, 119406, 103984, 192748)
(92400, 104592, 92571, 192861)
(92018, 106510, 92173, 192713)
(93467, 112574, 93862, 192901)
(105751, 151959, 106158, 214004)
(94860, 107801, 95161, 192694)
(94479, 112209, 94756, 192728)
(92598, 111779, 92845, 192886)
(93790, 142849, 94351, 192587)
(94479, 108848, 94731, 192706)
(93435, 136797, 93783, 192795)
(93520, 111938, 93796, 192667)
(97743, 114558, 98202, 192709)
(99327, 121963, 99736, 192715)
(96067, 120264, 96420, 192716)
(113717, 132289, 114271, 213937)
(97068, 119681, 97586, 192782)
(95738, 120612, 96230, 192700)
(101224, 120930, 101606, 192643)
(94377, 115989, 94655, 192646)
(97403, 112386, 97822, 192813)
(94329, 111792, 94574, 192843)
(109786, 147235, 110268, 214214)
(95211, 122274, 95562, 192877)
(95323, 150314, 95796, 192745)
(96435, 125062, 96907, 192825)
(90878, 107694, 91090, 192806)
(91396, 111111, 91609, 192920)
(100315, 132050, 100977, 192726)
(96206, 124731, 96920, 192939)
(113822, 132197, 114563, 219264)
(97905, 115922, 98423, 193001)
(97116, 145770, 97715, 192702)
(92511, 152444, 92803, 192777)
(97352, 123565, 97863, 192718)
(92214, 122340, 92699, 192879)
(96130, 116755, 96504, 192790)
(94206, 116751, 94532, 192858)
(96590, 126281, 97020, 192731)
(95529, 114537, 95906, 192978)
(94172, 121842, 94482, 192637)
(99755, 120323, 100391, 192442)
(92923, 113455, 93267, 192676)
(93122, 112026, 93516, 192832)
(95248, 117713, 95656, 192814)
(104198, 132538, 104989, 192631)
(96959, 119490, 97625, 192880)
(95384, 124790, 95887, 192676)
(92571, 119223, 92825, 192957)
(91744, 124964, 92173, 192569)
(101230, 118691, 101837, 192704)
(92745, 109059, 93114, 192804)
(96084, 111248, 96441, 192796)
(96087, 112770, 96480, 192568)
(99010, 120012, 99620, 192867)
(94657, 110461, 95139, 193016)
(107699, 129136, 108447, 192738)
(94517, 111178, 94972, 192608)
(89989, 110501, 90102, 192723)
(94602, 110704, 95011, 192546)
(96944, 112858, 97420, 192612)
(96316, 110659, 96839, 192612)
(93559, 123104, 94010, 192817)
(99548, 116453, 100210, 192693)
(96394, 113247, 96838, 192759)
(95662, 111037, 96226, 192874)
(99160, 112915, 99731, 192631)
(99996, 113256, 100604, 192641)
(98872, 118977, 99441, 192822)
(97755, 112174, 98320, 192623)
(97796, 112549, 98389, 192828)
(91291, 106136, 91489, 192745)
(94995, 110402, 95448, 192737)
(95927, 113209, 96511, 192903)
(97832, 114679, 98346, 192734)
(93443, 109128, 93908, 192709)
(99639, 120037, 100207, 192810)
(96142, 113019, 96521, 192541)
(94723, 111693, 95238, 192769)
(98959, 122902, 99621, 192877)
(95113, 110282, 95488, 192885)
(90049, 104145, 90160, 192845)
(96704, 116919, 97140, 192887)
(99552, 114761, 99998, 192704)
(96555, 112110, 97004, 192709)
(95887, 113388, 96304, 192942)
(99805, 117849, 100302, 192757)
(95419, 117777, 96070, 192730)
(94360, 114191, 94718, 192697)
(97441, 118303, 97928, 192643)
(94660, 113277, 95034, 192751)
(96409, 113365, 96804, 192853)
(90961, 108417, 91132, 192717)
(96118, 119385, 96506, 192624)
(95574, 108762, 95951, 192878)
(96397, 115049, 97006, 192685)
(90392, 116268, 90691, 192744)
(95143, 112029, 95545, 192502)
(95368, 114569, 95916, 192593)
(97651, 115391, 98161, 192615)
(97754, 115056, 98334, 192613)
(95675, 110439, 96088, 192922)
(96500, 113548, 96925, 192639)
(96450, 114540, 96861, 192872)
(116414, 134772, 117178, 213810)
(98468, 119617, 98944, 192708)
(95364, 113883, 95733, 192676)
(98855, 116776, 99462, 192638)
(93980, 113242, 94359, 192718)
(94943, 109055, 95317, 192737)
(93945, 109848, 94246, 192853)
(93633, 112390, 93993, 192628)
(97013, 113385, 97543, 192604)
(95112, 114894, 95491, 193073)
(96260, 112565, 96764, 192827)
(92021, 107131, 92377, 192910)
(95061, 116397, 95539, 192699)
(93725, 112428, 94163, 192916)
(96580, 113477, 97073, 192760)
(91824, 109509, 92005, 192816)
(93054, 112836, 93323, 192567)
(95891, 117646, 96298, 192836)
(93159, 109584, 93396, 192912)
(95830, 112140, 96217, 192775)
(94268, 109697, 94682, 192570)
(92194, 107439, 92524, 192683)
(95465, 111878, 95886, 192638)
(93424, 106801, 93779, 192641)
(90056, 107201, 90166, 192724)
(95163, 108823, 95489, 192855)
(97871, 113227, 98483, 192870)
(94422, 110744, 94889, 192555)
(92961, 111942, 93316, 192699)
(91224, 105601, 91407, 192595)
(96166, 113316, 96568, 192745)
(91615, 109253, 91786, 192756)
(94082, 110208, 94480, 192880)
(97242, 117450, 97654, 192699)
(94757, 115639, 95172, 192825)
(93793, 110291, 94159, 192646)
(94677, 111217, 95070, 192991)
(99831, 113854, 100310, 192725)
(97919, 113537, 98545, 192669)
(91248, 107656, 91485, 192604)
(94277, 107928, 94552, 192518)
(95152, 110183, 95538, 192795)
(106474, 124979, 106954, 213834)
(94720, 109126, 95104, 192715)
(93926, 109109, 94238, 192756)
(93435, 108949, 93726, 192878)
(95565, 113926, 95950, 192721)
(94974, 112557, 95390, 192633)
(94534, 115169, 94858, 192982)
(93545, 108957, 93956, 193024)
(97556, 113861, 98010, 192837)
(95606, 111922, 95985, 192679)
(92488, 111579, 92842, 192764)
(98946, 117585, 99409, 192647)
(91745, 106035, 91945, 192545)
(90094, 106066, 90198, 192748)
(96622, 119539, 96993, 192990)
(96196, 110562, 96604, 192683)
(107321, 128241, 107893, 214103)
(94492, 112365, 94911, 192739)
(92635, 112816, 93013, 192854)
(96799, 110369, 97203, 192929)
(93833, 107444, 94090, 192823)
(97096, 117097, 97640, 192771)
(94198, 113512, 94752, 192607)
(92870, 110033, 93134, 193001)
(94439, 110350, 94914, 192707)
(97618, 126621, 97998, 192787)
(97656, 113485, 98211, 192795)
(99020, 110454, 99436, 192748)
(92483, 123195, 92870, 192877)
(99841, 112895, 100317, 192795)
(90935, 108169, 91214, 192640)
(93237, 106889, 93534, 192804)
(94725, 122249, 95149, 192825)
(96754, 113645, 97175, 192880)
(96381, 110705, 96756, 192726)
(96444, 116980, 96867, 192821)
(97324, 113206, 97820, 192876)
(93140, 109869, 93406, 192938)
(98268, 115930, 98890, 192837)
(100184, 115576, 100694, 192621)
(93795, 110533, 94044, 192729)
(94184, 109936, 94577, 192654)
(96689, 116563, 97221, 192609)
(90115, 111574, 90235, 192821)
(93546, 114976, 93900, 192558)
(94250, 110831, 94629, 192765)
(93483, 114478, 93733, 192945)
(150336, 229458, 155013, 192861)
(96007, 136869, 97413, 192728)
(94781, 114718, 95246, 192756)
(92194, 118822, 92500, 192831)
(95615, 125172, 96045, 192724)
(97373, 114676, 97933, 192680)
(94280, 116876, 94602, 192724)
(90232, 121255, 90334, 192892)
(92601, 123683, 92950, 192650)
(94286, 110718, 94630, 192777)
(93132, 105509, 93346, 192901)
(97750, 127079, 98146, 192881)
(94798, 110775, 95233, 192752)
(91057, 108536, 91388, 192695)
(91540, 108647, 91732, 192502)
(94835, 107531, 95146, 192817)
(92712, 110709, 93041, 192813)
(92406, 106971, 92712, 192913)
(93185, 113876, 93500, 192607)
(95357, 111979, 95884, 192619)
(91726, 108569, 91914, 192879)
(94780, 111066, 95129, 192765)
(93623, 110719, 94009, 192788)
(94044, 122772, 94462, 192907)
(91617, 122216, 91798, 192853)
(94912, 111508, 95218, 192733)
(96561, 125237, 97026, 192796)
(93831, 121541, 94103, 192866)
(92705, 108260, 93042, 192867)
(91874, 109312, 92116, 192642)
(95764, 128515, 96136, 192747)
(98876, 116542, 99431, 193024)
(93573, 123250, 93859, 192734)
(98577, 116732, 99104, 192837)
(106891, 122360, 107326, 213921)
(96694, 115676, 97207, 192738)
(92325, 105052, 92497, 192929)
(93454, 114287, 93758, 192715)
(93772, 109097, 94113, 192819)
(93677, 110220, 94019, 192771)
(95772, 111118, 96122, 192900)
(98211, 110862, 98683, 192974)
(97665, 112199, 98081, 192718)
(98041, 112348, 98572, 192734)
(101732, 118674, 102246, 192690)
(94541, 110380, 94981, 192852)
(96060, 113839, 96543, 192622)
(92915, 109216, 93258, 192878)
(95202, 112974, 95555, 184726)
(93694, 108622, 94123, 192546)
(93023, 104572, 93386, 192709)
(100427, 117136, 100905, 192711)
(90196, 107510, 90303, 192781)
(96195, 113582, 96504, 192760)
(94264, 109907, 94535, 192734)
(96288, 111446, 96786, 192554)
(92140, 120258, 92352, 192986)
(94006, 109706, 94357, 192724)
(93584, 111664, 93958, 192729)
(99595, 116642, 100147, 192859)
(94863, 113314, 95185, 192844)
(92301, 109575, 92548, 192637)
(95532, 111425, 95986, 192555)
(95875, 110351, 96190, 192739)
(97228, 111740, 97737, 192675)
(97821, 115609, 98276, 192925)
(92031, 106069, 92285, 192810)
(93134, 108117, 93394, 192672)
(94429, 125304, 94741, 192662)
(93288, 106008, 93657, 192748)
(97403, 111697, 97834, 192747)
(95871, 114277, 96355, 192841)
(94316, 113427, 94743, 192831)
(92553, 110500, 92837, 192956)
(98088, 115260, 98706, 192855)
(96815, 110218, 97245, 192866)
(102557, 115408, 103025, 192770)
(94969, 115106, 95385, 192644)
(90221, 105174, 90318, 192705)
(94464, 111311, 94838, 192772)
(98676, 115949, 99193, 192627)
(94774, 109659, 95110, 192935)
(97178, 113934, 97594, 197942)
(97237, 113860, 97625, 192876)
(93805, 108709, 94126, 192811)
(94232, 112904, 94573, 192716)
(93027, 108857, 93330, 192746)
(95562, 111886, 95949, 192689)
(100195, 118387, 100687, 192820)
(92698, 109625, 92902, 192623)
(95630, 109902, 96051, 192857)
(96220, 110017, 96628, 192731)
(92469, 104863, 92739, 192619)
(93971, 105374, 94193, 192815)
(93185, 104587, 93537, 192733)
(91064, 105776, 91355, 192621)
(97333, 115179, 97777, 192718)
(95397, 122680, 95714, 192834)
(93977, 107445, 94336, 192764)
(93804, 110477, 94290, 192690)
(93747, 106620, 94011, 192879)
(95992, 121432, 96347, 192541)
(91083, 106564, 91228, 192596)
(94965, 107973, 95374, 192673)
(96905, 113668, 97274, 192729)
(97215, 111162, 97609, 192755)
(92512, 107083, 92764, 192768)
(93376, 108749, 93837, 192705)
(95803, 113711, 96110, 192767)
(96656, 108724, 97003, 192947)
(97298, 112510, 97770, 192743)
(92154, 110710, 92348, 192742)
(94110, 108456, 94546, 192657)
(92190, 107807, 92467, 192894)
(94608, 107366, 94952, 192902)
(116648, 131267, 117185, 213959)
(94620, 111338, 95176, 192705)
(94845, 109730, 95281, 192879)
(95518, 110527, 95829, 192701)
(95843, 107549, 96258, 192723)
(92938, 108725, 93273, 192648)
(96703, 113087, 97035, 192644)
(93929, 106301, 94279, 192900)
(96544, 112402, 96915, 192697)
(103707, 133036, 104147, 192648)
(94263, 122401, 94622, 192786)
(95613, 108808, 95981, 192647)
(95345, 110616, 95759, 192794)
(92483, 104924, 92698, 192931)
(95688, 111393, 96030, 192717)
(95453, 110262, 95758, 192818)
(94981, 111527, 95412, 192742)
(96055, 108542, 96515, 192846)
(96360, 115973, 96719, 192697)
(93817, 111231, 94173, 192767)
(97064, 128269, 97676, 192711)
(92229, 106759, 92573, 192671)
(115294, 135058, 115975, 213877)
(92818, 104855, 93191, 192758)
(98163, 126758, 98587, 192631)
(94022, 108094, 94474, 192712)
(94085, 109823, 94360, 192496)
(97308, 112547, 97646, 192813)
(95166, 108659, 95447, 192636)
(94087, 109866, 94371, 192584)
(94534, 110904, 94967, 192669)
(95822, 110800, 96168, 192826)
(92012, 108246, 92254, 192750)
(92710, 108485, 92903, 192931)
(93082, 107238, 93394, 192774)
(95485, 113558, 95776, 192442)
(97447, 110881, 97902, 192851)
(94100, 120202, 94509, 193032)
(95691, 125494, 96006, 192684)
(93061, 119835, 93305, 192981)
(98352, 126294, 98750, 192611)
(95672, 109581, 96090, 192641)
(96295, 115180, 96723, 192586)
(96777, 108409, 97064, 192677)
(98568, 119776, 98935, 192980)
(95903, 110027, 96263, 192775)
(105018, 119427, 105644, 192614)
(98111, 113163, 98522, 192742)
(96457, 112423, 96802, 192482)
(96062, 108856, 96347, 192664)
(91103, 107308, 91325, 192960)
(95172, 111224, 95582, 192909)
(98631, 113678, 99034, 192937)
(95288, 108602, 95592, 192870)
(94959, 113276, 95411, 192662)
(94919, 107469, 95336, 192827)
(93087, 109570, 93326, 192587)
(95935, 123199, 96397, 192989)
(94346, 110669, 94599, 192691)
(95837, 110534, 96157, 193093)
(96140, 112877, 96498, 192775)
(95297, 110367, 95682, 192498)
(93354, 104050, 93727, 192774)
(93922, 108647, 94402, 192661)
(96379, 113623, 96771, 192659)
(97728, 125863, 98202, 192780)
(97545, 121536, 97923, 192793)
(92712, 106113, 93043, 192733)
(96454, 110108, 96809, 192685)
(92698, 103562, 92869, 192700)
(94936, 109765, 95367, 192565)
(94131, 116748, 94520, 192717)
(92887, 121192, 93250, 192954)
(96872, 125746, 97328, 192781)
(98878, 113216, 99328, 192908)
(97011, 127569, 97434, 192884)
(94102, 108544, 94414, 192798)
(96583, 111369, 96946, 192751)
(94010, 110853, 94356, 192643)
(107607, 127877, 108030, 213967)
(96993, 110281, 97317, 192897)
(92985, 110328, 93300, 192926)
(97195, 111173, 97752, 192624)
(96545, 123612, 96985, 192874)
(98923, 126156, 99338, 192614)
(95012, 109597, 95416, 192639)
(97041, 111827, 97592, 192971)
(93548, 109588, 93867, 192778)
(93642, 106128, 94024, 192877)
(89953, 103789, 90059, 192838)
(97862, 117440, 98351, 192560)
(97161, 108571, 97521, 192658)
(93095, 105205, 93310, 192667)
(99039, 118506, 99654, 192811)
(92227, 105362, 92412, 192668)
(96266, 108744, 96741, 192752)
(92487, 106487, 92793, 192609)
(93228, 108301, 93575, 192890)
(97149, 115280, 97554, 192734)
(95798, 116738, 96336, 192802)
(96445, 113010, 96944, 192726)
(94759, 112094, 95089, 192666)
(98856, 115834, 99235, 192791)
(96096, 117379, 96452, 192889)
(96597, 112995, 97063, 192477)
(93902, 108559, 94377, 192695)
(94812, 111082, 95207, 192844)
(93344, 111338, 93652, 192730)
(96078, 112619, 96558, 192812)
(94403, 107124, 94711, 192779)
(97183, 111012, 97645, 192857)
(92477, 104811, 92748, 192902)
(94729, 108239, 95123, 192730)
(93822, 105775, 94177, 192819)
(96700, 110545, 97183, 192892)
(96161, 108504, 96511, 192928)
(94882, 108555, 95167, 192851)
(93324, 113344, 93726, 192722)
(100549, 116244, 101255, 192501)
(96106, 118885, 96719, 192566)
(94580, 110933, 94925, 192688)
(95520, 112570, 95917, 192388)
(93243, 108294, 93680, 192762)
(96628, 112064, 97096, 192925)
(94636, 109694, 94985, 192881)
(98553, 119156, 99008, 192897)
(94126, 113993, 94660, 192956)
(99204, 113737, 99721, 192849)
(95408, 107425, 95787, 192862)
(95914, 108774, 96177, 192811)
(95240, 109275, 95521, 192679)
(97508, 114157, 97952, 192612)
(94637, 108433, 94890, 192610)
(94989, 112182, 95343, 192926)
(97984, 112470, 98342, 192670)
(91474, 106563, 91756, 192583)
(98703, 112002, 99113, 192598)
(94745, 106059, 95007, 192724)
(95942, 121235, 96301, 192823)
(94078, 120578, 94422, 192808)
(94885, 122589, 95296, 192473)
(93663, 121295, 93988, 192759)
(94830, 110061, 95140, 193103)
(95203, 121491, 95584, 192689)
(96495, 111016, 96827, 192469)
(92875, 121799, 93295, 192844)
(94936, 106262, 95262, 192681)
(93014, 121721, 93346, 192755)
(95063, 108328, 95308, 192779)
(97500, 112977, 98006, 192750)
(98157, 126162, 98572, 192735)
(95522, 109219, 95885, 192887)
(93433, 107797, 93678, 192684)
(100421, 115061, 100869, 192656)
(96529, 109688, 96859, 192737)
(95899, 110314, 96240, 192577)
(92147, 104568, 92436, 192716)
(92402, 106712, 92802, 192602)
(96261, 124158, 96600, 192755)
(99675, 114653, 100082, 192799)
(95110, 106297, 95422, 192641)
(96999, 110964, 97336, 192518)
(94134, 110146, 94424, 192666)
(93357, 105683, 93555, 192725)
(99396, 110642, 99759, 192890)
(96304, 107985, 96731, 192783)
(94747, 110174, 95065, 192772)
(95141, 109280, 95470, 192863)
(92456, 105493, 92733, 192793)
(93891, 116828, 94425, 193001)
(97704, 109476, 98085, 192814)
(98066, 114528, 98541, 192925)
(98354, 111724, 98883, 192696)
(95453, 108374, 95766, 192832)
(98697, 111921, 99237, 192945)
(94256, 106124, 94498, 192723)
(98468, 116724, 98979, 192635)
(96511, 112443, 96979, 192730)
(95148, 110557, 95422, 192733)
(95693, 113952, 96148, 192654)
(93572, 105976, 93803, 192669)
(94700, 108885, 94985, 192791)
(96455, 116051, 96871, 192664)
(95423, 106822, 95900, 192813)
(92920, 114854, 93276, 192632)
(95130, 109761, 95399, 192674)
(97285, 112731, 97684, 192845)
(93943, 108229, 94209, 192865)
(98987, 115747, 99501, 192771)
(97234, 118814, 97650, 192820)
(97653, 111977, 98115, 192508)
(94441, 111281, 94859, 192860)
(94237, 111161, 94523, 192821)
(93596, 118276, 93860, 192692)
(93812, 107096, 94051, 193023)
(96152, 109506, 96392, 192550)
(95198, 111122, 95505, 192575)
(94454, 110485, 94738, 192957)
(94264, 122177, 94536, 192785)
(92785, 106192, 93145, 192916)
(95575, 111504, 95984, 192851)
(98171, 112122, 98603, 192851)
(103262, 778875, 104769, 192687)
(104088, 117847, 104687, 192666)
(95842, 114952, 96194, 192571)
(97580, 114486, 97951, 192730)
(94442, 105658, 94904, 192744)
(95551, 107814, 95877, 192777)
(97784, 110226, 98235, 192932)
(91743, 105343, 91976, 192703)
(94356, 105883, 94662, 192839)
(95903, 110505, 96209, 192793)
(93782, 105420, 94021, 192717)
(95519, 108740, 95839, 192725)
(94566, 105506, 94898, 192656)
(93876, 107451, 94123, 192420)
(93553, 106938, 93837, 192734)
(97867, 124714, 98376, 192638)
(97062, 108463, 97374, 192502)
(95319, 106329, 95701, 192611)
(93874, 105721, 94199, 192813)
(95240, 107860, 95557, 192720)
(99056, 110610, 99422, 192810)
(91504, 104582, 91820, 192899)
(100267, 114066, 100646, 192828)
(116696, 135092, 117281, 213877)
(94032, 109605, 94287, 192717)
(101217, 116092, 101594, 192904)
(91417, 104129, 91595, 192985)
(95205, 106580, 95576, 192809)
(91386, 103833, 91605, 192816)
(93337, 105367, 93711, 192946)
(93785, 104715, 94062, 192865)
(96788, 108899, 97202, 192554)
(90913, 105444, 91160, 192659)
(92691, 106704, 92961, 192706)
(92325, 105395, 92625, 192997)
(92001, 105600, 92180, 192828)
(95504, 108144, 95763, 192880)
(97428, 113853, 97849, 192727)
(94133, 108221, 94452, 192856)
(97332, 112613, 97707, 192749)
(99990, 113645, 100464, 192851)
(93797, 106559, 94109, 192718)
(90837, 114395, 91027, 192626)
(98116, 111661, 98531, 192720)
(95360, 122827, 95765, 192638)
(97916, 131633, 99535, 189931)
(96122, 119418, 96847, 192646)
(94909, 124571, 95459, 192873)
(148973, 193821, 153879, 191614)
(92060, 117342, 92600, 192724)
(91796, 109818, 92187, 192843)
(94138, 109910, 94455, 192726)
(92835, 145762, 93801, 192762)
(99724, 126880, 100658, 192800)
(94954, 128261, 95608, 192558)
(92441, 129514, 92948, 192623)
(139690, 197156, 146038, 192645)
(95220, 125798, 96187, 186042)
(133479, 181249, 138855, 192847)
(92971, 143644, 94209, 192787)
(134614, 176951, 139153, 192760)
(146534, 187148, 151163, 192880)
(157014, 201387, 161884, 192907)
(94321, 126794, 95308, 192807)
(92220, 133593, 93857, 192837)
(134968, 182680, 139881, 192908)
(94882, 127388, 96677, 192798)
(136150, 186929, 140271, 192942)
(141597, 187981, 147793, 192829)
(152292, 242300, 162379, 192923)
(150007, 240040, 163404, 192865)
(133889, 179054, 137885, 192782)
(138150, 186996, 142103, 192866)
(93861, 128548, 95179, 192826)
(96239, 122916, 97471, 192711)
(139393, 191587, 143767, 192764)
(135528, 180649, 140455, 192603)
(147342, 192027, 151712, 192814)
(152582, 197337, 158515, 192866)
(96614, 123406, 97373, 192376)
(93378, 118405, 94351, 192779)
(97057, 113793, 97750, 192681)
(95640, 114860, 96215, 192751)
(94602, 110056, 95132, 192818)
(97470, 115361, 97863, 192593)
(97697, 111456, 98052, 192730)
(94386, 110843, 94632, 192872)
(95192, 109108, 95483, 192878)
(92456, 105435, 92751, 192764)
(100260, 113184, 100747, 193010)
(96116, 113395, 96528, 192702)
(94968, 109882, 95371, 192799)
(96399, 112176, 96729, 192757)
(94350, 110105, 94707, 192756)
(99736, 114090, 100082, 192605)
(98541, 110465, 98821, 192872)
(92246, 104137, 92534, 193018)
(96846, 108810, 97195, 192781)
(90896, 103096, 91076, 192952)
(95067, 111411, 95418, 192895)
(94236, 110787, 94522, 192804)
(94666, 107836, 94954, 192883)
(92480, 104630, 92676, 192670)
(93604, 106826, 93840, 192743)
(97084, 110759, 97415, 192645)
(100969, 116645, 101511, 192782)
(95734, 110421, 96049, 192968)
(94179, 105449, 94495, 192723)
(91991, 104343, 92237, 192833)
(91426, 103165, 91637, 192822)
(95646, 108840, 95948, 192634)
(100286, 116197, 100648, 187459)
(91602, 108346, 91783, 192740)
