(17014, 23437, 17068, 49674)
(17074, 23852, 17139, 49704)
(17046, 30940, 17137, 49415)
(16999, 24718, 17109, 49753)
(17014, 23454, 17069, 49417)
(17035, 25203, 17090, 49397)
(17039, 23095, 17101, 49909)
(17029, 21943, 17081, 49418)
(16971, 21001, 17023, 49462)
(16992, 22948, 17054, 49500)
(17018, 23450, 17071, 49333)
(16886, 22860, 16946, 49308)
(16960, 25700, 17013, 49551)
(16912, 27072, 16965, 49235)
(16968, 28838, 17024, 49492)
(25940, 40373, 26026, 72551)
(16988, 23404, 17041, 49744)
(21150, 32211, 21223, 60427)
(17033, 23352, 17091, 49731)
(17007, 24326, 17070, 49399)
(17009, 23326, 17061, 49567)
(16966, 26544, 17018, 49388)
(17054, 23895, 17119, 49637)
(17018, 23424, 17075, 49689)
(16900, 24400, 16969, 49174)
(16975, 25177, 17029, 49317)
(16977, 24343, 17029, 49030)
(17014, 26454, 17068, 49842)
(16960, 24003, 17012, 49437)
(16910, 24032, 16969, 49345)
(17004, 25000, 17060, 49599)
(17101, 23382, 17154, 49443)
(21150, 34469, 21225, 60221)
(16997, 23808, 17068, 49540)
(16932, 27874, 16999, 49456)
(17106, 25967, 17198, 49335)
(16943, 22762, 17000, 49307)
(17002, 23386, 17063, 49471)
(16988, 24875, 17092, 49316)
(17034, 25520, 17126, 49506)
(16968, 25114, 17042, 49599)
(17039, 27231, 17094, 49536)
(17071, 27948, 17191, 49669)
(17020, 25582, 17075, 49595)
(16944, 23809, 17008, 49569)
(17033, 27188, 17109, 49390)
(16951, 30139, 17019, 49354)
(16931, 25389, 16983, 49469)
(16985, 25220, 17170, 49785)
(17002, 22043, 17054, 49265)
(16916, 27567, 16969, 49237)
(17063, 22971, 17116, 49550)
(17064, 23306, 17127, 49699)
(16881, 22592, 16942, 49529)
(16950, 22154, 17001, 49632)
(17035, 24438, 17121, 49683)
(16961, 24475, 17021, 49451)
(16909, 24270, 16971, 49318)
(16940, 24505, 17023, 49362)
(17019, 27195, 17083, 49651)
(17057, 27742, 17114, 49588)
(17069, 26290, 17122, 49664)
(17000, 23273, 17053, 49285)
(17083, 26764, 17149, 49665)
(17084, 22837, 17138, 49602)
(17003, 23987, 17055, 49639)
(16932, 23963, 16985, 49247)
(17040, 32292, 17121, 49694)
(17076, 22166, 17129, 49708)
(16970, 22382, 17022, 49607)
(25700, 34396, 25782, 72187)
(16982, 22546, 17033, 49611)
(16998, 22483, 17058, 49593)
(16888, 22447, 16939, 49403)
(16978, 23078, 17029, 49417)
(16935, 25439, 16986, 49370)
(17018, 22196, 17081, 49673)
(16987, 22980, 17038, 49746)
(16993, 23538, 17110, 49468)
(17001, 24076, 17059, 49548)
(16984, 22716, 17037, 49275)
(16999, 23944, 17054, 49777)
(17059, 22602, 17114, 49494)
(16933, 23787, 16995, 49604)
(16918, 23651, 16970, 49403)
(17132, 23055, 17226, 49620)
(16982, 22658, 17043, 49702)
(17005, 23219, 17069, 49307)
(16897, 23142, 16951, 49411)
(17128, 23500, 17235, 49794)
(17048, 22693, 17108, 49840)
(16964, 22703, 17037, 49535)
(17024, 23683, 17080, 49582)
(16986, 23771, 17038, 49683)
(16973, 22602, 17036, 49483)
(17016, 22679, 17067, 49771)
(16993, 24747, 17046, 49475)
(17030, 23094, 17082, 49606)
(16955, 24139, 17011, 49348)
(16883, 22173, 16934, 49609)
(16943, 21672, 16999, 49473)
(17104, 23364, 17163, 49508)
(17035, 23410, 17098, 49398)
(16873, 25318, 16940, 49414)
(16883, 22354, 16934, 49203)
(16919, 22651, 16980, 49350)
(16925, 24540, 16977, 49252)
(17074, 23907, 17130, 49668)
(17068, 22512, 17125, 49518)
(17106, 22618, 17168, 49695)
(16915, 23201, 16968, 49668)
(16996, 24501, 17050, 49569)
(16908, 26099, 16970, 49456)
(17010, 22867, 17113, 49385)
(17038, 22289, 17090, 49451)
(17007, 22901, 17070, 49683)
(16910, 23343, 16971, 49194)
(17057, 22946, 17121, 49543)
(16978, 22504, 17030, 49616)
(25856, 33594, 25941, 72152)
(17004, 22736, 17057, 49505)
(16942, 22226, 16994, 49789)
(16890, 21162, 16941, 49280)
(16954, 22926, 17024, 49569)
(17066, 23445, 17123, 49918)
(16954, 22649, 17014, 49625)
(16901, 22739, 16952, 49510)
(16982, 25948, 17045, 49465)
(17309, 23270, 17362, 50332)
(16973, 25494, 17030, 49847)
(17027, 23195, 17086, 49600)
(17318, 26454, 17372, 50155)
(16933, 23483, 16984, 49271)
(17004, 24865, 17056, 49438)
(17002, 22366, 17055, 49533)
(17038, 21775, 17102, 49457)
(17023, 23636, 17073, 49489)
(16876, 25820, 16940, 49156)
(17051, 22722, 17104, 49617)
(17146, 23570, 17201, 49953)
(16962, 23260, 17012, 49366)
(16992, 26311, 17049, 49564)
(16990, 22244, 17045, 49580)
(16911, 21180, 16962, 49449)
(16934, 22500, 16991, 49282)
(17021, 21628, 17074, 49596)
(16805, 21726, 16856, 49213)
(17060, 22575, 17151, 49645)
(16941, 21635, 17002, 49511)
(16990, 22382, 17043, 49600)
(16938, 23033, 17001, 49363)
(17040, 22764, 17102, 49685)
(17108, 25609, 17205, 48921)
(16967, 26160, 17027, 49321)
(17071, 23094, 17130, 49537)
(16970, 23379, 17038, 49400)
(17136, 23597, 17209, 49615)
(16956, 23483, 17017, 49299)
(16970, 23336, 17023, 49709)
(16966, 23304, 17017, 49448)
(16996, 24808, 17050, 49329)
(16926, 22450, 16976, 49340)
(17097, 23488, 17161, 49640)
(17008, 23569, 17062, 49436)
(17039, 23025, 17094, 49641)
(17038, 22420, 17096, 49466)
(17072, 23336, 17128, 49651)
(17035, 22970, 17090, 49537)
(16930, 23929, 16984, 49524)
(17000, 23839, 17053, 49648)
(16974, 22602, 17035, 49512)
(17055, 22675, 17150, 49436)
(16943, 22374, 17003, 49580)
(17014, 23318, 17066, 49650)
(16961, 23755, 17091, 49449)
(17299, 23086, 17361, 50048)
(17046, 23278, 17108, 49559)
(17034, 21697, 17094, 49704)
(17021, 23551, 17082, 49565)
(17010, 24473, 17072, 49709)
(16981, 22779, 17033, 49667)
(17112, 21722, 17173, 49480)
(16934, 22435, 17017, 49463)
(16950, 25566, 17004, 49493)
(16970, 22068, 17026, 49147)
(16891, 22266, 16952, 49135)
(16936, 22508, 16991, 49377)
(16978, 25366, 17033, 49524)
(16978, 22684, 17030, 49486)
(16989, 22584, 17043, 49389)
(16987, 22283, 17044, 49560)
(17052, 23011, 17104, 49524)
(16933, 25031, 16985, 49571)
(17058, 23040, 17110, 49414)
(21297, 27501, 21400, 60486)
(21178, 29616, 21252, 60339)
(17038, 21799, 17090, 49370)
(16965, 21386, 17025, 49387)
(17030, 21969, 17082, 49340)
(17061, 21846, 17114, 49641)
(17040, 23977, 17097, 49727)
(16987, 21565, 17041, 49489)
(16959, 21834, 17022, 49231)
(16939, 22895, 16991, 49371)
(17033, 23757, 17110, 49670)
(17026, 21968, 17089, 49597)
(16981, 22604, 17035, 49681)
(16922, 24009, 16980, 49171)
(16957, 23010, 17020, 49514)
(21271, 27588, 21352, 60377)
(21282, 28463, 21353, 60460)
(16996, 22752, 17050, 49783)
(16914, 23294, 16966, 49358)
(16981, 21809, 17041, 49611)
(17011, 21537, 17062, 49501)
(16975, 25551, 17039, 49606)
(16966, 23157, 17034, 49525)
(17089, 22012, 17151, 49598)
(16994, 21383, 17046, 49527)
(16924, 23249, 16976, 49462)
(16971, 21728, 17023, 49236)
(17017, 22867, 17070, 49534)
(16924, 21723, 16978, 49388)
(17054, 21717, 17107, 49558)
(16945, 23820, 16998, 49516)
(16985, 21646, 17046, 49624)
(16965, 23760, 17023, 49501)
(17051, 22423, 17106, 49586)
(17018, 22541, 17076, 49649)
(16962, 21479, 17014, 49604)
(21212, 32268, 21289, 60586)
(16920, 22654, 17001, 49194)
(16987, 22429, 17042, 49605)
(17049, 22437, 17112, 49788)
(17054, 22059, 17115, 49654)
(17075, 22583, 17131, 49689)
(17232, 26553, 17450, 49562)
(17076, 23130, 17132, 49724)
(17027, 23252, 17080, 49558)
(16905, 21728, 16966, 49387)
(16922, 23494, 16975, 49338)
(16951, 22877, 17005, 49431)
(17046, 21627, 17097, 49419)
(17018, 21866, 17072, 49588)
(16959, 22787, 17020, 49450)
(16950, 23105, 17001, 49508)
(17017, 23067, 17071, 49622)
(16954, 21721, 17015, 49313)
(16990, 22058, 17043, 49773)
(17008, 24465, 17062, 49703)
(16897, 23559, 16957, 49306)
(17316, 24307, 17380, 50378)
(17076, 22927, 17138, 49622)
(17009, 22582, 17070, 49571)
(16910, 22876, 16961, 49414)
(16999, 22139, 17060, 49481)
(17054, 21980, 17111, 49770)
(16938, 22748, 16993, 49317)
(17027, 22424, 17089, 49545)
(17019, 23853, 17075, 49720)
(17109, 22659, 17164, 49749)
(17007, 21352, 17060, 49565)
(16975, 25450, 17026, 49390)
(16997, 22609, 17062, 49626)
(16994, 23175, 17045, 49434)
(16948, 22334, 17004, 49503)
(16966, 22066, 17027, 49420)
(17011, 23561, 17065, 49447)
(17118, 22794, 17207, 48947)
(16902, 23768, 16954, 49436)
(17077, 22493, 17130, 49895)
(16981, 22519, 17036, 49231)
(16990, 25036, 17044, 49628)
(16945, 23442, 17010, 49361)
(17023, 28177, 17079, 49446)
(16932, 22294, 16993, 49270)
(16873, 22006, 16936, 49036)
(16917, 24053, 16969, 49415)
(17076, 24443, 17133, 49643)
(17071, 22542, 17123, 49575)
(17025, 24996, 17094, 49397)
(17239, 25306, 17393, 49291)
(16883, 23717, 16960, 49334)
(17026, 23340, 17079, 49527)
(16953, 22240, 17015, 49388)
(16936, 23016, 16986, 49500)
(16991, 22362, 17043, 49577)
(17024, 23212, 17079, 49730)
(16998, 24821, 17049, 49458)
(17091, 22536, 17157, 49808)
(16910, 24128, 16973, 49262)
(16981, 23145, 17034, 49456)
(16961, 22003, 17011, 49463)
(17011, 23575, 17064, 49469)
(17027, 22353, 17081, 49543)
(16945, 23553, 16998, 49324)
(17003, 22755, 17057, 49736)
(16974, 25452, 17027, 49527)
(22084, 30381, 22168, 61030)
(16924, 22572, 16973, 49483)
(21116, 27735, 21187, 60230)
(16981, 22445, 17034, 49784)
(16916, 23761, 16974, 49155)
(17051, 23514, 17126, 49480)
(16951, 22593, 17004, 49631)
(16873, 22337, 16923, 49279)
(16970, 22312, 17030, 49156)
(16949, 22803, 17001, 49330)
(17138, 24218, 17195, 49491)
(16903, 22853, 16956, 49321)
(17134, 24122, 17216, 49646)
(16947, 22521, 17003, 49446)
(16933, 23252, 16987, 49415)
(16951, 22415, 17002, 49159)
(17089, 23464, 17203, 49902)
(16920, 26303, 16981, 49215)
(17094, 23139, 17146, 49492)
(17023, 23085, 17078, 49873)
(16969, 22475, 17021, 49466)
(17005, 22689, 17068, 49795)
(17032, 22756, 17085, 49569)
(22047, 31061, 22131, 60990)
(16959, 23834, 17020, 49516)
(16913, 23004, 16964, 49236)
(17109, 23002, 17162, 49767)
(17031, 22284, 17083, 49509)
(16963, 22609, 17029, 49273)
(17053, 23809, 17116, 49395)
(17045, 24385, 17099, 49529)
(17145, 21893, 17198, 49554)
(17245, 26196, 17383, 49542)
(17062, 24516, 17120, 49449)
(16936, 24120, 16987, 49379)
(16967, 22558, 17017, 49172)
(16895, 22464, 16946, 49280)
(17010, 24475, 17062, 49531)
(17008, 23086, 17061, 49431)
(16969, 23445, 17022, 49255)
(17028, 24677, 17090, 49643)
(17012, 24199, 17079, 49637)
(21148, 29496, 21219, 59931)
(17022, 25639, 17076, 49735)
(16978, 23492, 17040, 49175)
(16981, 26098, 17035, 49448)
(17027, 26043, 17092, 49644)
(17075, 23474, 17139, 49741)
(17053, 23029, 17108, 49489)
(16847, 22055, 16898, 49464)
(17011, 23652, 17065, 49728)
(21162, 27718, 21241, 60370)
(16992, 22651, 17044, 49823)
(16920, 22632, 16975, 49214)
(17024, 23032, 17085, 49293)
(16963, 22146, 17016, 49600)
(16952, 22346, 17003, 49364)
(17039, 22117, 17094, 49674)
(17063, 25030, 17118, 49720)
(17058, 22354, 17125, 49690)
(16962, 23402, 17024, 49272)
(17054, 23642, 17110, 49405)
(16966, 22692, 17027, 49240)
(17015, 22455, 17068, 49682)
(17035, 25982, 17096, 49434)
(22149, 30901, 22228, 61184)
(17000, 24471, 17063, 49607)
(17008, 23152, 17063, 49611)
(16948, 25448, 17008, 49448)
(16905, 22005, 16956, 49110)
(17007, 26760, 17060, 49598)
(16927, 22956, 16979, 49372)
(17117, 23105, 17224, 49267)
(17092, 23102, 17153, 49794)
(16902, 22410, 16952, 49304)
(16964, 22599, 17014, 49368)
(16989, 23240, 17044, 49665)
(17089, 23054, 17144, 50142)
(16999, 22324, 17058, 49605)
(17017, 22506, 17069, 49660)
(21231, 28224, 21304, 60231)
(16965, 22307, 17015, 49365)
(16975, 22264, 17027, 49832)
(16964, 22972, 17019, 49576)
(17052, 23088, 17107, 49878)
(17010, 22497, 17077, 49512)
(17010, 22481, 17061, 49327)
(17073, 22313, 17136, 49612)
(17081, 23553, 17147, 49704)
(16935, 22343, 16987, 49406)
(16932, 22294, 16983, 49478)
(16914, 22200, 16966, 49177)
(16988, 22655, 17040, 49339)
(16975, 22332, 17027, 49764)
(16958, 22960, 17017, 49507)
(17001, 23562, 17055, 49681)
(17027, 22335, 17089, 49706)
(17027, 22439, 17083, 49620)
(17007, 22081, 17060, 49741)
(16916, 22306, 16983, 49367)
(17050, 22497, 17102, 49431)
(16981, 22346, 17046, 49494)
(17057, 22422, 17109, 49378)
(17370, 23276, 17490, 49560)
(17108, 25523, 17172, 49952)
(17005, 25399, 17058, 49771)
(16970, 23078, 17025, 49450)
(16990, 22943, 17072, 49748)
(17040, 26284, 17095, 49860)
(17080, 25250, 17133, 49780)
(16980, 24987, 17033, 49447)
(16995, 21995, 17068, 49721)
(16975, 25229, 17027, 49811)
(16982, 23624, 17033, 49308)
(16961, 22445, 17022, 49483)
(17032, 22746, 17084, 49362)
(16973, 22345, 17026, 49601)
(16999, 23296, 17059, 49815)
(17328, 23126, 17383, 50177)
(21339, 27983, 21409, 60607)
(17008, 22406, 17064, 49556)
(17015, 22421, 17068, 49445)
(17005, 22390, 17059, 49654)
(16994, 25048, 17055, 49512)
(17040, 23019, 17103, 49537)
(16955, 22804, 17005, 49348)
(16917, 21988, 16968, 49292)
(16947, 22475, 16999, 49366)
(17038, 22650, 17093, 49869)
(16966, 22342, 17019, 49233)
(17023, 22317, 17111, 49668)
(16889, 22295, 16947, 49366)
(16986, 22514, 17037, 49530)
(16990, 22696, 17051, 49671)
(17069, 22727, 17130, 49628)
(17013, 22024, 17063, 49661)
(16980, 22260, 17033, 49588)
(16967, 22010, 17021, 49586)
(16992, 22135, 17043, 49642)
(17038, 25481, 17094, 49646)
(17025, 25647, 17087, 49627)
(16991, 22289, 17052, 49478)
(16922, 22898, 16981, 49441)
(16973, 22825, 17026, 49935)
(16849, 21958, 16899, 49164)
(16980, 22417, 17034, 49697)
(16992, 23068, 17053, 49634)
(16939, 24628, 16999, 49508)
(16939, 22658, 16991, 49355)
(16960, 22731, 17023, 49689)
(16921, 22367, 16972, 49441)
(17022, 24065, 17076, 49716)
(16951, 22037, 17012, 49445)
(17015, 22008, 17066, 49564)
(16967, 23061, 17023, 49562)
(16923, 25127, 16973, 49342)
(16933, 22276, 16984, 49555)
(16918, 22131, 16970, 49408)
(16956, 23441, 17023, 49624)
(16986, 22156, 17047, 49660)
(17018, 25320, 17070, 49684)
(16929, 22019, 16993, 49490)
(16960, 23279, 17030, 49371)
(17103, 23347, 17170, 49574)
(16985, 22175, 17037, 49399)
(17044, 21755, 17101, 49543)
(16989, 23326, 17058, 49670)
(16994, 22179, 17047, 49542)
(16943, 22431, 16993, 49448)
(16962, 22799, 17013, 49244)
(17090, 22885, 17143, 49990)
(16971, 22745, 17026, 49668)
(17034, 22864, 17087, 49475)
(16910, 22061, 16969, 49401)
(16969, 22894, 17024, 49803)
(21131, 28598, 21203, 60085)
(16890, 22557, 16945, 49468)
(17007, 22226, 17061, 49543)
(17057, 22124, 17110, 49711)
(17313, 23247, 17374, 50440)
(17105, 23074, 17156, 49928)
(16915, 23305, 16976, 49666)
(16910, 22168, 16967, 49358)
(17073, 22178, 17137, 49598)
(16893, 22663, 16942, 49445)
(16950, 22324, 17001, 49542)
(16954, 23205, 17007, 49689)
(16892, 22621, 16952, 49280)
(17043, 22276, 17095, 49633)
(17008, 23268, 17062, 49626)
(22209, 28985, 22292, 61410)
(17045, 22377, 17098, 49926)
(16900, 23001, 16973, 49604)
(16909, 22289, 16958, 49266)
(16895, 22314, 16955, 49307)
(17127, 22554, 17181, 49649)
(17070, 22756, 17132, 49816)
(16920, 24662, 16980, 49619)
(16958, 22412, 17012, 49434)
(17113, 22225, 17164, 49652)
(16932, 22871, 16986, 49318)
(16960, 22983, 17021, 49349)
(25893, 33729, 25979, 72422)
(16930, 22450, 16980, 49340)
(16950, 23500, 17011, 49492)
(17027, 22199, 17089, 49595)
(17058, 21904, 17113, 49502)
(16912, 22060, 16963, 49321)
(17016, 22744, 17069, 49675)
(17078, 22164, 17132, 49608)
(16920, 23125, 16970, 49348)
(16954, 22401, 17005, 49298)
(17066, 22659, 17118, 49724)
(16999, 25651, 17051, 49652)
(16968, 22407, 17019, 49566)
(16971, 22249, 17033, 49355)
(16960, 22275, 17011, 49503)
(16981, 25628, 17042, 49507)
(21330, 28451, 21398, 60695)
(16982, 22348, 17034, 49737)
(16978, 22492, 17038, 49550)
(16951, 22359, 17011, 49384)
(16952, 22350, 17005, 49652)
(16969, 22232, 17023, 49469)
(17034, 25341, 17090, 49559)
(16963, 22633, 17018, 49512)
(16974, 23291, 17027, 49701)
(21192, 27591, 21262, 60409)
(17026, 23223, 17088, 49724)
(17156, 23420, 17211, 49846)
(16960, 22144, 17021, 49383)
(16936, 21874, 17011, 49685)
(17119, 22531, 17179, 49759)
(17031, 23203, 17085, 49494)
(16912, 22175, 16964, 49223)
(16999, 23179, 17052, 49657)
(17033, 22917, 17097, 49190)
(16969, 22427, 17030, 49642)
(16995, 22385, 17045, 49346)
(16955, 22294, 17016, 49320)
(16900, 21953, 16961, 49551)
(16981, 22545, 17048, 49318)
(17100, 22667, 17155, 49625)
(17017, 22493, 17077, 49255)
(16938, 22343, 16990, 49257)
(17032, 22418, 17087, 49764)
(16977, 23064, 17029, 49513)
(16901, 21950, 16952, 48885)
(16960, 22902, 17048, 49312)
(16918, 22630, 16969, 49342)
(17074, 22242, 17124, 49483)
(17135, 22744, 17199, 49305)
(16897, 22150, 16947, 49492)
(16971, 22280, 17022, 49579)
(16954, 21517, 17006, 49327)
(17050, 24051, 17118, 49609)
(16991, 22331, 17061, 49663)
(16965, 22321, 17016, 49251)
(16907, 22170, 16969, 49527)
(17280, 22282, 17347, 50260)
(16915, 22019, 16975, 49334)
(17120, 22032, 17174, 49604)
(17014, 22298, 17068, 49272)
(17087, 23032, 17143, 49899)
(16941, 21978, 16991, 49448)
(17009, 22009, 17068, 49420)
(16932, 21775, 16986, 49436)
(17091, 22224, 17154, 49610)
(21101, 29800, 21168, 60239)
(16959, 21718, 17011, 49669)
(17002, 22065, 17066, 49568)
(16938, 23769, 16989, 49370)
(16973, 22183, 17025, 49311)
(17053, 22035, 17106, 49473)
(17030, 22913, 17080, 49495)
(16933, 22291, 16993, 49590)
(16975, 21757, 17027, 49753)
(16947, 22004, 17009, 49466)
(16907, 21841, 16958, 49288)
(17075, 23458, 17136, 49769)
(16987, 22343, 17047, 49741)
(16940, 22274, 17001, 49498)
(16909, 22902, 16961, 49109)
(16961, 23206, 17013, 49529)
(16986, 23018, 17037, 49347)
(16943, 22480, 17003, 49443)
(16976, 21947, 17027, 49510)
(21295, 28678, 21370, 60542)
(17003, 22017, 17056, 49754)
(16907, 22289, 16958, 49107)
(17052, 22296, 17106, 49818)
(16954, 22246, 17005, 49520)
(22135, 32089, 22218, 61132)
(17005, 22998, 17056, 49684)
(17000, 22016, 17053, 49416)
(16996, 24939, 17047, 49557)
(16964, 25105, 17015, 49312)
(17030, 22664, 17091, 49688)
(21307, 31205, 21384, 60756)
(16926, 22702, 16985, 49526)
(17033, 22131, 17085, 49592)
(17094, 22200, 17146, 49564)
(16954, 23215, 17004, 49290)
(17027, 22166, 17078, 49739)
(16926, 22300, 16977, 49509)
(16959, 22245, 17013, 49757)
(16937, 21276, 16991, 49694)
(17017, 22441, 17079, 49797)
(17048, 23288, 17102, 49386)
(16956, 22293, 17006, 49768)
(16913, 22185, 16965, 49278)
(16994, 21938, 17045, 49807)
(17107, 22558, 17165, 49610)
(16974, 23444, 17025, 49518)
(16921, 22326, 16974, 49642)
(16946, 22693, 16998, 49416)
(17000, 22694, 17062, 49673)
(17003, 22128, 17056, 49684)
(16938, 23205, 16997, 49505)
(17000, 22885, 17055, 49324)
(16996, 22805, 17050, 49745)
(16979, 22259, 17029, 49613)
(17021, 22046, 17072, 49661)
(16941, 22141, 16991, 49377)
(16963, 22390, 17012, 49452)
(16974, 23462, 17025, 49605)
(16962, 22132, 17018, 49569)
(16973, 22819, 17027, 49436)
(17101, 22487, 17154, 49331)
(17017, 22110, 17069, 49339)
(16968, 22774, 17019, 49216)
(17068, 21797, 17118, 49492)
(16954, 22222, 17015, 49593)
(17148, 25872, 17212, 49846)
(17014, 22587, 17075, 49397)
(16899, 22769, 16953, 49273)
(16958, 22298, 17019, 49587)
(16884, 22053, 16934, 49332)
(16898, 23013, 16958, 49433)
(17142, 22645, 17206, 49645)
(17013, 23288, 17065, 49719)
(16948, 22584, 17006, 49543)
(16968, 22664, 17021, 49450)
(17044, 22553, 17097, 49882)
(16924, 22516, 16974, 49526)
(16956, 22392, 17007, 49377)
(17002, 22325, 17054, 49490)
(16984, 22450, 17038, 49539)
(17066, 22613, 17119, 49593)
(17067, 22640, 17120, 49716)
(16906, 22378, 16965, 49475)
(16997, 22369, 17055, 49782)
(17008, 22055, 17059, 49511)
(17276, 22659, 17383, 49775)
(17082, 22604, 17139, 49542)
(16984, 25157, 17038, 49619)
(16970, 22294, 17022, 49388)
(16950, 21837, 17003, 49449)
(17090, 22058, 17143, 49902)
(16998, 22704, 17050, 49627)
(17042, 22315, 17102, 49829)
(16967, 21892, 17026, 49162)
(17031, 22353, 17082, 49784)
(16949, 22609, 16999, 49514)
(17082, 22063, 17134, 49853)
(16953, 22187, 17005, 49642)
(17049, 21710, 17103, 49518)
(16934, 22167, 16997, 49554)
(21189, 28164, 21264, 60152)
(17017, 22748, 17071, 49725)
(16859, 21627, 16909, 49457)
(16888, 22174, 16948, 49305)
(17037, 21818, 17089, 49771)
(17070, 22176, 17121, 49700)
(17095, 22489, 17153, 49813)
(17005, 22687, 17059, 49552)
(16995, 22279, 17048, 49681)
(17019, 22582, 17080, 49642)
(17014, 22428, 17067, 49579)
(17018, 22977, 17072, 49330)
(22209, 29084, 22292, 61657)
(16983, 21853, 17045, 49552)
(17029, 23320, 17091, 49689)
(16974, 22396, 17037, 49324)
(17047, 22347, 17106, 49509)
(16998, 23236, 17094, 49556)
(21280, 28822, 21362, 60582)
(16943, 23465, 16995, 49511)
(17060, 22407, 17121, 49863)
(21210, 27650, 21283, 60466)
(16978, 22965, 17037, 49578)
(16917, 22606, 16969, 49285)
(17001, 22523, 17053, 49741)
(17025, 22049, 17077, 49780)
(16944, 25673, 16996, 49524)
(16980, 22311, 17033, 49369)
(17033, 24979, 17084, 49421)
(16973, 21896, 17023, 49456)
(17166, 22476, 17221, 50054)
(16997, 23052, 17057, 49842)
(16824, 25217, 16875, 49284)
(17051, 26002, 17108, 49403)
(16973, 21987, 17024, 49741)
(16944, 22224, 16995, 49704)
(17099, 22627, 17152, 49964)
(17026, 22208, 17084, 49948)
(16895, 21184, 16946, 49211)
(17026, 22296, 17078, 49566)
(22190, 29854, 22275, 61331)
(16917, 22119, 16968, 49364)
(17004, 22432, 17055, 49259)
(16992, 21778, 17044, 49546)
(17105, 22853, 17159, 49602)
(17013, 21966, 17065, 49642)
(16930, 21985, 16983, 49552)
(16960, 22583, 17020, 49510)
(16992, 22776, 17054, 49541)
(16961, 22373, 17014, 49475)
(17044, 22507, 17097, 49688)
(16918, 22637, 16978, 49396)
(17096, 23107, 17152, 49551)
(16860, 23756, 16921, 49160)
(16954, 25052, 17006, 49623)
(17211, 23447, 17265, 50200)
(16993, 23290, 17045, 49416)
(17053, 22642, 17104, 49664)
(17001, 23373, 17062, 49712)
(16981, 22285, 17034, 49597)
(16931, 22457, 16982, 49052)
(16982, 26334, 17033, 49198)
(16970, 22689, 17023, 49619)
(16944, 22916, 16996, 49520)
(17014, 22476, 17066, 49569)
(17023, 22423, 17080, 49681)
(17005, 22097, 17058, 49750)
(17024, 22033, 17081, 49808)
(17040, 25820, 17096, 49507)
(16945, 22337, 16997, 49552)
(16995, 25446, 17049, 49731)
(16913, 22108, 16964, 49246)
(16962, 22382, 17016, 49729)
(17013, 25949, 17070, 49525)
(16983, 22152, 17035, 49423)
(17105, 25246, 17169, 49623)
(16990, 22372, 17050, 49555)
(16937, 22075, 16989, 49232)
(17067, 22316, 17119, 49448)
(16990, 22048, 17052, 49583)
(17077, 22542, 17132, 49714)
(16945, 21887, 17006, 49408)
(17054, 22910, 17106, 49449)
(16950, 21922, 17011, 49363)
(21085, 27659, 21157, 59978)
(16963, 22546, 17030, 49436)
(16972, 21960, 17033, 49629)
(17010, 22680, 17063, 49637)
(16924, 21633, 16975, 49248)
(16973, 21741, 17024, 49411)
(16955, 22526, 17007, 49537)
(22052, 28924, 22136, 61135)
(16957, 22285, 17016, 49856)
(16929, 23613, 16980, 49499)
(16932, 21942, 16986, 49391)
(16914, 22106, 16966, 49426)
(16959, 22604, 17010, 49671)
(17032, 22718, 17084, 49657)
(16962, 22391, 17015, 49435)
(17038, 21973, 17100, 49786)
(16891, 22094, 16942, 49418)
(16996, 22714, 17048, 49571)
(17046, 22228, 17100, 49381)
(17049, 22722, 17111, 49576)
(16949, 22156, 17009, 49378)
(16997, 21921, 17049, 49673)
(17002, 26001, 17052, 49338)
(17000, 26037, 17051, 49738)
(16928, 21858, 16980, 49426)
(17002, 24737, 17054, 49573)
(17023, 22558, 17076, 49624)
(17003, 22231, 17054, 49365)
(17197, 22632, 17257, 50122)
(16996, 22198, 17055, 49448)
(16943, 25246, 16996, 49663)
(16926, 21906, 16987, 49508)
(16950, 22081, 17009, 49703)
(16933, 24970, 16992, 49529)
(16951, 25538, 17008, 49323)
(16964, 22453, 17015, 49433)
(16959, 22774, 17010, 49430)
(17016, 22541, 17067, 49423)
(16982, 22523, 17044, 49232)
(16933, 25661, 16993, 49242)
(17034, 24599, 17091, 49581)
(16990, 23029, 17040, 49637)
(17013, 25406, 17082, 49862)
(16951, 22751, 17017, 49063)
(16975, 22349, 17025, 49219)
(17006, 22140, 17059, 49589)
(16945, 24726, 16997, 49222)
(17093, 25610, 17155, 49860)
(17081, 25608, 17144, 49505)
(17026, 25681, 17101, 49489)
(16972, 21854, 17034, 49634)
(16974, 22196, 17027, 49527)
(17007, 25678, 17068, 49610)
(16928, 21987, 16989, 49355)
(16946, 22103, 17001, 49312)
(16929, 23214, 16981, 49360)
(16940, 21998, 16992, 49350)
(16901, 21812, 16954, 49550)
(16967, 22485, 17022, 49630)
(17040, 22218, 17092, 49673)
(17070, 22601, 17123, 49522)
(16978, 22063, 17030, 49846)
(16987, 21926, 17048, 49686)
(17003, 22295, 17056, 49492)
(16976, 22631, 17027, 49520)
(16899, 22356, 16959, 49413)
(16917, 22078, 16968, 49582)
(17024, 22459, 17075, 49633)
(17052, 23013, 17106, 49608)
(17059, 22469, 17119, 49808)
(16900, 22124, 16950, 49217)
(17080, 21823, 17131, 49631)
(16961, 22596, 17014, 49403)
(16951, 22498, 17011, 49686)
(17071, 22673, 17125, 49643)
(22068, 30991, 22150, 61131)
(17087, 24413, 17140, 49824)
(17031, 22662, 17083, 49568)
(16953, 22302, 17006, 49600)
(16988, 22513, 17043, 49506)
(17111, 23881, 17174, 49720)
(16985, 23569, 17036, 49470)
(17048, 21927, 17100, 49800)
(16983, 23169, 17035, 49692)
(17041, 22455, 17101, 49560)
(17049, 22885, 17112, 49431)
(16908, 21616, 16968, 49479)
(17137, 22093, 17190, 49479)
(17050, 22245, 17104, 49672)
(17048, 22401, 17104, 49736)
(17005, 22116, 17057, 49562)
(17059, 22762, 17111, 49598)
(16968, 22999, 17020, 49494)
(17055, 22378, 17107, 49589)
(16978, 21837, 17038, 49634)
(21296, 27984, 21394, 49480)
(17010, 21803, 17072, 49703)
(16966, 22716, 17027, 49429)
(16964, 22235, 17016, 49511)
(16897, 21791, 16947, 49403)
(17029, 22290, 17080, 49556)
(17119, 22715, 17181, 49740)
(16904, 22030, 16957, 49648)
(17049, 22434, 17110, 49658)
(17046, 22079, 17100, 49599)
(16948, 22963, 17003, 49683)
(16941, 22060, 16992, 49445)
(17031, 22025, 17094, 49481)
(16978, 22930, 17042, 49680)
(17083, 23026, 17135, 49669)
(17014, 22998, 17065, 49495)
(16962, 22509, 17013, 49369)
(17042, 22281, 17094, 49825)
(16928, 21983, 16978, 49433)
(16847, 22330, 16897, 49508)
(17031, 25087, 17091, 49422)
(16985, 22218, 17038, 49363)
(16938, 21950, 16989, 49187)
(16990, 22229, 17047, 49615)
(17115, 22656, 17169, 49692)
(16929, 21962, 16989, 49399)
(16914, 21982, 16967, 49619)
(17090, 23382, 17145, 49766)
(17067, 22993, 17120, 49624)
(17284, 23352, 17414, 49487)
(16998, 22484, 17055, 49496)
(17005, 22536, 17056, 49807)
(16941, 22185, 16992, 49478)
(17018, 22070, 17071, 49735)
(16944, 22037, 16995, 49600)
(16990, 21912, 17041, 49510)
(16948, 21834, 16999, 49447)
(16945, 25899, 17006, 49355)
(16910, 21982, 16959, 49176)
(16883, 22195, 16937, 49326)
(17200, 23027, 17313, 49506)
(16938, 22040, 16999, 49434)
(17059, 22225, 17111, 49607)
(16925, 22443, 16986, 49463)
(16932, 22117, 16987, 49564)
(17079, 22021, 17134, 49525)
(16980, 22104, 17031, 49417)
(17042, 23205, 17104, 49792)
(17042, 23088, 17096, 49596)
(17025, 25131, 17077, 49571)
(17025, 21775, 17076, 49341)
(17045, 22207, 17108, 49706)
(17035, 23311, 17100, 49572)
(16918, 21858, 16971, 49703)
(16958, 21725, 17009, 49261)
(16998, 22029, 17067, 49847)
(17069, 22440, 17127, 49581)
(17026, 22903, 17083, 49659)
(16943, 22196, 17004, 49470)
(16952, 22052, 17002, 49546)
(17002, 21833, 17062, 49829)
(17057, 23135, 17110, 49627)
(16931, 21826, 16981, 49716)
(21336, 27678, 21419, 60230)
(17017, 22166, 17078, 49633)
(17112, 24841, 17164, 49913)
(16901, 22464, 16962, 49419)
(16957, 22077, 17008, 49443)
(16983, 21743, 17035, 49879)
(16947, 23414, 16998, 49172)
(17117, 22380, 17187, 49880)
(17098, 21973, 17150, 49329)
(17245, 22638, 17311, 49880)
(17032, 22524, 17083, 49571)
(16945, 22081, 16995, 49341)
(17110, 21734, 17164, 49509)
(16945, 22113, 17005, 49421)
(17093, 22277, 17147, 49527)
(16937, 21929, 16993, 49563)
(16983, 21818, 17066, 49580)
(17053, 22003, 17114, 49850)
(17039, 22560, 17094, 49697)
(16937, 22423, 16991, 49644)
(17082, 23409, 17180, 49130)
(17037, 21986, 17088, 49740)
(17006, 21911, 17068, 49650)
(17047, 22126, 17101, 49842)
(21189, 28714, 21258, 60585)
(17010, 22293, 17062, 49722)
(17063, 22337, 17114, 49586)
(16968, 21731, 17026, 49646)
(17028, 22139, 17092, 49622)
(17038, 21627, 17095, 49862)
(17015, 22131, 17075, 49723)
(17109, 22638, 17172, 50037)
(16982, 21865, 17042, 49348)
(17001, 22047, 17053, 49761)
(16921, 22193, 16971, 49322)
(17048, 22795, 17109, 49679)
(16934, 21744, 16987, 49628)
(16986, 22246, 17039, 49799)
(16982, 22003, 17051, 49443)
(16970, 21936, 17021, 49481)
(17013, 21634, 17076, 49761)
(16952, 21634, 17005, 49484)
(16962, 21868, 17023, 49625)
(16981, 22193, 17033, 49426)
(16959, 21711, 17022, 49555)
(17016, 22084, 17068, 49530)
(16920, 21890, 16980, 49476)
(21296, 28218, 21367, 60569)
(25785, 32772, 25866, 72296)
(17012, 22911, 17072, 49551)
(16969, 22288, 17021, 49589)
(17067, 21991, 17129, 49861)
(16995, 22035, 17055, 49205)
(17020, 22871, 17072, 49576)
(17075, 25295, 17126, 49482)
(21244, 29229, 21317, 60639)
(16947, 22067, 17000, 49314)
(17025, 22987, 17080, 49519)
(17011, 22471, 17063, 49685)
(17058, 21912, 17112, 49550)
(16976, 25253, 17027, 49325)
(16955, 22023, 17017, 49507)
(17015, 22183, 17068, 49730)
(16988, 22008, 17040, 49731)
(16976, 22150, 17027, 49623)
(16994, 21798, 17048, 49683)
(16988, 22193, 17049, 49558)
(17024, 22532, 17086, 49575)
(17026, 22278, 17082, 49561)
(17004, 23098, 17060, 49650)
(16874, 21670, 16933, 49296)
(17000, 22457, 17052, 49649)
(16891, 21780, 16943, 49212)
(16990, 22436, 17051, 49293)
(16944, 21942, 17004, 49119)
(17013, 22097, 17067, 49467)
(17080, 22685, 17147, 49932)
(16968, 21874, 17029, 49643)
(17016, 22182, 17067, 49529)
(16998, 21804, 17047, 49796)
(16988, 22491, 17039, 49542)
(16996, 21971, 17049, 49383)
(22357, 29029, 22448, 61394)
(21211, 28260, 21282, 60450)
(17035, 21932, 17091, 49812)
(16909, 21811, 16965, 49483)
(17021, 21690, 17083, 49743)
(17076, 22308, 17137, 49375)
(17043, 22254, 17096, 49672)
(16989, 21890, 17045, 49244)
(17022, 22762, 17075, 49572)
(17357, 22427, 17409, 50492)
