(17159, 23989, 17255, 55654)
(17197, 24345, 17306, 55688)
(17132, 25736, 17251, 55427)
(17167, 40848, 17343, 55717)
(17090, 24013, 17205, 55356)
(17127, 24100, 17222, 55419)
(17206, 22745, 17299, 55863)
(17145, 21931, 17240, 55359)
(17195, 22209, 17293, 55515)
(17173, 25863, 17265, 55490)
(17287, 23604, 17386, 55327)
(17164, 23291, 17280, 55329)
(17220, 25294, 17329, 55598)
(17034, 26104, 17137, 55182)
(17140, 26851, 17232, 55566)
(24734, 35882, 24860, 81039)
(17393, 27624, 17578, 55667)
(20777, 35084, 20887, 67616)
(17183, 26971, 17276, 55750)
(17136, 23645, 17227, 55361)
(17153, 26164, 17246, 55490)
(17115, 25134, 17207, 55389)
(17165, 24439, 17260, 55652)
(17137, 24604, 17239, 55703)
(17038, 24509, 17129, 55180)
(17101, 25409, 17193, 55267)
(17100, 24007, 17203, 55099)
(17193, 25023, 17287, 55879)
(17078, 26238, 17179, 55437)
(17095, 24050, 17190, 55307)
(17175, 23688, 17267, 55595)
(17174, 25183, 17267, 55442)
(20715, 28352, 20836, 67493)
(17200, 24498, 17292, 55461)
(17126, 25448, 17260, 55434)
(17111, 23623, 17211, 55320)
(17015, 25068, 17111, 55281)
(17148, 22918, 17245, 55467)
(17104, 25350, 17196, 55360)
(17170, 28380, 17263, 55589)
(17147, 25660, 17241, 55549)
(17316, 29414, 17423, 55543)
(17154, 23344, 17250, 55724)
(17180, 29253, 17387, 55636)
(17325, 24468, 17440, 55588)
(17277, 27348, 17447, 55349)
(17085, 23868, 17176, 55324)
(17337, 23986, 17450, 55466)
(17178, 23557, 17283, 55760)
(17129, 23673, 17237, 55259)
(17072, 24882, 17163, 55267)
(17203, 24085, 17299, 55500)
(17175, 22703, 17267, 55721)
(17101, 23592, 17238, 55567)
(17127, 23541, 17228, 55615)
(17226, 24047, 17443, 55673)
(17142, 23876, 17247, 55447)
(17127, 23356, 17226, 55322)
(17095, 22905, 17185, 55336)
(17151, 26452, 17244, 55621)
(17153, 23393, 17249, 55609)
(17275, 27076, 17396, 55680)
(17111, 23083, 17202, 55293)
(17214, 27916, 17313, 55729)
(17169, 23845, 17263, 55575)
(17144, 23509, 17235, 55624)
(17103, 25756, 17195, 55264)
(17119, 23457, 17224, 55691)
(17174, 23015, 17265, 55727)
(17155, 25928, 17248, 55492)
(24795, 34462, 24923, 80714)
(17132, 23188, 17224, 55586)
(17148, 23816, 17249, 55551)
(17073, 22596, 17164, 55360)
(17111, 23239, 17217, 55395)
(17125, 23878, 17218, 55388)
(17175, 23132, 17280, 55628)
(17251, 23706, 17359, 55706)
(17101, 23579, 17197, 55423)
(17364, 25345, 17469, 55553)
(17138, 23181, 17238, 55265)
(17157, 26448, 17254, 55678)
(17203, 24062, 17306, 55523)
(17220, 24009, 17319, 55530)
(17060, 22719, 17161, 55356)
(17144, 23933, 17238, 55637)
(17289, 24748, 17400, 55731)
(17094, 23785, 17198, 55316)
(17092, 22291, 17183, 55325)
(17192, 23025, 17283, 55847)
(17194, 22644, 17288, 55839)
(17132, 23935, 17227, 55533)
(17189, 23757, 17280, 55577)
(17180, 22314, 17275, 55621)
(17217, 22474, 17315, 55431)
(17177, 27434, 17283, 55693)
(17127, 23468, 17247, 55488)
(17177, 21595, 17270, 55653)
(17111, 22549, 17205, 55338)
(17084, 22372, 17174, 55619)
(17123, 22782, 17224, 55467)
(17150, 23639, 17251, 55517)
(17099, 25448, 17191, 55423)
(17050, 23329, 17146, 55356)
(17063, 22797, 17154, 55230)
(17080, 23021, 17174, 55273)
(17046, 23660, 17148, 55259)
(17198, 22749, 17291, 55603)
(17288, 23643, 17389, 55507)
(17224, 23408, 17323, 55615)
(17096, 24180, 17189, 55617)
(17305, 24931, 17410, 55468)
(17206, 24643, 17305, 55451)
(17157, 22878, 17248, 55435)
(17165, 23267, 17272, 55425)
(17164, 22681, 17255, 55667)
(17096, 23300, 17200, 55135)
(17166, 22947, 17260, 55615)
(17152, 23788, 17244, 55705)
(24661, 32909, 24816, 80569)
(17167, 22706, 17258, 55532)
(17187, 22340, 17284, 55734)
(17343, 23256, 17449, 55317)
(17105, 23063, 17222, 55521)
(17191, 23318, 17293, 55844)
(17134, 23203, 17225, 55686)
(17086, 23118, 17178, 55504)
(17104, 22847, 17209, 55483)
(17398, 23166, 17511, 55421)
(17133, 25395, 17229, 55905)
(17189, 24513, 17285, 55601)
(17370, 22745, 17487, 55174)
(17109, 22429, 17203, 55351)
(17144, 25516, 17235, 55415)
(17149, 22539, 17278, 55535)
(17112, 23207, 17202, 55438)
(17171, 23951, 17265, 55422)
(17035, 24179, 17125, 55164)
(17195, 22790, 17299, 55734)
(17231, 23230, 17330, 55934)
(17089, 23370, 17185, 55321)
(17123, 25758, 17217, 55500)
(17112, 21663, 17202, 55548)
(17037, 22316, 17126, 55439)
(17204, 25895, 17307, 55333)
(17133, 23497, 17227, 55552)
(16990, 22684, 17088, 55221)
(17309, 22579, 17434, 55697)
(17094, 21672, 17188, 55522)
(17237, 22516, 17333, 55574)
(17165, 23124, 17264, 55342)
(17193, 22137, 17293, 55612)
(17059, 22279, 17150, 54913)
(17136, 23952, 17244, 55323)
(17180, 24047, 17273, 55458)
(17207, 22947, 17312, 55441)
(17209, 23373, 17382, 55631)
(17063, 22888, 17158, 55348)
(17338, 25197, 17442, 55734)
(17112, 23460, 17213, 55428)
(17154, 23498, 17268, 55419)
(17350, 23828, 17461, 55404)
(17204, 23594, 17296, 55691)
(17150, 23719, 17260, 55434)
(17198, 23136, 17291, 55685)
(17180, 22723, 17272, 55445)
(17147, 24973, 17240, 55671)
(17274, 23072, 17376, 55532)
(17106, 26050, 17199, 55451)
(17135, 23233, 17236, 55676)
(17144, 22468, 17237, 55473)
(17158, 23373, 17254, 55436)
(17108, 22858, 17202, 55564)
(17128, 23294, 17222, 55556)
(17181, 22477, 17286, 55401)
(17558, 23629, 17678, 55103)
(17104, 23276, 17197, 55549)
(17310, 22114, 17416, 55735)
(17144, 23322, 17245, 55449)
(17137, 24509, 17230, 55683)
(17170, 23305, 17262, 55652)
(17142, 22819, 17235, 55450)
(17161, 23038, 17290, 55406)
(17142, 23521, 17237, 55445)
(17075, 22216, 17167, 55181)
(17065, 21414, 17166, 55183)
(17084, 22458, 17175, 55361)
(17118, 23639, 17214, 55559)
(17101, 22592, 17197, 55459)
(17142, 21880, 17234, 55324)
(17136, 23154, 17227, 55608)
(17200, 21917, 17308, 55502)
(17194, 23111, 17292, 55583)
(17210, 23649, 17314, 55392)
(20806, 27480, 20910, 67667)
(20769, 28366, 20885, 67565)
(17130, 21987, 17236, 55397)
(17126, 21397, 17217, 55405)
(17138, 22706, 17233, 55403)
(17156, 22779, 17248, 55588)
(17153, 21545, 17244, 55613)
(17128, 25220, 17236, 55498)
(17110, 21696, 17206, 55263)
(17127, 26330, 17229, 55410)
(17287, 22449, 17396, 55724)
(17177, 22422, 17272, 55661)
(17141, 22918, 17241, 55696)
(17210, 27992, 17316, 55247)
(17089, 21847, 17184, 55452)
(20880, 27872, 21009, 67632)
(20777, 26463, 20886, 67632)
(17189, 22218, 17347, 55764)
(17085, 21798, 17178, 55400)
(17109, 21520, 17202, 55541)
(17268, 23015, 17476, 55466)
(17162, 22387, 17255, 55526)
(17134, 25173, 17234, 55528)
(17426, 22421, 17529, 55625)
(17134, 22950, 17228, 55532)
(17073, 21690, 17173, 55426)
(17123, 22933, 17217, 55242)
(17183, 22746, 17279, 55569)
(17224, 21502, 17321, 55414)
(17162, 22355, 17253, 55562)
(17342, 24308, 17449, 55495)
(17154, 22483, 17246, 55656)
(17084, 21759, 17186, 55487)
(17271, 26043, 17382, 55591)
(17161, 26511, 17266, 55633)
(17098, 23725, 17187, 55552)
(20748, 27579, 20852, 67789)
(17274, 23097, 17377, 55229)
(17278, 22844, 17408, 55548)
(17146, 22461, 17237, 55784)
(17194, 25414, 17295, 55652)
(17346, 21918, 17457, 55708)
(17121, 22503, 17211, 55535)
(17213, 22718, 17316, 55666)
(17167, 22894, 17271, 55561)
(17085, 26797, 17180, 55390)
(17352, 26067, 17617, 55367)
(17279, 22402, 17378, 55453)
(17169, 21434, 17274, 55402)
(17147, 21955, 17237, 55472)
(17131, 23309, 17226, 55473)
(17073, 22403, 17164, 55502)
(17139, 21416, 17230, 55624)
(17097, 22179, 17188, 55377)
(17175, 23569, 17274, 55656)
(17132, 23283, 17227, 55647)
(17057, 21836, 17160, 55196)
(17584, 26222, 17701, 55453)
(17198, 25656, 17299, 55594)
(17354, 25076, 17467, 55612)
(17070, 21825, 17165, 55296)
(17102, 21431, 17195, 55517)
(17182, 22207, 17284, 55761)
(17075, 23409, 17173, 55307)
(17144, 23371, 17241, 55568)
(17180, 21941, 17281, 55678)
(17189, 21847, 17280, 55764)
(17143, 23110, 17234, 55537)
(17154, 21976, 17249, 55391)
(17366, 26632, 17470, 55683)
(17158, 22177, 17251, 55451)
(17137, 21924, 17228, 55584)
(17115, 22425, 17218, 55453)
(17148, 26278, 17250, 55437)
(17006, 22136, 17099, 54955)
(17079, 22058, 17171, 55404)
(17194, 23000, 17286, 55803)
(17341, 22894, 17447, 55269)
(17388, 23788, 17495, 55639)
(17092, 24082, 17186, 55354)
(17148, 24005, 17244, 55496)
(17098, 22160, 17201, 55285)
(17107, 23139, 17205, 55002)
(17116, 24046, 17207, 55357)
(17314, 24762, 17430, 55617)
(17211, 22208, 17316, 55578)
(17143, 22833, 17246, 55394)
(17095, 26555, 17187, 55281)
(17085, 23122, 17179, 55303)
(17125, 21892, 17216, 55477)
(17093, 22042, 17196, 55471)
(17100, 22595, 17198, 55549)
(17174, 22599, 17265, 55574)
(17156, 22156, 17248, 55786)
(17146, 25380, 17239, 55544)
(17173, 22802, 17269, 55913)
(17120, 23699, 17229, 55257)
(17333, 23105, 17440, 55444)
(17138, 22775, 17238, 55444)
(17145, 26151, 17237, 55453)
(17162, 23526, 17269, 55518)
(17122, 22472, 17217, 55257)
(17149, 23030, 17244, 55710)
(17106, 22483, 17197, 55582)
(21427, 29349, 21572, 67127)
(17160, 22621, 17259, 55461)
(20689, 27026, 20794, 67467)
(17153, 22957, 17245, 55723)
(17048, 24830, 17141, 55125)
(17154, 23411, 17256, 55333)
(17421, 22536, 17532, 55592)
(17069, 22780, 17165, 55276)
(17099, 23514, 17197, 55198)
(17106, 23040, 17210, 55347)
(17191, 22618, 17293, 55483)
(17081, 22745, 17176, 55289)
(17208, 25762, 17338, 55607)
(17107, 23153, 17200, 55442)
(17066, 23145, 17169, 55373)
(17062, 22424, 17152, 55109)
(17197, 22659, 17295, 55965)
(17168, 24133, 17271, 55274)
(17208, 23451, 17302, 55525)
(17175, 22673, 17279, 55804)
(17130, 22946, 17231, 55492)
(17145, 22989, 17236, 55858)
(17254, 22985, 17354, 55577)
(21226, 28654, 21368, 67013)
(17078, 22285, 17169, 55421)
(17077, 22568, 17178, 55188)
(17238, 23180, 17339, 55706)
(17161, 23911, 17261, 55557)
(17102, 24057, 17201, 55259)
(17233, 22919, 17332, 55398)
(17293, 23607, 17396, 55539)
(17276, 24175, 17383, 55571)
(17106, 23505, 17207, 55500)
(17151, 23758, 17252, 55446)
(17075, 23376, 17166, 55354)
(17086, 22792, 17179, 55166)
(17172, 24583, 17275, 55291)
(17153, 23962, 17245, 55509)
(17136, 23609, 17229, 55437)
(17141, 22934, 17250, 55270)
(17200, 24043, 17292, 55537)
(17145, 23288, 17248, 55595)
(20574, 27057, 20682, 67187)
(17124, 23541, 17226, 55701)
(17079, 23444, 17174, 55163)
(17137, 24176, 17231, 55489)
(17197, 22981, 17291, 55640)
(17227, 22893, 17333, 55783)
(17202, 22847, 17295, 55476)
(17069, 22726, 17161, 55402)
(17166, 23027, 17258, 55739)
(20738, 28273, 20853, 67633)
(17141, 22354, 17238, 55782)
(17041, 23058, 17136, 55241)
(17255, 24526, 17355, 55332)
(17124, 23448, 17228, 55634)
(17126, 22566, 17219, 55415)
(17334, 22560, 17441, 55681)
(17158, 23436, 17263, 55715)
(17186, 22224, 17282, 55708)
(17111, 24291, 17202, 55289)
(17261, 23216, 17360, 55460)
(17111, 23530, 17211, 55298)
(17148, 22428, 17245, 55647)
(17117, 22401, 17219, 55438)
(21239, 31445, 21380, 67187)
(17142, 23866, 17240, 55556)
(17316, 22654, 17412, 55635)
(17230, 23795, 17333, 55523)
(17065, 22290, 17158, 55130)
(17137, 22753, 17233, 55598)
(17120, 22318, 17219, 55409)
(17040, 22209, 17133, 55244)
(17221, 22494, 17315, 55745)
(17066, 22694, 17158, 55369)
(17138, 22532, 17262, 55429)
(17131, 21980, 17249, 55653)
(17367, 22515, 17473, 56092)
(17162, 22373, 17255, 55632)
(17184, 22789, 17294, 55662)
(20746, 26967, 20850, 67434)
(17300, 22908, 17424, 55407)
(17167, 22514, 17268, 55753)
(17269, 22998, 17368, 55599)
(17201, 22588, 17325, 55823)
(17340, 22973, 17455, 55497)
(17111, 22404, 17204, 55369)
(17184, 23056, 17276, 55600)
(17321, 23463, 17422, 55655)
(17110, 22759, 17204, 55457)
(17086, 22210, 17196, 55446)
(17069, 22231, 17163, 55158)
(17140, 22767, 17233, 55331)
(17101, 22480, 17201, 55755)
(17125, 22165, 17219, 55488)
(17161, 23295, 17252, 55673)
(17174, 22530, 17265, 55733)
(17185, 23361, 17276, 55576)
(17126, 23507, 17227, 55731)
(17080, 22434, 17171, 55389)
(17440, 23531, 17548, 55417)
(17130, 25391, 17231, 55457)
(17154, 25522, 17247, 55408)
(17157, 22900, 17247, 55610)
(17224, 26063, 17318, 55938)
(17164, 26415, 17260, 55727)
(17144, 22999, 17239, 55530)
(17144, 25059, 17235, 55742)
(17171, 23571, 17262, 55811)
(17169, 25356, 17265, 55845)
(17114, 22642, 17204, 55462)
(17352, 23081, 17453, 55658)
(17128, 23006, 17220, 55737)
(17156, 23652, 17259, 55365)
(17099, 25608, 17201, 55549)
(17127, 22791, 17222, 55219)
(17119, 23273, 17213, 55588)
(17162, 25946, 17263, 55815)
(17391, 26196, 17505, 55319)
(20830, 27092, 20936, 67798)
(17138, 22943, 17241, 55507)
(17125, 25689, 17220, 55502)
(17129, 22406, 17222, 55649)
(17082, 22350, 17182, 55588)
(17178, 22793, 17270, 55557)
(17178, 22719, 17279, 55302)
(17077, 22350, 17169, 55371)
(17091, 22756, 17181, 55300)
(17191, 22519, 17285, 55911)
(17262, 23909, 17434, 55354)
(17142, 22831, 17233, 55678)
(17074, 22613, 17166, 55436)
(17092, 22763, 17183, 55536)
(17167, 23115, 17282, 55685)
(17197, 22751, 17296, 55692)
(17124, 23270, 17223, 55652)
(17155, 22869, 17253, 55603)
(17086, 23547, 17178, 55587)
(17140, 22964, 17239, 55602)
(17156, 22049, 17248, 55709)
(17159, 22560, 17254, 55616)
(17218, 22850, 17315, 55420)
(17105, 25644, 17206, 55366)
(17106, 23190, 17201, 55857)
(17010, 34677, 17102, 55211)
(17373, 23399, 17526, 55787)
(17161, 24165, 17253, 55615)
(17087, 25440, 17183, 55505)
(17356, 23513, 17500, 55243)
(17089, 23210, 17182, 55615)
(17081, 23471, 17176, 55408)
(17104, 26070, 17198, 55748)
(17144, 22253, 17250, 55442)
(17122, 22293, 17215, 55668)
(17135, 22425, 17229, 55530)
(17059, 23000, 17151, 55332)
(17209, 22463, 17310, 55628)
(17081, 22013, 17175, 55386)
(17191, 23212, 17313, 55566)
(17157, 23894, 17248, 55535)
(17141, 25414, 17238, 55668)
(17099, 22078, 17193, 55500)
(17120, 22174, 17223, 55382)
(17276, 26283, 17373, 55637)
(17199, 25784, 17308, 55448)
(17110, 22231, 17201, 55640)
(17149, 22647, 17240, 55667)
(17122, 22819, 17228, 55570)
(17310, 22578, 17413, 55359)
(17116, 23610, 17210, 55209)
(17205, 25673, 17298, 56014)
(17091, 22811, 17185, 55568)
(17169, 22187, 17259, 55433)
(17076, 22196, 17171, 55415)
(17225, 22209, 17324, 55844)
(20617, 28139, 20732, 67346)
(17051, 22576, 17140, 55539)
(17138, 21922, 17229, 55487)
(17133, 22110, 17224, 55680)
(17351, 22633, 17474, 55495)
(17344, 24056, 17453, 55877)
(17107, 25440, 17209, 55715)
(17094, 22705, 17186, 55408)
(17192, 22886, 17292, 55568)
(17054, 23290, 17148, 55395)
(17114, 23397, 17207, 55558)
(17208, 22484, 17305, 55675)
(17072, 22277, 17162, 55281)
(17148, 22382, 17239, 55600)
(17174, 22351, 17266, 55594)
(21041, 28725, 21172, 67469)
(17191, 22368, 17283, 55832)
(17078, 22994, 17174, 55577)
(17103, 22336, 17203, 55227)
(17028, 22510, 17117, 55326)
(17199, 22246, 17290, 55670)
(17226, 22615, 17319, 55849)
(17090, 25240, 17186, 55602)
(17130, 22373, 17232, 55545)
(17421, 23197, 17525, 55706)
(17091, 22500, 17182, 55335)
(17028, 23220, 17123, 55398)
(24818, 31596, 24945, 80997)
(17368, 22798, 17474, 55397)
(17103, 22549, 17193, 55373)
(17168, 25999, 17261, 55639)
(17263, 22170, 17366, 55563)
(17081, 22642, 17172, 55212)
(17141, 22320, 17233, 55709)
(17160, 22429, 17253, 55502)
(17664, 23218, 17761, 55276)
(17081, 21964, 17175, 55329)
(17185, 22970, 17286, 55748)
(17146, 25639, 17238, 55582)
(17133, 22298, 17226, 55594)
(17088, 22042, 17190, 55372)
(17109, 22748, 17226, 55553)
(17131, 23288, 17226, 55462)
(20860, 27722, 20966, 67910)
(17386, 22743, 17492, 55717)
(17088, 22691, 17183, 55588)
(17110, 22669, 17203, 55376)
(17133, 23249, 17224, 55650)
(17296, 22912, 17400, 55478)
(17164, 22365, 17268, 55616)
(17097, 25574, 17202, 55442)
(17105, 23066, 17195, 55713)
(20825, 27353, 20942, 67596)
(17236, 21812, 17336, 55710)
(17362, 24086, 17460, 55865)
(17111, 22288, 17205, 55474)
(17115, 22272, 17210, 55620)
(17170, 22099, 17265, 55764)
(17115, 22699, 17207, 55510)
(17081, 21890, 17182, 55192)
(17219, 23438, 17314, 55701)
(17093, 22173, 17185, 55174)
(17136, 22131, 17229, 55621)
(17125, 22328, 17228, 55355)
(17101, 22638, 17196, 55305)
(17058, 21978, 17147, 55584)
(17062, 21963, 17156, 55336)
(17253, 22724, 17345, 55689)
(17105, 22589, 17208, 55354)
(17123, 22428, 17223, 55365)
(17180, 22919, 17272, 55770)
(17154, 23541, 17262, 55538)
(17081, 22542, 17217, 54927)
(17180, 22201, 17278, 55365)
(17081, 25236, 17172, 55255)
(17156, 22710, 17248, 55423)
(17193, 22473, 17289, 55283)
(17052, 22244, 17152, 55552)
(17152, 22398, 17249, 55650)
(17152, 22221, 17252, 55267)
(17179, 22489, 17283, 55670)
(17130, 21946, 17230, 55708)
(17076, 22029, 17176, 55240)
(17078, 22374, 17170, 55448)
(17593, 22996, 17709, 55452)
(17172, 22331, 17270, 55360)
(17148, 22666, 17244, 55517)
(17140, 22049, 17235, 55276)
(17215, 23151, 17315, 55818)
(17128, 22381, 17218, 55394)
(17125, 22290, 17215, 55464)
(17135, 22592, 17226, 55448)
(17433, 22903, 17550, 55681)
(20660, 26780, 20766, 67473)
(17113, 22115, 17207, 55730)
(17134, 22828, 17235, 55624)
(17104, 22318, 17200, 55410)
(17069, 22078, 17160, 55310)
(17197, 22100, 17300, 55414)
(17251, 23835, 17351, 55507)
(17091, 23194, 17189, 55553)
(17124, 22205, 17214, 55743)
(17089, 22742, 17181, 55329)
(17050, 22157, 17144, 55427)
(17190, 22657, 17282, 55774)
(17240, 23518, 17335, 55719)
(17089, 22584, 17182, 55511)
(17165, 22123, 17266, 55013)
(17130, 22980, 17223, 55561)
(17118, 21995, 17208, 55486)
(17069, 21947, 17158, 55423)
(17088, 22080, 17178, 55504)
(20770, 27558, 20878, 67704)
(17172, 22306, 17263, 55770)
(17080, 22900, 17172, 55118)
(17176, 22519, 17277, 55813)
(17103, 22256, 17207, 55582)
(21012, 28034, 21142, 67209)
(17187, 25340, 17290, 55622)
(17120, 23458, 17225, 55418)
(17404, 23283, 17513, 55680)
(17110, 22774, 17200, 55344)
(18685, 26872, 18791, 55687)
(20813, 26797, 20920, 67937)
(17056, 25378, 17157, 55506)
(17178, 22182, 17279, 55578)
(17161, 22066, 17263, 55643)
(17138, 22315, 17238, 55315)
(17311, 22657, 17412, 55767)
(17102, 22183, 17193, 55481)
(17105, 22652, 17196, 55759)
(17177, 22278, 17274, 55713)
(17206, 22181, 17297, 55738)
(17153, 23312, 17249, 55370)
(17119, 22781, 17211, 55730)
(17061, 21850, 17151, 55168)
(17163, 23114, 17256, 55753)
(17204, 22342, 17297, 55644)
(17139, 22552, 17232, 55544)
(17133, 22126, 17233, 55683)
(17193, 22642, 17285, 55442)
(17166, 23014, 17265, 55692)
(17173, 22633, 17265, 55632)
(17238, 23472, 17336, 55489)
(17239, 22021, 17344, 55428)
(17176, 22723, 17268, 55694)
(17183, 22829, 17284, 55547)
(17177, 22705, 17268, 55647)
(17179, 25505, 17279, 55405)
(17092, 22581, 17185, 55395)
(17313, 23399, 17448, 55589)
(17114, 22224, 17219, 55550)
(17141, 22026, 17232, 55466)
(17354, 26183, 17473, 55402)
(17147, 22364, 17238, 55387)
(17121, 22127, 17214, 55178)
(17151, 22470, 17243, 55459)
(17114, 25462, 17205, 55605)
(17262, 22518, 17364, 55809)
(17110, 22150, 17201, 55416)
(17033, 22267, 17124, 55225)
(17122, 22205, 17214, 55544)
(17078, 22635, 17172, 55294)
(17102, 22154, 17193, 55456)
(17259, 23906, 17364, 55621)
(17113, 22762, 17209, 55780)
(17097, 22010, 17188, 55428)
(17124, 22614, 17227, 55474)
(17183, 22852, 17303, 55890)
(17114, 22561, 17207, 55553)
(17083, 22076, 17178, 55369)
(17458, 22881, 17578, 55571)
(17198, 25936, 17302, 55494)
(17165, 22202, 17256, 55625)
(17195, 22180, 17305, 55594)
(17105, 22542, 17209, 55519)
(17128, 22335, 17220, 55714)
(17126, 21922, 17219, 55556)
(17191, 22146, 17281, 55775)
(17134, 23093, 17224, 55611)
(17096, 25927, 17192, 55605)
(17136, 22223, 17243, 55495)
(17219, 23146, 17319, 55476)
(17265, 22710, 17368, 55863)
(17200, 21797, 17306, 55562)
(17265, 22213, 17376, 55867)
(17070, 22189, 17163, 55217)
(17259, 22634, 17405, 55833)
(17141, 22661, 17256, 55483)
(17173, 22308, 17264, 55845)
(17320, 22705, 17449, 55502)
(17097, 22690, 17188, 55523)
(17103, 21561, 17194, 55616)
(20737, 30547, 20842, 67293)
(17142, 22615, 17232, 55727)
(17006, 21838, 17099, 55517)
(17083, 23016, 17173, 55281)
(17323, 22960, 17424, 55767)
(17110, 22733, 17203, 55699)
(17263, 22940, 17355, 55858)
(17140, 22750, 17231, 55579)
(17151, 21977, 17246, 55799)
(17125, 22167, 17228, 55670)
(17226, 22236, 17324, 55624)
(17087, 22944, 17181, 55312)
(21026, 27383, 21155, 67672)
(17139, 22494, 17230, 55646)
(17172, 22168, 17265, 55712)
(17123, 22644, 17219, 55337)
(17191, 22240, 17284, 55621)
(17296, 23633, 17395, 55417)
(20735, 27059, 20852, 67681)
(17108, 22776, 17199, 55478)
(17191, 22574, 17282, 55828)
(21008, 27317, 21130, 67565)
(17125, 21672, 17223, 55676)
(17145, 23059, 17250, 55277)
(17382, 22207, 17488, 55699)
(17151, 22054, 17244, 55774)
(17107, 22255, 17201, 55520)
(17085, 22309, 17175, 55347)
(17122, 23212, 17224, 55385)
(17133, 22144, 17225, 55438)
(17305, 22441, 17398, 56021)
(17147, 22373, 17242, 55830)
(17034, 22681, 17125, 55305)
(17139, 22596, 17234, 55510)
(17149, 22275, 17243, 55771)
(17098, 22207, 17189, 55689)
(17237, 22642, 17333, 55998)
(17211, 22677, 17304, 55972)
(17055, 22381, 17160, 55278)
(17128, 22465, 17219, 55598)
(21042, 27077, 21171, 67413)
(17090, 22084, 17180, 55349)
(17119, 22594, 17213, 55237)
(17364, 22358, 17464, 55524)
(17376, 22552, 17479, 55512)
(17140, 22468, 17232, 55676)
(17111, 23282, 17204, 55518)
(17130, 22150, 17230, 55524)
(17173, 22848, 17272, 55493)
(17126, 22575, 17222, 55453)
(17175, 22511, 17279, 55723)
(17112, 21896, 17203, 55411)
(17158, 23596, 17250, 55502)
(17093, 22195, 17191, 55064)
(17065, 25053, 17157, 55611)
(17314, 22867, 17427, 55368)
(17587, 22878, 17726, 55342)
(17182, 22402, 17276, 55715)
(17168, 22537, 17258, 55804)
(17097, 21985, 17201, 55594)
(17036, 22758, 17140, 55010)
(17102, 22461, 17193, 55268)
(17146, 21967, 17237, 55630)
(17079, 21901, 17171, 55469)
(17187, 25184, 17295, 55484)
(17145, 22137, 17236, 55792)
(17281, 22411, 17382, 55675)
(17142, 22876, 17235, 55707)
(17130, 22062, 17219, 55527)
(17085, 22568, 17177, 55519)
(17289, 25162, 17408, 55620)
(17198, 22197, 17297, 55187)
(17201, 22145, 17303, 55666)
(17143, 22548, 17239, 55540)
(17234, 22714, 17346, 55439)
(17230, 22499, 17323, 55668)
(17164, 22620, 17280, 55493)
(17037, 23116, 17132, 55192)
(17157, 22346, 17249, 55478)
(17272, 25755, 17384, 55507)
(17160, 22194, 17252, 55736)
(17111, 22756, 17206, 55376)
(17164, 22250, 17256, 55458)
(17063, 22622, 17154, 55237)
(20694, 26888, 20805, 67211)
(17114, 21815, 17211, 55451)
(17123, 22280, 17215, 55527)
(17121, 22267, 17212, 55609)
(17310, 23507, 17415, 55102)
(17183, 23885, 17292, 55416)
(17099, 23339, 17195, 55582)
(20989, 27029, 21122, 67195)
(17131, 22229, 17222, 55811)
(17116, 23360, 17207, 55550)
(17121, 22788, 17213, 55391)
(17081, 21891, 17176, 55453)
(17146, 22565, 17235, 55690)
(17224, 23763, 17334, 55612)
(17388, 22543, 17528, 55407)
(17153, 22443, 17249, 55807)
(17199, 22236, 17306, 55423)
(17151, 22335, 17243, 55546)
(17153, 26447, 17250, 55443)
(17167, 22993, 17345, 55570)
(17108, 22232, 17200, 55398)
(17185, 22252, 17284, 55640)
(17128, 27589, 17223, 55318)
(17138, 25551, 17235, 55797)
(17096, 22331, 17187, 55389)
(17256, 26230, 17354, 55609)
(17113, 22356, 17208, 55589)
(17119, 22024, 17217, 55457)
(17512, 23853, 17630, 55143)
(17148, 25591, 17252, 55487)
(17128, 22199, 17224, 55708)
(17110, 22211, 17202, 55529)
(17133, 25311, 17225, 55587)
(17095, 25346, 17191, 55521)
(17083, 25696, 17174, 55339)
(17066, 25504, 17167, 55397)
(17099, 24882, 17202, 55468)
(17155, 22173, 17247, 55424)
(17131, 26042, 17224, 55271)
(17083, 22882, 17174, 55350)
(17271, 25561, 17374, 55549)
(17174, 22364, 17270, 55638)
(17348, 25806, 17453, 55876)
(17059, 22621, 17155, 55109)
(17096, 22695, 17190, 55169)
(17154, 22102, 17245, 55515)
(17177, 24766, 17283, 55277)
(17244, 26440, 17355, 55815)
(17224, 23327, 17332, 55556)
(17220, 26600, 17320, 55491)
(17109, 22269, 17203, 55619)
(17134, 22504, 17229, 55528)
(17112, 22186, 17207, 55648)
(17071, 25249, 17171, 55345)
(17106, 22139, 17197, 55272)
(17085, 22099, 17187, 55389)
(17073, 22004, 17164, 55310)
(17255, 22457, 17357, 55498)
(17103, 22094, 17195, 55706)
(17136, 22588, 17228, 55575)
(17144, 22383, 17245, 55512)
(17296, 22583, 17402, 55915)
(17124, 21999, 17214, 55624)
(17178, 21990, 17275, 55521)
(17165, 22189, 17258, 55621)
(17082, 22288, 17174, 55453)
(17079, 22741, 17171, 55572)
(17193, 22273, 17287, 55725)
(17175, 22240, 17267, 55580)
(17152, 22056, 17243, 55715)
(17079, 22013, 17172, 55241)
(17261, 22311, 17369, 55594)
(17097, 23619, 17193, 55393)
(17208, 22859, 17308, 55739)
(17156, 22122, 17250, 55621)
(20933, 27107, 21072, 67247)
(17260, 22683, 17352, 55751)
(17209, 22761, 17311, 55522)
(17131, 25538, 17228, 55580)
(17149, 24068, 17242, 55522)
(17182, 22863, 17284, 55698)
(17112, 23216, 17204, 55400)
(17214, 22476, 17305, 55766)
(17150, 23326, 17240, 55678)
(17136, 25883, 17247, 55558)
(17128, 22618, 17221, 55497)
(17134, 22087, 17226, 55536)
(17172, 22031, 17266, 55487)
(17196, 22462, 17287, 55589)
(17204, 22236, 17300, 55757)
(17131, 22043, 17221, 55550)
(17235, 22124, 17326, 55442)
(17075, 22246, 17165, 55565)
(17097, 22499, 17192, 55634)
(17133, 22130, 17225, 55590)
(17139, 22073, 17240, 55435)
(17166, 22288, 17267, 55729)
(17115, 22390, 17213, 55371)
(17143, 23300, 17238, 55398)
(17064, 21874, 17162, 55462)
(17138, 21900, 17228, 55517)
(17231, 23102, 17324, 55685)
(17118, 22183, 17210, 55642)
(17263, 22599, 17360, 55712)
(17184, 22428, 17276, 55633)
(17123, 22384, 17215, 55656)
(17088, 22244, 17182, 55435)
(17149, 23143, 17247, 55503)
(17129, 22230, 17224, 55740)
(17197, 23199, 17298, 55716)
(17149, 23000, 17246, 55482)
(17254, 22984, 17356, 55359)
(17199, 22169, 17291, 55820)
(17082, 22203, 17174, 55352)
(17249, 25998, 17352, 55458)
(17124, 21942, 17216, 55361)
(17122, 22436, 17226, 55417)
(17289, 24084, 17391, 55197)
(17126, 22475, 17234, 55524)
(17178, 21936, 17274, 55708)
(17078, 22370, 17180, 55428)
(17098, 22313, 17198, 55579)
(17217, 22433, 17308, 55651)
(17191, 23600, 17288, 55673)
(17174, 21301, 17278, 55546)
(17117, 22131, 17213, 55433)
(17175, 22354, 17269, 55779)
(17073, 23653, 17165, 55442)
(17151, 25384, 17253, 55756)
(17092, 21958, 17192, 55541)
(17142, 22377, 17236, 55597)
(17113, 25107, 17209, 55522)
(17089, 24882, 17181, 55431)
(17350, 22558, 17458, 55073)
(17064, 22219, 17159, 55238)
(17148, 22159, 17249, 55539)
(17300, 22159, 17437, 55466)
(17190, 22107, 17293, 55590)
(17102, 21947, 17194, 55351)
(17111, 23255, 17203, 55614)
(17187, 22165, 17297, 55537)
(17131, 22206, 17238, 55432)
(17271, 22011, 17378, 55769)
(17375, 22805, 17477, 55580)
(17135, 21992, 17237, 55631)
(17115, 25562, 17217, 55327)
(17355, 22831, 17481, 55702)
(17269, 22730, 17369, 55640)
(17094, 21981, 17193, 55725)
(17165, 21993, 17263, 55240)
(17212, 21962, 17313, 55869)
(17169, 22571, 17261, 55536)
(17149, 23032, 17241, 55617)
(17251, 22364, 17350, 55522)
(17108, 21822, 17207, 55551)
(17130, 22430, 17221, 55802)
(17163, 22678, 17268, 55669)
(17148, 22412, 17246, 55698)
(20714, 27092, 20820, 67423)
(17164, 22589, 17255, 55530)
(17236, 22384, 17329, 55791)
(17128, 25527, 17240, 55435)
(17129, 22030, 17223, 55483)
(17135, 21915, 17233, 55904)
(17071, 22260, 17159, 55258)
(17198, 21628, 17293, 55870)
(17128, 21952, 17228, 55320)
(17447, 22772, 17557, 55802)
(17355, 22613, 17461, 55630)
(17069, 22142, 17165, 55337)
(17172, 21800, 17265, 55500)
(17149, 22123, 17244, 55401)
(17164, 22586, 17284, 55518)
(17124, 22285, 17221, 55510)
(17147, 22055, 17238, 55590)
(17174, 22238, 17280, 55842)
(17317, 21936, 17440, 55694)
(17256, 22337, 17364, 55620)
(17182, 21984, 17286, 55222)
(17204, 22421, 17318, 55737)
(17160, 22081, 17252, 55736)
(17226, 22612, 17340, 55868)
(21016, 28139, 21133, 67784)
(17190, 22488, 17281, 55748)
(17124, 22392, 17215, 55563)
(17108, 21949, 17201, 55594)
(17169, 21855, 17278, 55662)
(17136, 22919, 17227, 55862)
(17189, 22695, 17281, 55716)
(17246, 22906, 17339, 56058)
(17089, 22062, 17177, 55342)
(17188, 22222, 17278, 55745)
(17202, 22347, 17300, 55250)
(17153, 22659, 17246, 55609)
(17103, 22467, 17193, 55642)
(17151, 22296, 17243, 55785)
(17106, 22547, 17199, 55426)
(17150, 23588, 17242, 55466)
(17292, 22226, 17395, 55678)
(17090, 21895, 17179, 55435)
(17061, 22110, 17152, 55581)
(17116, 22192, 17207, 55525)
(17090, 22887, 17184, 55552)
(17184, 21725, 17279, 55558)
(17286, 22134, 17390, 55468)
(21046, 27641, 21176, 67769)
(24644, 32466, 24760, 80817)
(17159, 22250, 17254, 55553)
(17136, 22881, 17232, 55532)
(17183, 22370, 17278, 55855)
(17134, 22012, 17230, 55086)
(17092, 21930, 17187, 55571)
(17160, 22454, 17264, 55484)
(20797, 30926, 20905, 67839)
(17100, 24917, 17195, 55372)
(17372, 23631, 17475, 55651)
(17190, 22569, 17284, 55742)
(17161, 22081, 17253, 55561)
(17053, 25470, 17146, 55278)
(17107, 22039, 17199, 55404)
(17164, 22336, 17256, 55718)
(17144, 22270, 17262, 55773)
(17113, 23074, 17200, 55596)
(17149, 21854, 17240, 55715)
(17153, 22032, 17254, 55496)
(17111, 22175, 17207, 55517)
(17160, 22307, 17251, 55594)
(17161, 22092, 17255, 55641)
(17064, 21856, 17158, 55301)
(17277, 22627, 17380, 55606)
(17025, 21886, 17119, 55197)
(17165, 22270, 17256, 55281)
(17067, 22156, 17160, 55176)
(17292, 22312, 17421, 55533)
(17217, 22686, 17320, 55926)
(17153, 22432, 17246, 55644)
(17124, 22180, 17214, 55521)
(17151, 22750, 17244, 55743)
(17158, 22860, 17251, 55592)
(17144, 21786, 17237, 55369)
(21060, 26974, 21190, 67457)
(20754, 27447, 20862, 67715)
(17217, 22907, 17319, 55806)
(17064, 22304, 17167, 55448)
(17193, 22214, 17295, 55780)
(17139, 22259, 17236, 55353)
(17187, 22366, 17282, 55644)
(17075, 21710, 17165, 55345)
(17141, 22207, 17245, 55590)
(17363, 23511, 17476, 55573)
