(86456, 142875, 86894, 299876)
(86544, 101371, 86903, 289532)
(87132, 102934, 87432, 299932)
(86700, 98145, 87019, 299760)
(88812, 139319, 89141, 299807)
(86153, 105363, 86468, 299800)
(86987, 113519, 87296, 299772)
(92244, 107701, 92740, 299876)
(86285, 109406, 86655, 299966)
(88847, 101202, 89154, 299944)
(86499, 102772, 86789, 299863)
(90809, 104343, 91079, 313772)
(86731, 100781, 87058, 299779)
(86004, 98976, 86256, 299803)
(86946, 100516, 87342, 289523)
(86796, 105120, 87129, 299794)
(86619, 100622, 86960, 299792)
(86528, 97817, 86868, 299880)
(92402, 107703, 93691, 300048)
(85700, 98659, 86096, 289557)
(92757, 108819, 93143, 313882)
(85989, 99867, 86320, 299836)
(88824, 102712, 89149, 300050)
(88406, 102740, 88732, 303933)
(85546, 98626, 85872, 289522)
(93724, 111395, 96093, 299950)
(86317, 104801, 86660, 299813)
(92438, 116724, 93891, 293239)
(88567, 101860, 88856, 299957)
(87460, 101600, 87797, 299842)
(86725, 100609, 87034, 299750)
(86532, 101861, 86869, 299876)
(88544, 104400, 88922, 299972)
(90926, 103236, 91206, 313792)
(86002, 98892, 86344, 289550)
(92724, 109255, 94879, 300024)
(85912, 100113, 86480, 289508)
(86309, 138169, 86644, 299445)
(86283, 99005, 86604, 289606)
(88772, 112504, 89112, 299807)
(86337, 105072, 86651, 299876)
(92332, 106730, 93484, 299968)
(85594, 114322, 86001, 289605)
(87066, 105160, 87440, 289489)
(86188, 99552, 86468, 299932)
(88735, 104613, 89080, 300039)
(88221, 150137, 88601, 299937)
(88935, 108476, 89246, 283734)
(88477, 107526, 88909, 299945)
(86256, 105634, 86551, 298387)
(87119, 106649, 87678, 278706)
(86621, 108238, 86962, 299764)
(86348, 99800, 86662, 299956)
(88321, 114578, 88659, 299990)
(93788, 113864, 94328, 286856)
(86600, 108684, 87048, 288792)
(86414, 99463, 86697, 299773)
(86864, 99498, 87211, 300049)
(86337, 100277, 86874, 289560)
(86775, 103345, 87227, 299808)
(86165, 101529, 86548, 281544)
(89776, 105233, 90284, 299869)
(86064, 99095, 86413, 289606)
(86672, 101031, 86993, 299813)
(87230, 101736, 87544, 299937)
(86234, 106432, 86564, 299951)
(86122, 104453, 87211, 289346)
(94136, 106706, 94483, 289317)
(86603, 103004, 86937, 299767)
(87050, 101394, 87415, 299760)
(85913, 101438, 86360, 289435)
(87383, 116100, 87718, 299814)
(85856, 101035, 86280, 289607)
(87464, 99579, 87726, 299788)
(92514, 109270, 93914, 299946)
(88688, 102962, 89018, 299920)
(86064, 100591, 86524, 299761)
(87697, 103986, 88057, 299969)
(85950, 99816, 86338, 289360)
(86777, 99473, 87119, 289606)
(90097, 102984, 90414, 313593)
(86820, 99833, 87143, 299807)
(92356, 106624, 92973, 300023)
(92961, 110690, 95005, 299963)
(86667, 100953, 86981, 299770)
(87090, 100542, 87400, 299991)
(90733, 105116, 91006, 313848)
(87063, 102371, 87326, 299950)
(86946, 103020, 87263, 299823)
(89924, 103138, 90255, 313611)
(85877, 98221, 86313, 289606)
(86648, 99691, 86956, 299856)
(86895, 99835, 87190, 299776)
(92351, 105209, 93385, 299999)
(86119, 98300, 86469, 299761)
(88195, 100212, 88532, 300044)
(87024, 102391, 87347, 300048)
(86110, 96512, 86414, 299876)
(86354, 97753, 86654, 299995)
(86069, 98929, 86448, 289515)
(88737, 101113, 89046, 299955)
(88357, 105171, 88666, 300018)
(96532, 109205, 99307, 303975)
(92587, 105779, 94263, 299991)
(88692, 101503, 88960, 299800)
(86890, 100630, 87189, 299876)
(89193, 99852, 89595, 300048)
(85489, 96420, 85853, 289543)
(102223, 243548874, 122176, 289432)
(86194, 96375, 86448, 299983)
(92127, 108415, 93327, 299976)
(92706, 105496, 93981, 300048)
(86390, 98350, 86703, 299876)
(87437, 98452, 87790, 299801)
(86287, 95380, 86577, 289606)
(86220, 97571, 86545, 299850)
(88996, 101062, 89264, 299875)
(86354, 97464, 86861, 289419)
(92831, 104945, 94223, 299766)
(85960, 97672, 86256, 289607)
(86278, 96919, 86637, 299955)
(86895, 101032, 87160, 299956)
(86101, 99346, 86434, 299851)
(86203, 100501, 86498, 299876)
(90301, 103593, 90644, 289337)
(87275, 99554, 87595, 299979)
(86863, 100466, 87110, 299968)
(87627, 99750, 88004, 289606)
(96567, 108806, 97179, 317091)
(88037, 99461, 88444, 289344)
(93566, 103466, 93896, 289343)
(88240, 100009, 88548, 299872)
(97417, 112389, 98561, 313641)
(87069, 98578, 87359, 299812)
(86598, 96826, 86907, 299826)
(92491, 106198, 93988, 299933)
(86277, 97677, 86564, 300035)
(90220, 99512, 90526, 313874)
(85602, 94624, 85941, 289434)
(86428, 97489, 86711, 299875)
(89112, 99942, 89383, 303092)
(86432, 98124, 86703, 300048)
(88016, 98698, 88306, 300046)
(86071, 97491, 86369, 299760)
(86460, 95656, 86733, 299876)
(86174, 95417, 86434, 299762)
(85364, 96052, 86164, 289379)
(86542, 97031, 86832, 299758)
(85726, 98249, 86102, 289549)
(85246, 97076, 86207, 289371)
(86335, 96258, 86634, 289608)
(86089, 97406, 86358, 299962)
(86428, 95383, 86697, 299977)
(88118, 100132, 88454, 300049)
(86524, 99712, 86828, 299834)
(92332, 104739, 93221, 300031)
(87024, 96736, 87325, 299843)
(89858, 100857, 90168, 289393)
(91828, 106017, 92698, 300032)
(88630, 98542, 88909, 299824)
(86999, 96247, 87246, 299928)
(88062, 98930, 88352, 300052)
(90449, 101778, 90787, 289326)
(86362, 98021, 86662, 299937)
(85666, 95503, 85960, 289486)
(85983, 97520, 86333, 289506)
(86060, 96313, 86336, 299990)
(86022, 96507, 86326, 289505)
(86111, 96166, 86368, 299758)
(88763, 99968, 89044, 299843)
(93840, 107232, 95426, 299843)
(92966, 103101, 93291, 313811)
(86723, 95913, 87007, 299957)
(85879, 97141, 86199, 289512)
(86123, 96260, 86406, 299781)
(86221, 98629, 86499, 299804)
(90974, 101803, 91274, 313681)
(88582, 99191, 88850, 299767)
(86118, 96897, 86382, 299954)
(86509, 95830, 86817, 299857)
(87070, 98661, 87375, 299978)
(86125, 95251, 86382, 299971)
(86433, 453391, 87303, 299986)
(86649, 96163, 86997, 299839)
(88860, 101230, 89191, 299979)
(86800, 95371, 87054, 299975)
(93423, 107167, 94358, 299884)
(87405, 97865, 87650, 300033)
(88034, 100790, 88318, 300037)
(86023, 97296, 86293, 300004)
(92558, 104956, 93358, 300013)
(86469, 95889, 86786, 299771)
(88430, 100218, 88709, 300049)
(89749, 101110, 90047, 299857)
(92652, 104676, 94940, 300037)
(86749, 99996, 87053, 299880)
(86366, 95609, 86704, 299876)
(88815, 102018, 89101, 299931)
(88905, 100943, 89281, 299997)
(85476, 98594, 85759, 289589)
(86601, 97423, 86932, 299824)
(85514, 94977, 85839, 289336)
(92433, 108035, 93676, 300051)
(90152, 101387, 90519, 289434)
(87210, 98461, 87966, 303066)
(86236, 96062, 86572, 289340)
(86952, 96153, 87237, 299808)
(86600, 96408, 86873, 300044)
(85518, 95952, 85844, 289610)
(86874, 96595, 87123, 299985)
(93641, 104291, 93978, 289332)
(86848, 97560, 87084, 299991)
(86535, 96885, 86889, 289546)
(103579, 114496, 104451, 304005)
(86072, 94952, 86341, 289615)
(86622, 96128, 86908, 299791)
(87351, 96724, 87645, 299846)
(86415, 96108, 86724, 299766)
(86122, 96047, 86387, 299761)
(93902, 103172, 94209, 289406)
(86729, 96525, 87005, 299850)
(87608, 96974, 87972, 289600)
(92906, 105562, 94899, 299864)
(93195, 104640, 94765, 300051)
(85562, 96387, 85911, 289561)
(86037, 95956, 86343, 289590)
(86589, 96249, 86940, 299981)
(88863, 99566, 89121, 299807)
(93533, 106034, 94270, 299803)
(88780, 98633, 89084, 300050)
(86580, 96560, 86926, 289493)
(92306, 101722, 92706, 299970)
(89983, 99923, 90246, 313885)
(86252, 96637, 86609, 289511)
(86161, 97678, 86443, 300048)
(90178, 100072, 90492, 289425)
(88746, 97669, 89026, 300042)
(85092, 95515, 85359, 289424)
(92583, 101249, 92865, 313711)
(86197, 98443, 86486, 299772)
(86944, 96512, 87585, 289342)
(86240, 95112, 86497, 300031)
(85974, 94932, 86306, 289345)
(86351, 95202, 86872, 289434)
(92365, 105836, 94037, 299967)
(89035, 101239, 89314, 299876)
(92730, 104116, 93177, 303105)
(92697, 105036, 94666, 299935)
(92711, 103339, 94220, 299988)
(86105, 94871, 86453, 289375)
(92305, 102433, 93030, 300011)
(87181, 98362, 87458, 300019)
(85897, 94754, 86233, 289606)
(92684, 107007, 94084, 299978)
(85841, 96725, 86174, 289440)
(86703, 96878, 87712, 289360)
(86724, 99064, 86994, 300052)
(90711, 101406, 90974, 313841)
(87124, 95713, 87513, 300049)
(94225, 103313, 94646, 289351)
(86151, 96085, 86440, 299775)
(86847, 97783, 87113, 300053)
(92273, 102295, 92767, 299996)
(86785, 96317, 87053, 300052)
(90460, 101128, 90759, 313611)
(88475, 99037, 88787, 299855)
(91916, 103690, 93152, 300005)
(92320, 103186, 92616, 313890)
(86133, 96563, 86457, 289596)
(87999, 96760, 88282, 300047)
(92166, 102809, 93354, 300033)
(92738, 105829, 94506, 300023)
(87516, 97451, 87864, 299848)
(90002, 102049, 90341, 313643)
(86121, 97151, 86390, 289569)
(86120, 97139, 86455, 300009)
(92072, 103910, 92652, 299876)
(86315, 95782, 86586, 299792)
(86688, 95879, 87032, 289433)
(86841, 96930, 87102, 299946)
(86868, 96453, 87119, 300022)
(86242, 95547, 86544, 299810)
(88719, 97556, 88999, 300049)
(86270, 96481, 86526, 300001)
(85897, 97881, 86142, 299839)
(86504, 96240, 86766, 299875)
(90400, 99731, 90678, 313624)
(92587, 104490, 92937, 313884)
(87465, 97953, 87739, 299830)
(85485, 95497, 85815, 289606)
(87467, 98819, 87731, 300020)
(86809, 96498, 87085, 300055)
(86723, 95230, 87013, 299887)
(96805, 107063, 97121, 317178)
(92304, 103469, 93993, 300052)
(92594, 103234, 94752, 299986)
(107972, 118395, 108543, 317973)
(85892, 94289, 86179, 299872)
(85852, 95725, 86206, 289437)
(87540, 97716, 87799, 299952)
(93240, 104357, 94096, 299809)
(92545, 108424, 93775, 299994)
(88444, 98241, 88713, 299992)
(86585, 97514, 86880, 299818)
(87209, 101759, 87483, 296110)
(86128, 95378, 86402, 300020)
(92468, 103754, 93475, 299956)
(86313, 95562, 86575, 300043)
(92934, 104223, 94842, 300051)
(92577, 109277, 93755, 300024)
(87142, 95946, 87507, 289537)
(86234, 97221, 86600, 289533)
(88342, 98977, 88771, 299875)
(88868, 102674, 89216, 284820)
(90087, 99294, 90366, 313618)
(85918, 95702, 86261, 289606)
(86794, 95983, 87053, 300043)
(86540, 96322, 86864, 299878)
(94062, 103632, 94347, 289434)
(86619, 95607, 86942, 299774)
(93268, 117049, 94465, 300049)
(90720, 100031, 91045, 313887)
(86476, 95430, 86761, 299767)
(87281, 95952, 87569, 296222)
(86569, 96649, 86886, 299876)
(93246, 104709, 94062, 299806)
(86286, 96725, 86575, 289606)
(85176, 94346, 85494, 289422)
(86897, 97462, 87228, 299823)
(87119, 95500, 87476, 289582)
(85745, 97052, 86051, 289581)
(86761, 95988, 87068, 289589)
(92753, 105328, 94360, 299994)
(92524, 101902, 92788, 313769)
(86469, 94581, 86801, 289345)
(87852, 99090, 88125, 299874)
(86509, 95300, 86822, 299849)
(87124, 95597, 87446, 299778)
(85769, 95948, 86114, 289607)
(86022, 94856, 86264, 299860)
(93012, 104101, 93510, 317195)
(92276, 104488, 93111, 300048)
(87477, 96894, 87740, 299818)
(87804, 95601, 88076, 299817)
(88965, 100903, 89258, 299766)
(86400, 98011, 86705, 299817)
(86200, 95759, 86459, 300000)
(88762, 96897, 89066, 299876)
(86064, 95716, 86369, 299864)
(93312, 104941, 95319, 299876)
(89944, 99024, 90278, 289439)
(86473, 95430, 86756, 300048)
(85855, 95964, 86170, 289553)
(86486, 96466, 86785, 299984)
(88436, 96894, 88883, 303193)
(87050, 95632, 87357, 300041)
(89961, 98370, 90234, 313844)
(88992, 98113, 89244, 303180)
(86302, 94556, 86570, 299978)
(86951, 96459, 87240, 299773)
(92334, 101981, 92688, 300048)
(87113, 97181, 87412, 299821)
(85505, 94154, 85856, 289566)
(86193, 95580, 86481, 299802)
(88665, 98019, 88925, 303179)
(88691, 98826, 88991, 300058)
(86644, 95564, 86914, 300037)
(88767, 97440, 89057, 300050)
(87048, 95656, 87518, 289314)
(85963, 96833, 86291, 299876)
(93283, 102361, 93793, 299767)
(87504, 95720, 87764, 299885)
(88683, 96835, 88983, 279550)
(85834, 94941, 86172, 289557)
(92082, 103618, 92728, 299876)
(87134, 95928, 87504, 289606)
(85740, 93617, 86065, 289444)
(86511, 95468, 86789, 299829)
(85238, 94349, 85570, 289404)
(86151, 94576, 86443, 289607)
(85991, 94442, 86734, 289440)
(86453, 95093, 86714, 300049)
(92889, 102824, 94357, 300026)
(86742, 94583, 87048, 299887)
(87057, 95521, 87335, 299877)
(86153, 94121, 86486, 289362)
(86405, 94628, 86694, 299879)
(90397, 98909, 90682, 313681)
(87402, 109853, 87651, 300059)
(93346, 104924, 94737, 299864)
(85752, 94422, 86737, 289401)
(86173, 94014, 86451, 299875)
(88730, 96486, 89008, 300031)
(85803, 93609, 86116, 289434)
(86596, 95689, 86889, 299771)
(87091, 95539, 87388, 299852)
(87446, 97223, 87696, 299870)
(85884, 93337, 86209, 289438)
(87134, 95712, 87416, 300055)
(86785, 96567, 87034, 300056)
(86584, 94802, 86931, 299881)
(90611, 99184, 90880, 313888)
(87710, 95267, 88355, 303124)
(92766, 103102, 93081, 313894)
(93374, 103366, 93641, 299810)
(90184, 98174, 90480, 313711)
(85781, 95679, 86123, 289608)
(84985, 92763, 85272, 289366)
(92327, 105019, 93934, 300058)
(86610, 97597, 87533, 289430)
(88489, 97900, 88887, 299961)
(86995, 96449, 87273, 300013)
(87502, 95492, 87807, 299887)
(92212, 101562, 93523, 300059)
(89010, 97383, 89296, 300054)
(86829, 94464, 87115, 299883)
(86874, 95611, 87116, 300050)
(88233, 97330, 88537, 300048)
(88507, 96784, 88803, 300059)
(93685, 103500, 94608, 299833)
(86548, 94453, 87364, 289378)
(87065, 96202, 87312, 299992)
(90466, 99524, 90792, 289410)
(86040, 93424, 86308, 300048)
(85262, 93193, 85568, 289586)
(86643, 95293, 86928, 299851)
(86528, 94392, 86796, 299876)
(88324, 97639, 88615, 299879)
(93309, 103309, 94941, 299999)
(88280, 95780, 88561, 299879)
(85257, 94093, 85570, 289434)
(92211, 100036, 92525, 313865)
(86967, 94458, 87236, 296160)
(92302, 99871, 92615, 313685)
(88775, 97406, 89063, 299886)
(86424, 93624, 86694, 299887)
(86648, 94976, 86912, 299877)
(87147, 95362, 87457, 299874)
(86953, 94943, 87465, 289364)
(88122, 96056, 88406, 300052)
(86702, 94358, 86965, 300052)
(88563, 96144, 88820, 299887)
(86679, 94433, 86965, 299859)
(92532, 103472, 93675, 300059)
(102576, 112243, 103332, 304011)
(93709, 102600, 94099, 289445)
(85804, 94818, 86141, 289434)
(86438, 95253, 86740, 300059)
(85456, 93777, 85766, 289615)
(88193, 97460, 88491, 300048)
(86917, 94242, 87186, 299864)
(89855, 98065, 90190, 289419)
(97435, 109167, 98383, 313670)
(86034, 94308, 86396, 289338)
(92996, 102904, 94670, 300042)
(86481, 107446, 86826, 299876)
(86056, 96898, 86321, 300040)
(85487, 106953, 85889, 289606)
(86571, 114120, 86938, 299807)
(88739, 97869, 89014, 299876)
(86893, 119700, 87161, 299824)
(92617, 122672, 92970, 313710)
(86216, 118146, 86581, 289600)
(86312, 110712, 86589, 299836)
(93294, 111330, 94283, 299787)
(86985, 113298, 87486, 289606)
(86384, 99167, 86660, 299816)
(86138, 104678, 86419, 299811)
(92497, 105336, 93832, 300042)
(86485, 104280, 86767, 300047)
(86418, 95201, 86767, 289362)
(85882, 97301, 86185, 289584)
(91958, 104104, 93128, 300049)
(90553, 101147, 90853, 313712)
(89244, 99668, 89553, 300049)
(86543, 98663, 86872, 289603)
(86979, 100777, 87244, 300048)
(85434, 93900, 85746, 289607)
(86224, 111887, 86789, 289562)
(88929, 97977, 89292, 300049)
(86877, 100175, 87174, 299820)
(86208, 102645, 86502, 299875)
(88439, 125957, 88711, 300048)
(86521, 106151, 86820, 299813)
(85107, 110848, 85413, 289511)
(92239, 105983, 93155, 299778)
(90713, 105970, 91046, 313886)
(85997, 99365, 86374, 289388)
(88658, 159847, 89258, 299961)
(86233, 104064, 86525, 299876)
(86049, 98941, 86335, 289569)
(86450, 101081, 86732, 299867)
(86260, 100920, 86597, 299830)
(86818, 104540, 87731, 289434)
(93921, 107071, 94273, 289373)
(90068, 105373, 90405, 289347)
(85656, 102101, 86052, 289545)
(93254, 117266, 94393, 299769)
(93071, 113053, 94827, 300007)
(89578, 132768, 89894, 299848)
(86521, 111514, 86865, 289530)
(92317, 132155, 93965, 300049)
(93274, 122671, 94191, 299790)
(85629, 121641, 86781, 289359)
(85655, 96323, 86026, 289437)
(86624, 95924, 86900, 299815)
(92906, 115453, 94421, 300039)
(86871, 100357, 87157, 299830)
(90092, 104350, 90472, 289364)
(87519, 109823, 87794, 299817)
(87011, 100458, 87269, 299973)
(88161, 97395, 88488, 300045)
(87199, 98484, 87636, 299868)
(93584, 103722, 93894, 313691)
(92783, 108277, 94662, 299969)
(85608, 98346, 85980, 289549)
(91911, 105510, 93017, 300048)
(86880, 96326, 87188, 299800)
(88784, 103784, 89132, 300048)
(85774, 98444, 86115, 289537)
(92830, 102374, 93105, 313711)
(86370, 98529, 86644, 299835)
(84789, 96920, 85214, 289401)
(86852, 101034, 87145, 299763)
(88484, 99431, 88744, 299806)
(92767, 107739, 94166, 299996)
(93034, 103689, 93476, 300050)
(85350, 96201, 85717, 289435)
(92827, 105306, 93081, 317124)
(92722, 105393, 93158, 300013)
(86851, 97120, 87135, 299851)
(86083, 98582, 86353, 300020)
(87308, 97969, 87655, 300053)
(85937, 97766, 86261, 289533)
(90520, 102206, 90802, 313858)
(86676, 109002, 86959, 299804)
(88733, 100886, 89006, 299940)
(88539, 123582, 88854, 299766)
(87094, 99291, 87575, 299969)
(88495, 98998, 88778, 300048)
(87263, 98392, 87607, 289558)
(92154, 103234, 93346, 299975)
(87452, 97228, 87756, 299876)
(90576, 113394, 90891, 313886)
(96488, 110521, 97047, 313711)
(97876, 108680, 98772, 313703)
(87248, 99368, 87551, 299872)
(86572, 98110, 86856, 299763)
(93201, 105239, 93643, 300048)
(88131, 97739, 88794, 303187)
(102600, 117973, 102980, 303984)
(85625, 98894, 86051, 289563)
(89527, 102667, 89800, 303164)
(86556, 95359, 86833, 299875)
(85948, 97530, 86288, 289609)
(86033, 98161, 86363, 289592)
(86327, 97807, 86867, 289436)
(86815, 108365, 87105, 300048)
(85854, 97316, 86209, 289606)
(86453, 98687, 86761, 299827)
(85734, 97604, 86027, 289533)
(86187, 99604, 86931, 289440)
(92854, 106088, 93675, 299876)
(86274, 101026, 86628, 300016)
(86601, 96728, 86963, 299876)
(86808, 100839, 87609, 289435)
(90762, 103452, 91031, 313871)
(86819, 97718, 87162, 299837)
(86544, 99083, 87491, 289349)
(87315, 97233, 87617, 299876)
(85541, 96625, 85862, 289374)
(86239, 95234, 86589, 289369)
(85999, 108194, 86435, 289607)
(86941, 98657, 87212, 299797)
(86094, 100994, 86434, 289436)
(86352, 100051, 86667, 299808)
(91439, 105928, 92291, 317081)
(86974, 110169, 87269, 300048)
(86567, 99398, 86899, 289596)
(86207, 96911, 86451, 299758)
(94038, 106303, 95157, 299782)
(85944, 95299, 86183, 299761)
(86726, 97225, 87014, 299857)
(86738, 98966, 87011, 300056)
(85685, 99249, 85992, 289606)
(92041, 105967, 93331, 300024)
(86382, 97061, 86656, 299802)
(92411, 104495, 93467, 300043)
(86031, 108215, 86374, 289439)
(86232, 98382, 86557, 289318)
(88606, 101450, 88908, 300048)
(87132, 101275, 87444, 299758)
(92585, 106038, 93242, 299877)
(87176, 98855, 87518, 289517)
(84779, 107371, 85112, 289364)
(86718, 100025, 87639, 289435)
(89311, 101540, 89597, 299876)
(86821, 99477, 87057, 299957)
(87169, 98185, 87512, 289538)
(91197, 103612, 91475, 313631)
(86570, 97670, 86891, 299847)
(85255, 95939, 85598, 289437)
(87274, 95873, 87569, 296180)
(86253, 98947, 86580, 300048)
(88829, 102475, 89128, 300008)
(91339, 101311, 91620, 313886)
(92442, 107588, 92934, 300042)
(88420, 96867, 88688, 300025)
(85120, 93663, 85397, 289434)
(92669, 106488, 94552, 300049)
(86223, 95140, 86542, 289608)
(90456, 101802, 90770, 289395)
(85880, 97718, 86234, 289573)
(88802, 99316, 89074, 299877)
(93151, 104583, 94994, 299876)
(90353, 100942, 90626, 313628)
(86073, 97460, 86393, 299881)
(85981, 95052, 86295, 289598)
(86203, 107626, 86490, 299854)
(86471, 96157, 86813, 289537)
(92675, 108757, 93607, 300056)
(92864, 104338, 93911, 300050)
(86452, 108342, 86741, 299828)
(86525, 95103, 86825, 289609)
(88379, 100390, 88889, 300048)
(92261, 105583, 93572, 300056)
(86475, 97089, 86770, 299882)
(86192, 94732, 86471, 299878)
(86761, 95544, 87668, 289437)
(88596, 99820, 88869, 299982)
(86659, 95220, 86945, 299826)
(86561, 98640, 86853, 299829)
(86335, 98975, 86594, 300048)
(86257, 99098, 86667, 299887)
(86724, 108478, 87001, 300048)
(86881, 98475, 87176, 300020)
(86081, 94963, 86413, 289546)
(93985, 107261, 94868, 299877)
(86213, 106436, 86477, 299992)
(93645, 116249, 93935, 299859)
(86339, 95906, 86626, 299795)
(92636, 102979, 93939, 300049)
(88188, 100597, 88490, 300046)
(88678, 109970, 88947, 299852)
(88695, 97368, 88989, 300053)
(86326, 97943, 86607, 299878)
(86695, 96387, 87017, 299883)
(88802, 96742, 89077, 299875)
(88979, 97219, 89318, 303993)
(86386, 96881, 86693, 299885)
(86107, 97617, 86452, 289578)
(86535, 98902, 87134, 299799)
(87166, 97268, 87475, 289606)
(88060, 96252, 88396, 300049)
(92299, 104756, 93118, 299887)
(92788, 106555, 94659, 300049)
(86239, 96235, 86501, 300048)
(86399, 94454, 86700, 299879)
(86971, 96994, 87682, 289435)
(87422, 99154, 87725, 300048)
(86029, 97053, 86375, 289431)
(88202, 96133, 88476, 300054)
(86120, 107581, 86402, 300048)
(87545, 96029, 87840, 300048)
(85720, 93700, 86024, 289607)
(88174, 97132, 88469, 300049)
(96352, 109016, 96767, 313896)
(93695, 102890, 94019, 289320)
(88759, 98248, 89053, 300051)
(86085, 95927, 86583, 289607)
(86180, 97277, 86501, 299865)
(85141, 95691, 85446, 289371)
(93334, 104279, 95255, 299878)
(85893, 94117, 86254, 289497)
(88174, 96780, 89194, 303158)
(86568, 95895, 86833, 300058)
(86772, 95763, 87040, 300048)
(85204, 94961, 85523, 289436)
(87143, 95505, 87427, 299849)
(88477, 100870, 88758, 299992)
(88624, 97089, 88900, 300021)
(87066, 94721, 87328, 300035)
(86732, 94660, 86998, 300042)
(90484, 112160, 90780, 313708)
(88842, 100817, 89137, 300048)
(86657, 95197, 86926, 299847)
(92562, 107856, 94811, 300048)
(86465, 95461, 86771, 299848)
(86123, 95809, 86829, 289342)
(84978, 106379, 85280, 289402)
(90437, 99501, 90738, 313721)
(91970, 101387, 93092, 299957)
(86077, 94768, 86403, 289435)
(85839, 94252, 86127, 289511)
(86219, 108508, 86546, 293685)
(92424, 115069, 92704, 313895)
(88768, 97487, 89052, 300052)
(93397, 104229, 93721, 289442)
(87527, 95723, 87783, 299784)
(86843, 94783, 87142, 300055)
(92750, 101321, 93128, 303177)
(86814, 94905, 87116, 300052)
(85284, 98979, 85598, 289419)
(86128, 97502, 86407, 300048)
(90271, 103184, 90586, 313886)
(88496, 97899, 88745, 300001)
(88763, 100718, 89064, 300048)
(86625, 108716, 86937, 299819)
(92905, 103506, 93180, 300048)
(86833, 96527, 87128, 300055)
(86873, 96979, 87236, 289601)
(86779, 94794, 87017, 299944)
(86330, 94961, 86603, 300006)
(90289, 98511, 90598, 289379)
(92823, 106683, 94642, 299876)
(85592, 106691, 85926, 289434)
(86004, 96171, 86387, 289611)
(86206, 95501, 86499, 299787)
(86489, 95148, 86797, 289617)
(93827, 106875, 95312, 299826)
(87704, 109302, 88020, 299880)
(90569, 99252, 90868, 313886)
(86120, 95987, 86412, 299865)
(86846, 98850, 87129, 299881)
(88486, 96861, 88778, 300039)
(88237, 97998, 88802, 303177)
(86685, 95192, 87032, 289442)
(86992, 95753, 87279, 299803)
(90021, 99319, 90293, 313867)
(92723, 105618, 94029, 300045)
(86241, 107314, 86522, 300007)
(86423, 98151, 86686, 300041)
(85389, 94527, 86120, 289349)
(86224, 94393, 86482, 300023)
(86781, 95139, 87078, 300048)
(86719, 95313, 87028, 299847)
(88156, 97988, 88471, 303956)
(85933, 94044, 86273, 289606)
(85993, 107113, 86259, 289518)
(86010, 101711, 86338, 289574)
(86857, 96856, 87120, 300048)
(88871, 97809, 89201, 304031)
(86582, 95212, 87316, 289383)
(88453, 98087, 88765, 299876)
(86576, 95778, 86863, 300054)
(93393, 106967, 94060, 299877)
(86969, 98654, 87280, 299846)
(86255, 108935, 86606, 289388)
(89162, 99501, 89413, 303073)
(92020, 101625, 93031, 300041)
(84985, 93635, 85286, 289396)
(86058, 107161, 86354, 299852)
(88597, 97231, 88859, 300032)
(86987, 95108, 87241, 300011)
(87525, 96463, 87843, 299848)
(86176, 95865, 86460, 299810)
(91642, 102416, 91951, 313705)
(86796, 97137, 87132, 289367)
(86165, 96729, 86437, 299802)
(93712, 101626, 94006, 289434)
(86846, 94386, 87078, 300036)
(86776, 95786, 87083, 299887)
(86635, 95452, 86915, 299878)
(88463, 99915, 88715, 299864)
(88602, 98023, 88858, 299877)
(88561, 97890, 88821, 299955)
(86066, 95256, 86338, 300052)
(86213, 93856, 86456, 299989)
(86102, 93662, 86358, 300050)
(86562, 95771, 86888, 289607)
(92468, 101359, 92786, 313721)
(90452, 99341, 90776, 289341)
(85878, 94215, 86222, 289438)
(92263, 103427, 93636, 300054)
