(74017, 96800, 74483, 253891)
(73983, 86526, 74422, 253866)
(73490, 87872, 73977, 253907)
(74205, 87148, 74641, 253813)
(73316, 87533, 73799, 253800)
(73807, 87138, 74237, 253879)
(74212, 86812, 74786, 253863)
(74845, 95010, 75310, 253930)
(74270, 123221, 74762, 253869)
(73947, 115226, 74848, 253755)
(73928, 124965, 74529, 253876)
(73817, 84615, 74324, 253855)
(73929, 106511, 74594, 253859)
(73832, 85643, 74334, 253888)
(74027, 87940, 74487, 253917)
(74223, 85788, 74690, 253938)
(73612, 85589, 74057, 253839)
(74587, 87172, 75030, 253932)
(73762, 87964, 74221, 253923)
(74048, 84640, 74525, 253882)
(73593, 87492, 74090, 253912)
(73422, 85580, 73891, 253837)
(73544, 95095, 74009, 253883)
(74270, 83839, 74723, 253881)
(74264, 87076, 74728, 253906)
(73397, 85793, 73810, 253897)
(73817, 87487, 74285, 253928)
(73487, 83862, 73901, 253867)
(74018, 94817, 74442, 253956)
(74152, 84243, 74585, 253916)
(73761, 84219, 74253, 253829)
(73714, 90266, 74161, 253879)
(74029, 83811, 74473, 253929)
(74210, 86423, 74654, 253884)
(73649, 83559, 74126, 253876)
(74123, 86005, 74608, 253922)
(74030, 95298, 74498, 253923)
(74032, 85871, 74477, 253893)
(73786, 85458, 74222, 253872)
(73578, 83188, 73991, 253828)
(74182, 85377, 74616, 253895)
(73905, 83689, 74328, 253912)
(74083, 86553, 74661, 253929)
(73723, 84936, 74185, 253852)
(74167, 85162, 74601, 253832)
(73675, 86849, 74117, 253855)
(73882, 85347, 74384, 253964)
(74253, 83664, 74689, 253907)
(73833, 83760, 74260, 253855)
(73758, 83432, 74170, 253855)
(73773, 83348, 74211, 253868)
(73967, 86480, 74416, 253874)
(74685, 85353, 75162, 253877)
(74889, 87864, 75370, 253937)
(73788, 85443, 74207, 253862)
(74309, 83625, 74770, 253870)
(74043, 83122, 74531, 253915)
(74061, 94196, 74581, 253917)
(73925, 83625, 74342, 253796)
(73742, 84142, 74211, 253833)
(74449, 85826, 74893, 253893)
(74323, 87274, 74751, 253922)
(74419, 89062, 74920, 253852)
(73762, 85408, 74219, 253924)
(73921, 86433, 74376, 253869)
(73710, 86209, 74138, 253875)
(73924, 87402, 74409, 253882)
(73893, 87353, 74356, 253843)
(73856, 84898, 74347, 253915)
(74122, 85461, 74572, 253898)
(74467, 86868, 75003, 253844)
(74086, 87492, 74632, 253878)
(74200, 84290, 74630, 253887)
(73428, 83387, 73928, 253841)
(73388, 85485, 73867, 253919)
(73944, 85866, 74379, 253891)
(73710, 83995, 74171, 253840)
(73958, 85943, 74417, 253840)
(73493, 84344, 73900, 253852)
(73825, 94598, 74275, 253946)
(73991, 84439, 74424, 253886)
(73709, 86412, 74133, 253904)
(73925, 86949, 74387, 253858)
(73907, 83451, 74357, 253905)
(73911, 86229, 74355, 253922)
(74216, 94894, 74666, 253894)
(74428, 84187, 74848, 253866)
(74662, 86750, 75126, 253988)
(82496, 92030, 83006, 281913)
(73703, 87511, 74116, 253907)
(73676, 82962, 74088, 253848)
(74153, 84317, 74575, 253892)
(74427, 84362, 74903, 253881)
(74343, 83659, 74789, 253909)
(82997, 93680, 83489, 281878)
(74043, 83532, 74468, 253838)
(73840, 85068, 74248, 253882)
(74281, 85936, 74709, 253943)
(73938, 93576, 74408, 253916)
(74150, 86195, 74614, 253884)
(73869, 85100, 74294, 253904)
(81919, 94122, 82476, 281846)
(73637, 83209, 74051, 253924)
(73987, 84773, 74456, 253834)
(73730, 85310, 74185, 253953)
(74511, 84506, 74994, 253887)
(74915, 83588, 75377, 253918)
(74073, 83824, 74524, 253907)
(73560, 82467, 74000, 253865)
(74253, 86143, 74727, 253870)
(82165, 91751, 82602, 282030)
(73564, 83576, 73976, 253935)
(74015, 85706, 74435, 253918)
(74096, 84605, 74510, 253895)
(73801, 84978, 74269, 253936)
(74192, 84352, 74618, 253855)
(73629, 83915, 74033, 253993)
(73804, 83226, 74299, 253780)
(74326, 83329, 74808, 253861)
(82275, 94914, 82744, 281812)
(74149, 84322, 74591, 253781)
(73966, 84305, 74430, 253873)
(74062, 86528, 74593, 253851)
(73685, 82658, 74100, 253884)
(73725, 84750, 74169, 253863)
(74382, 83160, 74817, 253859)
(73841, 82137, 74248, 253953)
(73497, 82147, 73897, 253906)
(73389, 82762, 73820, 254002)
(73868, 84126, 74381, 253881)
(73752, 84175, 74291, 253897)
(73578, 84751, 74014, 253871)
(74478, 83453, 74898, 253908)
(73923, 82853, 74366, 253903)
(73835, 85574, 74258, 253940)
(73667, 82590, 74080, 253870)
(73775, 83841, 74230, 253966)
(74084, 84909, 74549, 253905)
(73799, 83747, 74236, 253830)
(73844, 83582, 74335, 253932)
(73741, 82519, 74206, 253837)
(73199, 82627, 73688, 253867)
(74069, 83852, 74524, 253888)
(74375, 83330, 74802, 254003)
(74155, 85105, 74611, 253924)
(73836, 82793, 74267, 253892)
(73742, 82917, 74177, 253875)
(74248, 83229, 74670, 253925)
(74551, 85584, 74998, 253906)
(73757, 82835, 74195, 253888)
(73704, 83240, 74117, 253892)
(74011, 82756, 74464, 253946)
(82192, 91550, 82703, 281837)
(73703, 82357, 74122, 253882)
(74030, 83388, 74518, 253821)
(73821, 83861, 74311, 253920)
(73720, 81630, 74128, 253899)
(73796, 82703, 74210, 253916)
(73996, 82858, 74422, 253863)
(73810, 82473, 74275, 253940)
(74103, 94058, 74545, 253917)
(73820, 83517, 74277, 254007)
(74330, 82881, 74864, 253841)
(73815, 82307, 74267, 253879)
(73735, 85124, 74266, 253954)
(73885, 86351, 74399, 253917)
(73709, 82985, 74122, 253893)
(73915, 84451, 74402, 253888)
(73801, 94052, 74242, 253926)
(73929, 94520, 74381, 253917)
(73945, 83445, 74429, 253843)
(74495, 84661, 74922, 253883)
(73570, 83794, 74008, 253931)
(73419, 82520, 73821, 253886)
(73948, 83527, 74420, 253929)
(73703, 82595, 74110, 253950)
(74600, 85299, 75046, 253934)
(74047, 84396, 74504, 253845)
(73752, 82396, 74159, 253906)
(73553, 84683, 73954, 253875)
(73468, 82330, 73874, 253841)
(74163, 84498, 74625, 253864)
(73687, 82044, 74118, 253826)
(73812, 83568, 74233, 253837)
(73527, 82962, 73928, 253849)
(74084, 83619, 74497, 253936)
(74228, 83729, 74657, 253839)
(73898, 83367, 74388, 253881)
(73641, 86475, 74067, 253889)
(73486, 83046, 73940, 253909)
(73969, 84453, 74421, 253877)
(73635, 83808, 74090, 253919)
(73955, 82032, 74396, 253829)
(73617, 82207, 74079, 253875)
(73783, 83173, 74196, 253889)
(74195, 83301, 74625, 253917)
(74540, 83094, 74963, 253882)
(74088, 88181, 74540, 253975)
(73652, 82255, 74058, 253915)
(73935, 83353, 74343, 253843)
(74232, 82771, 74672, 253829)
(74304, 83242, 74740, 253898)
(74458, 83393, 74910, 253847)
(73505, 81759, 73909, 253862)
(74482, 83266, 74909, 253854)
(73617, 83141, 74032, 253795)
(74141, 83144, 74574, 253935)
(73898, 83396, 74356, 253880)
(73974, 93467, 74438, 253915)
(74021, 82901, 74492, 253919)
(74233, 83552, 74641, 253814)
(73883, 82537, 74308, 253899)
(73877, 83013, 74298, 253821)
(73635, 94251, 74091, 253910)
(73948, 83517, 74492, 253867)
(73704, 81803, 74155, 253891)
(74174, 83130, 74621, 253786)
(73630, 85330, 74044, 253858)
(73647, 82533, 74061, 253928)
(74160, 82113, 74578, 253894)
(73927, 83066, 74380, 253853)
(73605, 81653, 74065, 253921)
(74191, 82647, 74609, 253868)
(73840, 81944, 74282, 253907)
(73696, 81640, 74138, 253890)
(74032, 83059, 74456, 253880)
(74765, 83734, 75237, 253904)
(73771, 82593, 74199, 253903)
(73371, 84354, 73918, 253925)
(73968, 82587, 74396, 253876)
(74406, 84976, 74837, 253873)
(74390, 83568, 74825, 253895)
(73935, 82783, 74397, 253927)
(73889, 84382, 74381, 253830)
(73711, 82040, 74150, 253945)
(74403, 82161, 74850, 253915)
(74098, 82126, 74515, 253874)
(73692, 82230, 74155, 253958)
(73960, 93878, 74433, 253920)
(73900, 87106, 74331, 253961)
(73468, 83118, 73954, 253890)
(73432, 92818, 73879, 253941)
(74306, 83066, 74722, 253842)
(74312, 82079, 74736, 253872)
(74029, 81495, 74463, 253891)
(73978, 81361, 74413, 253903)
(73880, 81319, 74315, 253878)
(73923, 82428, 74368, 253877)
(73848, 81594, 74318, 253878)
(73605, 81930, 74171, 253900)
(74643, 82633, 75069, 253911)
(74169, 82422, 74604, 253862)
(73863, 81371, 74366, 253831)
(73591, 80942, 73995, 253941)
(74217, 81427, 74682, 253922)
(73309, 81227, 73779, 253983)
(75384, 85920, 75829, 251278)
(73981, 82078, 74448, 253889)
(74271, 82910, 74697, 253890)
(74076, 85087, 74499, 253949)
(74017, 83204, 74459, 253898)
(73415, 82705, 73856, 253945)
(73730, 82621, 74144, 253829)
(74018, 82636, 74409, 253903)
(73793, 81518, 74282, 253933)
(73984, 81567, 74389, 254031)
(74427, 83482, 74940, 253882)
(74240, 82467, 74680, 253937)
(74373, 81956, 74824, 253881)
(73788, 81506, 74220, 253887)
(74134, 81644, 74541, 253927)
(73612, 82268, 74055, 253913)
(73739, 81586, 74159, 253857)
(73562, 81872, 73970, 253912)
(74216, 81779, 74709, 253929)
(74021, 81398, 74462, 253952)
(73801, 80990, 74261, 253903)
(73658, 81208, 74096, 253916)
(73927, 93328, 74351, 253886)
(73908, 81467, 74340, 253971)
(74207, 86174, 74615, 253902)
(74216, 82674, 74654, 253898)
(74322, 82963, 74749, 253937)
(74210, 83324, 74645, 253900)
(74313, 82845, 74757, 253936)
(74121, 81622, 74528, 253952)
(73765, 81605, 74190, 254016)
(74263, 81673, 74745, 253897)
(74090, 83336, 74559, 253867)
(73971, 81073, 74409, 253861)
(73725, 81211, 74133, 253882)
(74131, 82830, 74556, 253923)
(73806, 81268, 74270, 253910)
(73686, 92980, 74109, 253958)
(73993, 82426, 74453, 253865)
(74074, 82972, 74510, 253827)
(73917, 119758, 74314, 253835)
(74319, 82308, 74785, 253954)
(84403, 93402, 84911, 278928)
(73552, 80808, 73953, 253926)
(73780, 87597, 74272, 253915)
(74022, 82492, 74468, 253851)
(73791, 81568, 74236, 253954)
(73663, 82064, 74070, 253863)
(74808, 82548, 75248, 253948)
(74179, 81639, 74598, 253893)
(73814, 81230, 74261, 253889)
(74009, 93396, 74423, 253943)
(73698, 81388, 74143, 253890)
(74054, 83105, 74496, 253825)
(73675, 81760, 74081, 253881)
(74479, 82703, 74970, 253816)
(74274, 93858, 74729, 253885)
(73655, 92940, 74091, 253895)
(74067, 81216, 74521, 253883)
(74084, 81717, 74494, 253896)
(74011, 81494, 74496, 253846)
(82364, 90194, 82870, 281887)
(73551, 81050, 74025, 253879)
(74142, 81124, 74549, 253920)
(73377, 80810, 73816, 253900)
(73595, 93412, 74035, 253891)
(73731, 93225, 74140, 253899)
(73817, 81881, 74221, 253945)
(73442, 80842, 73838, 253864)
(73389, 81046, 73820, 253865)
(73770, 81277, 74259, 253940)
(73958, 83504, 74421, 253912)
(73873, 82078, 74326, 253901)
(74345, 82622, 74784, 253895)
(74263, 82458, 74704, 253900)
(74380, 82025, 74797, 253945)
(74066, 81948, 74500, 253875)
(74646, 82220, 75080, 253927)
(73823, 82554, 74240, 253915)
(74255, 82156, 74674, 253937)
(73830, 85060, 74246, 253907)
(73671, 80843, 74074, 253891)
(74026, 82195, 74476, 253926)
(73718, 81776, 74254, 253899)
(73898, 92778, 74332, 253867)
(74360, 80911, 74798, 253837)
(73905, 80196, 74351, 253909)
(73907, 80506, 74367, 253850)
(74131, 81592, 74562, 253883)
(73544, 80035, 73942, 253940)
(73561, 81871, 73969, 253878)
(74426, 81925, 74902, 253911)
(74767, 81440, 75200, 253879)
(74594, 81046, 75028, 253942)
(73933, 81206, 74403, 253869)
(74472, 81290, 74927, 253920)
(73704, 81957, 74112, 253870)
(74541, 81244, 75001, 253884)
(73795, 93170, 74282, 253976)
(74121, 81365, 74542, 253846)
(74112, 81326, 74583, 253833)
(73608, 80102, 74021, 253908)
(73908, 81209, 74358, 253914)
(74818, 81634, 75242, 251253)
(74014, 80687, 74448, 253902)
(73957, 80395, 74442, 253991)
(73953, 92700, 74366, 253959)
(73633, 82932, 74079, 253905)
(73641, 80693, 74046, 253841)
(73679, 80865, 74212, 253878)
(74155, 94398, 74608, 253888)
(74560, 81742, 75001, 253834)
(73758, 80033, 74201, 253857)
(73699, 80023, 74106, 253908)
(73279, 83148, 73737, 253861)
(73743, 80105, 74166, 253825)
(74989, 81748, 75425, 253925)
(84725, 92037, 85208, 278820)
(73390, 80162, 73813, 253904)
(74724, 81805, 75145, 253923)
(74060, 81684, 74499, 253829)
(73796, 81295, 74203, 253909)
(73779, 84127, 74214, 253887)
(74511, 82105, 74925, 253908)
(74297, 81754, 74705, 253956)
(82106, 99563, 82565, 281798)
(73770, 104329, 74263, 253048)
(73856, 81704, 74348, 253916)
(73748, 91469, 74200, 253885)
(73925, 82061, 74385, 253861)
(73873, 84381, 74275, 253908)
(73758, 117178, 74257, 253901)
(73995, 86524, 74506, 253897)
(73907, 82350, 74425, 253885)
(73709, 83726, 74253, 253845)
(73768, 81303, 74270, 253933)
(83753, 103462, 84365, 281746)
(73713, 83047, 74116, 253891)
(73964, 85138, 74426, 253915)
(74226, 102595, 74695, 253872)
(73660, 85880, 74131, 253830)
(73539, 82691, 73953, 254010)
(73742, 84979, 74150, 253901)
(81215, 96250, 81685, 281843)
(73549, 93326, 73972, 253903)
(74045, 93048, 74543, 253985)
(73981, 81502, 74461, 253902)
(74012, 83773, 74506, 253930)
(74084, 88916, 74573, 253927)
(73747, 133551, 74194, 253863)
(73572, 94580, 74029, 253886)
(84673, 96352, 85180, 278743)
(73375, 90515, 73878, 253916)
(73647, 90245, 74188, 253926)
(73748, 129019, 74191, 253844)
(73617, 87341, 74095, 253838)
(73958, 85380, 74438, 253945)
(73398, 91167, 73891, 253942)
(74517, 105489, 74979, 253914)
(74068, 92378, 74591, 253905)
(74430, 85474, 74882, 253929)
(73762, 83452, 74173, 253884)
(73937, 85968, 74417, 253812)
(73689, 87088, 74155, 253865)
(73846, 86081, 74274, 253906)
(73756, 85739, 74183, 253768)
(73612, 93203, 74038, 155361)
(74529, 96151, 74997, 253873)
(73624, 87677, 74099, 253834)
(74030, 94420, 74535, 253803)
(73505, 103973, 73934, 253857)
(74038, 84528, 74455, 253889)
(74434, 90411, 74862, 253901)
(74217, 87365, 74760, 253860)
(74338, 85184, 74777, 253867)
(74053, 85665, 74486, 253932)
(73585, 84939, 74051, 253849)
(74145, 85746, 74581, 253890)
(73819, 85657, 74320, 253859)
(73697, 84537, 74206, 253835)
(74542, 84713, 74975, 253846)
(73536, 84431, 73962, 253890)
(73616, 84253, 74063, 253840)
(73905, 133080, 74329, 253872)
(73711, 87206, 74140, 253886)
(74199, 87398, 74677, 253799)
(73515, 86258, 73937, 253882)
(73954, 84824, 74462, 253862)
(73589, 83967, 73994, 253843)
(73824, 87463, 74269, 253853)
(73574, 84894, 73986, 253819)
(74085, 86393, 74517, 253857)
(74114, 84483, 74549, 253878)
(73835, 84392, 74296, 253807)
(73810, 84394, 74228, 253901)
(73889, 84295, 74347, 253865)
(73887, 85739, 74320, 253865)
(73418, 84300, 73829, 253912)
(75269, 87547, 75687, 253756)
(74082, 85701, 74512, 253889)
(74304, 86844, 74802, 253826)
(74032, 84013, 74444, 253905)
(73858, 84184, 74299, 253882)
(73653, 84364, 74100, 253862)
(73544, 86720, 73973, 253882)
(73803, 84541, 74303, 253898)
(73829, 84026, 74398, 253859)
(74448, 84960, 74869, 253810)
(73800, 87208, 74238, 248296)
(73905, 84865, 74357, 253847)
(73649, 84124, 74111, 253805)
(73583, 85942, 74054, 253825)
(74846, 86788, 75363, 253885)
(73906, 83556, 74343, 253872)
(73573, 84329, 74009, 253824)
(73871, 86221, 74364, 253780)
(74022, 87524, 74482, 253826)
(73994, 84269, 74441, 253880)
(73581, 83934, 74009, 253840)
(74526, 85668, 74981, 253818)
(73393, 84927, 73859, 253800)
(74288, 86488, 74734, 253925)
(73681, 84257, 74090, 253923)
(73758, 83355, 74178, 253806)
(73645, 86798, 74069, 253869)
(82020, 94474, 82469, 281781)
(74424, 86568, 74991, 254005)
(74263, 86809, 74708, 253875)
(74039, 84516, 74462, 252335)
(74511, 85011, 74935, 253911)
(73795, 84069, 74284, 253916)
(73996, 84128, 74470, 253809)
(74699, 84861, 75148, 253816)
(73546, 85875, 73953, 253871)
(73499, 86035, 73951, 253889)
(73596, 84899, 74052, 253891)
(73786, 84304, 74253, 253881)
(73711, 84145, 74172, 253871)
(74278, 87586, 74746, 253856)
(73911, 86299, 74332, 253865)
(73949, 83863, 74413, 253878)
(73844, 84718, 74257, 253805)
(74229, 98683, 74672, 253896)
(74221, 87160, 74655, 253891)
(73971, 88453, 74400, 253810)
(73896, 87450, 74436, 253840)
(73762, 82848, 74222, 253883)
(74350, 83250, 74844, 253888)
(74045, 85721, 74513, 253908)
(73644, 83910, 74058, 253831)
(73439, 85067, 73948, 253882)
(73700, 85195, 74116, 253904)
(73672, 94353, 74081, 253850)
(74395, 83050, 74813, 253900)
(74095, 82365, 74519, 253896)
(73840, 84390, 74265, 253911)
(74187, 85715, 74651, 253870)
(73777, 83387, 74193, 253816)
(73654, 83888, 74072, 253913)
(73731, 86683, 74177, 253969)
(73896, 83866, 74286, 253902)
(74074, 84574, 74573, 253889)
(73484, 83461, 73981, 253830)
(73893, 83111, 74404, 253782)
(74382, 84125, 74832, 253813)
(73818, 82220, 74286, 253826)
(73321, 83531, 73721, 253841)
(82732, 91629, 83253, 281845)
(73683, 84011, 74141, 253868)
(73897, 83553, 74419, 253790)
(73737, 83602, 74196, 253973)
(73644, 82069, 74102, 253832)
(73710, 82873, 74181, 253925)
(74326, 91008, 74794, 253869)
(73911, 87732, 74393, 253905)
(73695, 85018, 74117, 253848)
(73734, 85367, 74182, 253810)
(73691, 84616, 74101, 253916)
(73481, 83848, 73890, 253914)
(74119, 83691, 74531, 253844)
(73306, 83378, 73787, 253889)
(74476, 83873, 74953, 253902)
(74011, 85179, 74444, 253925)
(82438, 92962, 82902, 281820)
(74215, 83514, 74681, 253861)
(73724, 82621, 74135, 253876)
(73595, 86849, 74053, 234756)
(74816, 87144, 75345, 253897)
(74205, 85480, 74705, 253909)
(73838, 84433, 74250, 253879)
(73608, 83279, 74031, 253874)
(74019, 85310, 74522, 253908)
(73752, 82923, 74175, 253937)
(73971, 82419, 74399, 253838)
(73863, 82889, 74320, 253926)
(73608, 83067, 74039, 253849)
(74659, 83440, 75111, 253916)
(74561, 84925, 75022, 253826)
(74044, 82510, 74495, 253909)
(74063, 89331, 74583, 253892)
(74497, 84319, 74921, 253892)
(74049, 86241, 74538, 253848)
(73960, 83592, 74380, 253885)
(73689, 83022, 74130, 253841)
(73484, 82699, 73885, 253796)
(73618, 84408, 74074, 253865)
(74286, 85116, 74730, 253901)
(74038, 84672, 74515, 253812)
(73858, 82553, 74298, 253861)
(74612, 84935, 75050, 253852)
(73664, 96396, 74098, 253894)
(73982, 91522, 74492, 253792)
(74070, 88952, 74531, 253858)
(73478, 83387, 73903, 253879)
(73730, 84423, 74145, 253911)
(73672, 103238, 74818, 253803)
(74058, 92410, 74789, 253857)
(74404, 94958, 74840, 253900)
(74361, 85358, 74824, 253853)
(73774, 82826, 74231, 253797)
(73989, 84642, 74444, 253903)
(74071, 84082, 74521, 253869)
(73953, 85460, 74454, 253821)
(73821, 83275, 74235, 253839)
(74243, 89565, 74821, 253909)
(73467, 94853, 73895, 253933)
(73599, 84127, 74029, 253839)
(73508, 94419, 73919, 253941)
(73832, 83888, 74304, 253728)
(73704, 81691, 74122, 253954)
(73578, 82900, 74040, 253967)
(73885, 84667, 74400, 253792)
(74411, 84525, 74908, 253873)
(73763, 82872, 74196, 253942)
(74329, 83069, 74745, 253902)
(73852, 82499, 74268, 253993)
(74543, 84838, 74970, 253873)
(73639, 89440, 74057, 253829)
(74034, 85705, 74614, 253856)
(73588, 84042, 74013, 253867)
(73759, 82396, 74196, 253919)
(73889, 93987, 74303, 253911)
(73602, 94522, 74045, 253972)
(73695, 94100, 74108, 253800)
(74526, 85974, 74956, 253949)
(74292, 89289, 74762, 253879)
(73898, 94300, 74310, 253895)
(73573, 84410, 74037, 253904)
(82466, 92385, 82983, 281899)
(73618, 82451, 74047, 253828)
(73910, 82964, 74358, 253856)
(73984, 82484, 74399, 253920)
(73822, 83328, 74241, 253891)
(73577, 83332, 74035, 253865)
(74074, 82282, 74499, 253844)
(74143, 84701, 74614, 253847)
(73844, 84189, 74302, 253844)
(73992, 84042, 74446, 253833)
(73612, 81715, 74050, 253867)
(73642, 82415, 74103, 253850)
(73943, 84206, 74398, 253811)
(74646, 85661, 75081, 253870)
(73271, 81739, 73704, 253935)
(73667, 84766, 74075, 253905)
(74777, 83047, 75209, 253914)
(73799, 84958, 74268, 253809)
(73340, 83628, 73771, 253906)
(74532, 85826, 74996, 253860)
(73782, 83230, 74216, 253873)
(74111, 85104, 74549, 253885)
(73546, 94643, 74033, 253917)
(74381, 84658, 74814, 253859)
(74305, 96799, 74808, 253943)
(73890, 84610, 74352, 253850)
(73708, 83980, 74112, 253854)
(74442, 83429, 74873, 253837)
(73355, 82397, 73794, 253891)
(74280, 84630, 74918, 253861)
(73675, 82359, 74144, 253878)
(73730, 82466, 74242, 253919)
(73613, 82464, 74023, 253874)
(73918, 84030, 74393, 253833)
(73609, 94903, 74027, 253926)
(73836, 82247, 74235, 253905)
(73813, 83250, 74240, 253813)
(74144, 82886, 74629, 253874)
(73903, 83360, 74367, 253897)
(74252, 84621, 74681, 253923)
(73547, 82468, 73983, 253888)
(74345, 85362, 74783, 253916)
(74251, 83847, 74691, 253872)
(73387, 81467, 73833, 253877)
(73711, 84587, 74122, 253874)
(73517, 84608, 73941, 253845)
(74515, 84318, 74932, 253885)
(73677, 82180, 74161, 253838)
(75054, 83879, 75500, 251171)
(74294, 83374, 74725, 253887)
(73778, 85815, 74229, 253884)
(74278, 83995, 74700, 253906)
(73345, 83217, 73778, 253912)
(73572, 82222, 73988, 253934)
(73517, 84423, 73959, 253889)
(73750, 84046, 74174, 253907)
(73790, 83762, 74281, 253898)
(74260, 83314, 74692, 253891)
(73754, 83138, 74173, 253845)
(74192, 82602, 74634, 253986)
(73357, 82047, 73805, 253899)
(73638, 83895, 74051, 253834)
(73362, 83947, 73812, 253860)
(73921, 83431, 74440, 253878)
(73993, 83847, 74431, 253871)
(74266, 82722, 74812, 253807)
(73740, 81925, 74200, 253939)
(73382, 84073, 73867, 253907)
(73910, 84599, 74430, 253830)
(73579, 83377, 74016, 253870)
(74245, 85085, 74737, 253784)
(74156, 83255, 74603, 253910)
(73695, 82733, 74109, 253871)
(74059, 84039, 74491, 253887)
(73684, 93476, 74132, 253887)
(73872, 82245, 74381, 253840)
(74155, 94324, 74610, 253902)
(73642, 82408, 74055, 253886)
(74096, 84515, 74610, 253901)
(74494, 84224, 74950, 253941)
(74207, 82058, 74650, 253857)
(82286, 91881, 82738, 281811)
(74071, 84940, 74540, 253936)
(73766, 83371, 74205, 253900)
(73760, 83689, 74188, 253922)
(74047, 84813, 74509, 253883)
(73814, 84157, 74242, 253918)
(73640, 82728, 74097, 253859)
(73596, 83547, 74057, 253904)
(74496, 97476, 75041, 253863)
(74180, 87358, 74656, 253901)
(74227, 84015, 74665, 253856)
(74808, 83924, 75286, 253862)
(74018, 85077, 74480, 253912)
(73589, 82130, 74000, 253836)
(73475, 82510, 73883, 253902)
(74433, 84604, 74856, 253905)
(73572, 83060, 74051, 253881)
(73996, 81787, 74477, 253860)
(73784, 84113, 74306, 253847)
(73643, 81968, 74044, 253944)
(73704, 82311, 74111, 253856)
(73985, 82617, 74399, 253815)
(81355, 102414, 81842, 281876)
(73635, 81708, 74117, 253906)
(73988, 82587, 74429, 253897)
(74316, 94571, 74770, 253826)
(74270, 82777, 74706, 253857)
(73690, 82457, 74114, 253949)
(73355, 84997, 73822, 232022)
(73753, 84273, 74166, 253858)
(74111, 86317, 74629, 253817)
(73717, 83843, 74159, 253854)
(74024, 82778, 74484, 253814)
(73881, 88966, 74456, 253938)
(73534, 93894, 73999, 253990)
(74754, 84634, 75305, 253800)
(74239, 83292, 74664, 253861)
(73890, 83916, 74303, 253936)
(74582, 84021, 75096, 253822)
(73962, 83015, 74438, 253869)
(74500, 84497, 74937, 253902)
(74115, 83011, 74562, 253917)
(74582, 89824, 75092, 253870)
(73553, 82779, 74017, 253850)
(73704, 82408, 74198, 253915)
(74278, 83441, 74722, 253903)
(73985, 85084, 74512, 253931)
(73449, 83339, 73919, 253834)
(73671, 81701, 74136, 253852)
(73845, 82502, 74262, 253894)
(74894, 85155, 75355, 253954)
(73988, 82253, 74415, 253919)
(73745, 83873, 74167, 253962)
(74031, 84479, 74482, 253903)
(74147, 82386, 74563, 253925)
(73774, 84015, 74187, 253859)
(74372, 95068, 74806, 253838)
(73894, 83474, 74323, 253878)
(73750, 83374, 74212, 253909)
(73738, 84595, 74165, 253887)
(74493, 94765, 74913, 253920)
(73875, 83538, 74295, 253883)
(73899, 82758, 74315, 253878)
(73781, 82919, 74191, 253864)
(74248, 81945, 74666, 253892)
(73743, 95072, 74162, 253974)
(74340, 94652, 74789, 254013)
(74264, 82654, 74694, 253935)
(74647, 85190, 75098, 253927)
(73746, 83283, 74180, 253943)
(73818, 81653, 74318, 253839)
(74121, 84507, 74580, 253878)
(73843, 83974, 74266, 253936)
(74070, 94024, 74489, 253843)
(74376, 95160, 74910, 253888)
(74098, 82926, 74515, 253908)
(73508, 83933, 73951, 253811)
(74249, 84876, 74673, 253862)
(73579, 83062, 74012, 253894)
(81342, 90841, 81821, 281777)
(73650, 82574, 74058, 253822)
(73404, 94264, 73857, 253988)
(73887, 81047, 74307, 253879)
(73633, 88921, 74086, 253908)
(73479, 93371, 73919, 253957)
(73600, 81469, 74071, 253853)
(73828, 82937, 74304, 253905)
(73836, 82277, 74294, 253885)
(73793, 83998, 74232, 253896)
(73944, 95068, 74369, 253863)
(74411, 83855, 74829, 253877)
(73737, 82520, 74140, 253876)
(73701, 86496, 74128, 253867)
(73938, 82810, 74393, 253882)
(73551, 84425, 73974, 253809)
(74161, 82617, 74584, 253961)
(73616, 82462, 74070, 253824)
(74046, 84318, 74492, 253857)
(74085, 82257, 74526, 253908)
(73839, 84944, 74298, 253957)
(73695, 82207, 74122, 253857)
(73868, 82766, 74272, 253895)
(73591, 82057, 74001, 253847)
(73373, 83284, 73829, 253894)
(74067, 84004, 74515, 253858)
(74105, 82707, 74599, 253924)
(73489, 83097, 73953, 253845)
(73893, 84064, 74314, 253941)
(74006, 81886, 74524, 253889)
(73822, 82947, 74300, 253901)
(73744, 81705, 74212, 253983)
(73750, 83987, 74165, 253939)
(74101, 81887, 74534, 253855)
(73895, 81828, 74382, 253874)
(73623, 82370, 74053, 253925)
(73700, 81933, 74207, 253928)
(74552, 84326, 75067, 253920)
(73812, 85448, 74234, 253842)
(73670, 84987, 74115, 253892)
(73917, 88668, 74393, 253907)
(73790, 82579, 74261, 253902)
(74466, 85946, 74892, 253851)
(74132, 85701, 74579, 253818)
(73983, 83507, 74456, 253879)
(74083, 85554, 74514, 253953)
(74824, 86418, 75260, 253897)
(73640, 82645, 74054, 253942)
(73803, 82200, 74249, 253892)
(73792, 82225, 74211, 253874)
(74079, 82522, 74526, 253889)
(73798, 83684, 74210, 253866)
(73951, 81910, 74374, 253954)
(74333, 81981, 74751, 253948)
(73968, 84882, 74524, 253884)
(73798, 84465, 74269, 253897)
(73991, 82559, 74400, 253874)
(74501, 94089, 74935, 253830)
(74206, 82919, 74633, 253889)
(74615, 84643, 75064, 253902)
(73397, 81844, 73836, 253937)
(74007, 93369, 74431, 253893)
(73742, 93660, 74196, 253913)
(73603, 94042, 74023, 253908)
(73592, 82189, 73992, 253926)
(73776, 82510, 74226, 253882)
(73611, 82173, 74041, 253863)
(73824, 93458, 74254, 253942)
(73666, 81587, 74102, 253905)
(74177, 95175, 74640, 253801)
(73972, 82890, 74404, 253897)
(74612, 95805, 75110, 253928)
(73909, 82523, 74313, 253978)
(73664, 93265, 74118, 253916)
(74149, 82772, 74579, 253817)
(74114, 82555, 74518, 253913)
(74217, 82320, 74747, 253828)
(74125, 82200, 74635, 253801)
(74025, 81780, 74434, 253871)
(73776, 82526, 74231, 253853)
(73406, 135692, 73840, 253923)
(74267, 83269, 74771, 253879)
(73912, 82053, 74341, 253852)
(73543, 81340, 73940, 253871)
(74073, 93992, 74504, 253921)
(74220, 82175, 74690, 254031)
(73906, 82805, 74411, 253889)
(73630, 81805, 74069, 253849)
(73654, 81496, 74101, 253880)
(74164, 83305, 74618, 253908)
(73668, 96600, 74149, 253948)
(74342, 82231, 74736, 253867)
(73577, 82334, 74086, 253899)
(73358, 92447, 73795, 253899)
(74137, 81910, 74556, 253916)
(74019, 82017, 74456, 253890)
(73424, 92925, 73859, 253949)
(73721, 82619, 74184, 253849)
(73711, 93749, 74116, 253908)
(73802, 83320, 74249, 253911)
(74099, 82938, 74538, 253832)
(73462, 83064, 73863, 253891)
(73744, 93376, 74147, 253895)
(73407, 86101, 73858, 253784)
(73964, 81620, 74380, 253867)
(73932, 89345, 74393, 253858)
(73766, 86109, 74246, 253841)
(73827, 83236, 74233, 253857)
(73978, 84696, 74441, 253828)
(74279, 83176, 74692, 253941)
(74452, 94665, 74908, 253848)
(74735, 82630, 75164, 253863)
(74433, 83059, 74880, 253906)
(73966, 82046, 74420, 253797)
(74446, 83373, 74868, 253866)
(74039, 93660, 74450, 253945)
(73831, 81478, 74255, 253820)
(73715, 82116, 74125, 253875)
(73462, 83271, 73926, 253863)
(73866, 83452, 74340, 253837)
(73980, 82597, 74433, 253902)
(73523, 93047, 73945, 253965)
(73856, 87897, 74341, 253850)
(74477, 97494, 75190, 253866)
(73503, 82393, 73938, 253873)
(73576, 93666, 73980, 253915)
(73667, 93721, 74131, 253901)
(73917, 81866, 74325, 253853)
(73799, 84459, 74239, 253882)
(73860, 88363, 74400, 253925)
(73982, 83347, 74407, 253936)
(73854, 82181, 74285, 253861)
(74534, 81961, 74965, 253877)
(73600, 81186, 74001, 253925)
(74224, 93695, 74650, 253945)
(73528, 81440, 73975, 253986)
(73444, 92454, 73876, 253882)
(74367, 82151, 74803, 253871)
(74314, 83008, 74737, 253853)
(73652, 81404, 74059, 253838)
(74827, 82222, 75256, 253861)
(73702, 81440, 74115, 253893)
(73654, 81059, 74059, 253885)
(73692, 81129, 74107, 253886)
(73489, 82316, 73929, 253927)
(73593, 81138, 73991, 253950)
(82226, 90498, 82699, 281778)
(74226, 82440, 74639, 253916)
(74114, 82939, 74630, 253913)
(73786, 82458, 74202, 253912)
(73717, 81457, 74127, 253897)
(73672, 81224, 74076, 253915)
(73796, 81123, 74262, 253879)
(73958, 81147, 74361, 253918)
(73862, 82019, 74279, 253887)
(74657, 83919, 75120, 253871)
(73982, 93186, 74420, 253937)
(74011, 82097, 74439, 253871)
(74233, 93730, 74704, 253983)
(73830, 81956, 74256, 253878)
(73599, 93319, 74009, 253989)
(73954, 81689, 74377, 253959)
(74040, 82266, 74462, 253877)
(73592, 81134, 73998, 253848)
(73808, 81312, 74224, 253963)
(73556, 81978, 74055, 253990)
(73960, 93006, 74371, 253922)
(73927, 81603, 74411, 253884)
(73836, 99269, 74664, 253875)
(97322, 230555, 100183, 253847)
(73606, 88674, 74045, 253842)
(117070, 159122, 122513, 253928)
(73391, 94624, 73907, 253780)
(73935, 88740, 74381, 253784)
(74101, 84243, 74603, 253821)
(73840, 121885, 75064, 244970)
(123572, 245294, 130137, 253867)
(74224, 115696, 75154, 253833)
(74122, 90701, 74611, 253885)
(114951, 158914, 119998, 253914)
(74648, 97048, 75642, 253871)
(110712, 152070, 116793, 253929)
(74335, 113732, 75830, 245048)
(113825, 144877, 118702, 253941)
(132847, 170844, 140496, 253937)
(127953, 174509, 140349, 253906)
(74314, 101668, 75598, 233705)
(74522, 106099, 75813, 253828)
(109713, 149469, 113903, 253917)
(108297, 143357, 113364, 253832)
(121094, 179505, 131352, 254007)
(113898, 149153, 117668, 253929)
(97205, 127709, 101252, 253947)
(111852, 152953, 116886, 253914)
(116054, 153220, 120809, 253865)
(110013, 147770, 113741, 253949)
(74910, 101341, 76229, 253880)
(74274, 95724, 75043, 253828)
(122770, 185785, 136894, 253945)
(121377, 155555, 127060, 253972)
(118342, 149118, 123205, 253957)
(122757, 162308, 128063, 254012)
(73840, 96016, 74365, 253807)
(99019, 148146, 102190, 253855)
(73707, 88450, 74154, 253913)
(74327, 87887, 74790, 253867)
(73519, 85052, 73943, 253908)
(73693, 94150, 74109, 253875)
(73672, 93997, 74119, 253926)
(74097, 94145, 74493, 253850)
(73662, 81847, 74070, 253914)
(74024, 82202, 74471, 253900)
(73983, 82111, 74451, 253990)
(73620, 83062, 74081, 253898)
(73838, 82356, 74269, 253901)
(73324, 82021, 73746, 253872)
(74544, 82039, 75014, 253876)
(73932, 82342, 74346, 253858)
(73747, 80934, 74158, 254032)
(73974, 81386, 74365, 253935)
(74157, 82466, 74612, 253884)
(73835, 81252, 74242, 253935)
(73565, 80988, 74003, 253943)
(73800, 82071, 74215, 253881)
(73932, 81951, 74324, 253850)
(73697, 81707, 74107, 253921)
(73721, 82364, 74173, 253822)
(73671, 81133, 74126, 253927)
(74227, 82066, 74657, 253896)
(73633, 82674, 74066, 253933)
(73521, 80739, 73926, 253907)
(73547, 82496, 73951, 253946)
(74091, 82543, 74508, 253871)
(73741, 81872, 74189, 253887)
(73911, 83291, 74424, 253919)
(73767, 83385, 74195, 253951)
