(13235, 15712, 13454, 0)
(13501, 15909, 13675, 0)
(13461, 16622, 13669, 0)
(13320, 16136, 13496, 0)
(13530, 15758, 13729, 0)
(13129, 15476, 13354, 0)
(13135, 16045, 13319, 0)
(13081, 15649, 13257, 0)
(13189, 15820, 13369, 0)
(13303, 15970, 13530, 0)
(13141, 16127, 13360, 0)
(13041, 19460, 13269, 0)
(13486, 16829, 13797, 0)
(13255, 15734, 13438, 0)
(13177, 15654, 13409, 0)
(13070, 15911, 13299, 0)
(13292, 15683, 13521, 0)
(13629, 16963, 13819, 0)
(13199, 16165, 13432, 0)
(13354, 16580, 13553, 0)
(13127, 15424, 13336, 0)
(13153, 16236, 13379, 0)
(13092, 15463, 13274, 0)
(13159, 15824, 13378, 0)
(13066, 15776, 13296, 0)
(13080, 16057, 13310, 0)
(13273, 15910, 13461, 0)
(15785, 18911, 15993, 0)
(13105, 15378, 13319, 0)
(13249, 15733, 13430, 0)
(13132, 15605, 13356, 0)
(13210, 15992, 13400, 0)
(13595, 18675, 13832, 0)
(13143, 15614, 13347, 0)
(13180, 16009, 13360, 0)
(13420, 16750, 13663, 0)
(13443, 17483, 13632, 0)
(13134, 16804, 13325, 0)
(13078, 15956, 13295, 0)
(13567, 16267, 13782, 0)
(13274, 15930, 13499, 0)
(13096, 15583, 13312, 0)
(13184, 15949, 13381, 0)
(13145, 16189, 13330, 0)
(13166, 15663, 13389, 0)
(13415, 16574, 13593, 0)
(13377, 16530, 13636, 0)
(13063, 16121, 13280, 0)
(13563, 16162, 13803, 0)
(13492, 16389, 13800, 0)
(13311, 16050, 13482, 0)
(19074, 22694, 19284, 0)
(13214, 15576, 13404, 0)
(19006, 23875, 19220, 0)
(13249, 15584, 13460, 0)
(13316, 15701, 13541, 0)
(13322, 16747, 13514, 0)
(13319, 19223, 13489, 0)
(13172, 19849, 13357, 0)
(13252, 15648, 13429, 0)
(13301, 15983, 13469, 0)
(13110, 15767, 13330, 0)
(13297, 15653, 13468, 0)
(13261, 16061, 13491, 0)
(13185, 15592, 13357, 0)
(13411, 15999, 13585, 0)
(13454, 16213, 13644, 0)
(13392, 15968, 13586, 0)
(13288, 16224, 13526, 0)
(13056, 16356, 13283, 0)
(13216, 15602, 13403, 0)
(13221, 19821, 13424, 0)
(13164, 16088, 13385, 0)
(13074, 15816, 13284, 0)
(13147, 15513, 13366, 0)
(13123, 16127, 13308, 0)
(13200, 16172, 13379, 0)
(13114, 16508, 13309, 0)
(13252, 15683, 13423, 0)
(13299, 15930, 13476, 0)
(13099, 15465, 13311, 0)
(13126, 16357, 13351, 0)
(13192, 15615, 13435, 0)
(13197, 20344, 13407, 0)
(13178, 16212, 13363, 0)
(13220, 16670, 13446, 0)
(13128, 15689, 13305, 0)
(13056, 15757, 13274, 0)
(13140, 15574, 13331, 0)
(13348, 15991, 13591, 0)
(13090, 15595, 13315, 0)
(17526, 21094, 17947, 0)
(13273, 15757, 13510, 0)
(13328, 15844, 13534, 0)
(13461, 16846, 13662, 0)
(13192, 16405, 13395, 0)
(13364, 16064, 13530, 0)
(13115, 15945, 13295, 0)
(13044, 15571, 13267, 0)
(13234, 15457, 13403, 0)
(13235, 16078, 13462, 0)
(13183, 16015, 13359, 0)
(13113, 15830, 13334, 0)
(13189, 20788, 13371, 0)
(13454, 16145, 13676, 0)
(13096, 15781, 13322, 0)
(13241, 15798, 13398, 0)
(13431, 16721, 13675, 0)
(13210, 15614, 13375, 0)
(13141, 17586, 13365, 0)
(13222, 15721, 13417, 0)
(13161, 15516, 13380, 0)
(13017, 15770, 13190, 0)
(16226, 19360, 16444, 0)
(13102, 15646, 13272, 0)
(15912, 24008, 16131, 0)
(13200, 15762, 13377, 0)
(13140, 19111, 13381, 0)
(13154, 15591, 13334, 0)
(13367, 16941, 13543, 0)
(13176, 16055, 13398, 0)
(13099, 16122, 13288, 0)
(13067, 15715, 13277, 0)
(13188, 15841, 13382, 0)
(13394, 16220, 13641, 0)
(13185, 15902, 13366, 0)
(15963, 19825, 16180, 0)
(13200, 15864, 13380, 0)
(13293, 15912, 13466, 0)
(16082, 19021, 16232, 0)
(13381, 16128, 13584, 0)
(13232, 20467, 13464, 0)
(13336, 16040, 13533, 0)
(12995, 20131, 13285, 0)
(13235, 16029, 13489, 0)
(13122, 17081, 13345, 0)
(13247, 20210, 13444, 0)
(13126, 20479, 13349, 0)
(13189, 16569, 13410, 0)
(13203, 15597, 13420, 0)
(13099, 15648, 13313, 0)
(16045, 18877, 16214, 0)
(13398, 16150, 13580, 0)
(13517, 16232, 13687, 0)
(13355, 15839, 13556, 0)
(13129, 16138, 13361, 0)
(13236, 15554, 13419, 0)
(13328, 16039, 13499, 0)
(13336, 16118, 13577, 0)
(13241, 18727, 13467, 0)
(13274, 16107, 13574, 0)
(13144, 15780, 13341, 0)
(13306, 15942, 13526, 0)
(13007, 15311, 13214, 0)
(13393, 15927, 13597, 0)
(13440, 15836, 13642, 0)
(13247, 15722, 13422, 0)
(13215, 16808, 13463, 0)
(13163, 18620, 13357, 0)
(13552, 20378, 13752, 0)
(13326, 16089, 13494, 0)
(13302, 16440, 13564, 0)
(13215, 17324, 13428, 0)
(13128, 16583, 13308, 0)
(13212, 15732, 13398, 0)
(13152, 15604, 13374, 0)
(13139, 16784, 13356, 0)
(13344, 17309, 13549, 0)
(13192, 15381, 13372, 0)
(13364, 16521, 13652, 0)
(13151, 16125, 13352, 0)
(13237, 15775, 13463, 0)
(13105, 16828, 13333, 0)
(13204, 16693, 13376, 0)
(13124, 15604, 13345, 0)
(13378, 16134, 13578, 0)
(13218, 15840, 13435, 0)
(13019, 16841, 13245, 0)
(13032, 15867, 13245, 0)
(13271, 15933, 13498, 0)
(13168, 15826, 13389, 0)
(13148, 15590, 13367, 0)
(13253, 15988, 13465, 0)
(13306, 15954, 13490, 0)
(13168, 15822, 13375, 0)
(13384, 15860, 13615, 0)
(13116, 15618, 13336, 0)
(13221, 16853, 13388, 0)
(13183, 15567, 13408, 0)
(13231, 16677, 13461, 0)
(13261, 19987, 13424, 0)
(13023, 15686, 13238, 0)
(13192, 16600, 13414, 0)
(13222, 16353, 13409, 0)
(13171, 15941, 13337, 0)
(16200, 19993, 16350, 0)
(13060, 15471, 13251, 0)
(13103, 15683, 13320, 0)
(13082, 15879, 13292, 0)
(13236, 26173, 13723, 0)
(13235, 16034, 13404, 0)
(15968, 19450, 16198, 0)
(13749, 16437, 13918, 0)
(13086, 15512, 13309, 0)
(13236, 16190, 13463, 0)
(13229, 16196, 13442, 0)
(13619, 18448, 14217, 0)
(13162, 16761, 13566, 0)
(13288, 16518, 13521, 0)
(13236, 15957, 13425, 0)
(13148, 15893, 13326, 0)
(13513, 18930, 14010, 0)
(13234, 23954, 13721, 0)
(13244, 16075, 13433, 0)
(13283, 16714, 13537, 0)
(13287, 33438, 13683, 0)
(13262, 15894, 13472, 0)
(13655, 17616, 13929, 0)
(13314, 16027, 13496, 0)
(13075, 17445, 13303, 0)
(13175, 15980, 13377, 0)
(13320, 20972, 13607, 0)
(13239, 17111, 13422, 0)
(12991, 15947, 13201, 0)
(13234, 21767, 13454, 0)
(13245, 21836, 13704, 0)
(13222, 16026, 13407, 0)
(13309, 21051, 13570, 0)
(13310, 18732, 13514, 0)
(13164, 18221, 13368, 0)
(13512, 19643, 14031, 0)
(13146, 16620, 13378, 0)
(13583, 23185, 13990, 0)
(13281, 17993, 13532, 0)
(13104, 16500, 13331, 0)
(13215, 18747, 13437, 0)
(13339, 15727, 13567, 0)
(13300, 15668, 13514, 0)
(13420, 16756, 13622, 0)
(13673, 22203, 14389, 0)
(13153, 18333, 13351, 0)
(13218, 15706, 13403, 0)
(13317, 16222, 13544, 0)
(13129, 15888, 13326, 0)
(13168, 15721, 13328, 0)
(15937, 19307, 16080, 0)
(13278, 16041, 13550, 0)
(13251, 16060, 13454, 0)
(13078, 16006, 13263, 0)
(13110, 15750, 13320, 0)
(13379, 15912, 13603, 0)
(16019, 19336, 16230, 0)
(13177, 15883, 13356, 0)
(13383, 16391, 13610, 0)
(13221, 15641, 13456, 0)
(13485, 20142, 13672, 0)
(13121, 16345, 13364, 0)
(13322, 15854, 13505, 0)
(13618, 16327, 13846, 0)
(13199, 17125, 13414, 0)
(13337, 18584, 13581, 0)
(13074, 20672, 13309, 0)
(13060, 18929, 13352, 0)
(13213, 15949, 13396, 0)
(13571, 16265, 13770, 0)
(13268, 16360, 13466, 0)
(13301, 16294, 13488, 0)
(13188, 15758, 13357, 0)
(13545, 16130, 13801, 0)
(13173, 15801, 13378, 0)
(13305, 15858, 13483, 0)
(13210, 18085, 13421, 0)
(13257, 16113, 13491, 0)
(13218, 16744, 13387, 0)
(13257, 16056, 13449, 0)
(13194, 17057, 13425, 0)
(13199, 15617, 13370, 0)
(13542, 17644, 13748, 0)
(13115, 18177, 13335, 0)
(13592, 16508, 13828, 0)
(13036, 15760, 13242, 0)
(13296, 16559, 13470, 0)
(13201, 16035, 13412, 0)
(13119, 15628, 13339, 0)
(13342, 16238, 13521, 0)
(13396, 15824, 13568, 0)
(13547, 15977, 13718, 0)
(15999, 19443, 16172, 0)
(13206, 16250, 13384, 0)
(13299, 15937, 13465, 0)
(13147, 15872, 13354, 0)
(13437, 15889, 13631, 0)
(13411, 15890, 13600, 0)
(13393, 15958, 13568, 0)
(13358, 16318, 13542, 0)
(13237, 15896, 13412, 0)
(13155, 16744, 13339, 0)
(15926, 19333, 16152, 0)
(13205, 16776, 13391, 0)
(12962, 15874, 13142, 0)
(13320, 20220, 13496, 0)
(13128, 15810, 13342, 0)
(15776, 18541, 15913, 0)
(13305, 16122, 13531, 0)
(13408, 15839, 13600, 0)
(13132, 15700, 13343, 0)
(13331, 15770, 13596, 0)
(13138, 15459, 13350, 0)
(13561, 15893, 13765, 0)
(13170, 15679, 13345, 0)
(13491, 16093, 13729, 0)
(13088, 15725, 13297, 0)
(13184, 15993, 13407, 0)
(13534, 16049, 13836, 0)
(13772, 16405, 13976, 0)
(13191, 15851, 13414, 0)
(13268, 16522, 13495, 0)
(19203, 23095, 19451, 0)
(13634, 16577, 13865, 0)
(13225, 16601, 13466, 0)
(13085, 15291, 13301, 0)
(13315, 17281, 13574, 0)
(13279, 15630, 13459, 0)
(13055, 15832, 13276, 0)
(13037, 15922, 13255, 0)
(13459, 16128, 13678, 0)
(13388, 15812, 13675, 0)
(13344, 16446, 13541, 0)
(13192, 15830, 13416, 0)
(13143, 16286, 13363, 0)
(13136, 16311, 13300, 0)
(13187, 16216, 13413, 0)
(13228, 15882, 13411, 0)
(13074, 15685, 13255, 0)
(13338, 15883, 13509, 0)
(13197, 19774, 13380, 0)
(13237, 15758, 13424, 0)
(13528, 16509, 13766, 0)
(13534, 16107, 13759, 0)
(13177, 16432, 13385, 0)
(13202, 16216, 13413, 0)
(13241, 16346, 13473, 0)
(13270, 16514, 13445, 0)
(13153, 15899, 13348, 0)
(13354, 15825, 13530, 0)
(13395, 16084, 13600, 0)
(13288, 15865, 13485, 0)
(13262, 15644, 13431, 0)
(13080, 16918, 13267, 0)
(13023, 15844, 13252, 0)
(13211, 15625, 13387, 0)
(13126, 20273, 13347, 0)
(13388, 16887, 13616, 0)
(13093, 15608, 13334, 0)
(13159, 16314, 13340, 0)
(13264, 15941, 13452, 0)
(13222, 15628, 13448, 0)
(13077, 15783, 13300, 0)
(13388, 16234, 13625, 0)
(13216, 19773, 13396, 0)
(12990, 16214, 13212, 0)
(13566, 16031, 13720, 0)
(13161, 19870, 13338, 0)
(13188, 15839, 13434, 0)
(13077, 15453, 13260, 0)
(13086, 15496, 13296, 0)
(13354, 20369, 13598, 0)
(13142, 16305, 13322, 0)
(13129, 16038, 13342, 0)
(13254, 20393, 13512, 0)
(13195, 15764, 13378, 0)
(13283, 16153, 13487, 0)
(13148, 15722, 13328, 0)
(12949, 15279, 13176, 0)
(13229, 15502, 13424, 0)
(13357, 19891, 13543, 0)
(13163, 16077, 13382, 0)
(13234, 16118, 13416, 0)
(13054, 16069, 13269, 0)
(13213, 17341, 13427, 0)
(13221, 16919, 13399, 0)
(15974, 18964, 16149, 0)
(13280, 15707, 13486, 0)
(13113, 16225, 13313, 0)
(13325, 16443, 13559, 0)
(13100, 15774, 13273, 0)
(13480, 16355, 13683, 0)
(13222, 20154, 13394, 0)
(13214, 20142, 13399, 0)
(13287, 15655, 13490, 0)
(13237, 16411, 13463, 0)
(13534, 15935, 13756, 0)
(16419, 19658, 16544, 0)
(13132, 16337, 13312, 0)
(13110, 15729, 13331, 0)
(13128, 15569, 13311, 0)
(13163, 15677, 13390, 0)
(19106, 28287, 19329, 0)
(13338, 15832, 13563, 0)
(13152, 20519, 13532, 0)
(13036, 16691, 13219, 0)
(13276, 16392, 13509, 0)
(13157, 16755, 13381, 0)
(13420, 16412, 13692, 0)
(13165, 16181, 13345, 0)
(13193, 15840, 13404, 0)
(13139, 16852, 13379, 0)
(13083, 15505, 13264, 0)
(16014, 19287, 16216, 0)
(13179, 16072, 13423, 0)
(13183, 19305, 13414, 0)
(13415, 16304, 13642, 0)
(13110, 15774, 13321, 0)
(13045, 15598, 13272, 0)
(13204, 15563, 13387, 0)
(13668, 17039, 13890, 0)
(13260, 15716, 13444, 0)
(13129, 15809, 13348, 0)
(13225, 15920, 13457, 0)
(13115, 16365, 13318, 0)
(13359, 16536, 13582, 0)
(13357, 16669, 13587, 0)
(13164, 16160, 13346, 0)
(13333, 16278, 13492, 0)
(13259, 15817, 13511, 0)
(13203, 15759, 13394, 0)
(13165, 15836, 13343, 0)
(13083, 15899, 13247, 0)
(13181, 17044, 13363, 0)
(13137, 15858, 13363, 0)
(13368, 15680, 13527, 0)
(13414, 16314, 13654, 0)
(13134, 15681, 13310, 0)
(13080, 15842, 13301, 0)
(13184, 15583, 13400, 0)
(13407, 16769, 13605, 0)
(13107, 15881, 13324, 0)
(13179, 15427, 13376, 0)
(13037, 15425, 13260, 0)
(13113, 15711, 13328, 0)
(13447, 16226, 13643, 0)
(13382, 16144, 13581, 0)
(15590, 18687, 15777, 0)
(13317, 15974, 13488, 0)
(13194, 15959, 13373, 0)
(13112, 15477, 13331, 0)
(13071, 15378, 13284, 0)
(13268, 16259, 13495, 0)
(13352, 16443, 13574, 0)
(13560, 16278, 13805, 0)
(13104, 15867, 13324, 0)
(13270, 16295, 13459, 0)
(13068, 16055, 13291, 0)
(13173, 15603, 13363, 0)
(13266, 15888, 13485, 0)
(13261, 15966, 13482, 0)
(13090, 15619, 13315, 0)
(13004, 15685, 13181, 0)
(13196, 16185, 13378, 0)
(13123, 15748, 13299, 0)
(13258, 16268, 13478, 0)
(13396, 16074, 13621, 0)
(13561, 16398, 13779, 0)
(13099, 15583, 13319, 0)
(13078, 15624, 13286, 0)
(13292, 20047, 13511, 0)
(13289, 15902, 13490, 0)
(13164, 15577, 13342, 0)
(13208, 16187, 13381, 0)
(13397, 16034, 13705, 0)
(13056, 15628, 13231, 0)
(13382, 15832, 13603, 0)
(13194, 16587, 13416, 0)
(13200, 16478, 13425, 0)
(13418, 16092, 13652, 0)
(13198, 16355, 13421, 0)
(13362, 15859, 13572, 0)
(13239, 16106, 13418, 0)
(13178, 15690, 13390, 0)
(13360, 15925, 13594, 0)
(13206, 15965, 13431, 0)
(13097, 15851, 13279, 0)
(13139, 15520, 13321, 0)
(13266, 16085, 13491, 0)
(13132, 15781, 13334, 0)
(19189, 23324, 19518, 0)
(13171, 15881, 13377, 0)
(13242, 16594, 13432, 0)
(13164, 16556, 13398, 0)
(13096, 16007, 13305, 0)
(13313, 15869, 13570, 0)
(13162, 16263, 13384, 0)
(13286, 15701, 13457, 0)
(13278, 15776, 13505, 0)
(13144, 15539, 13321, 0)
(13191, 16134, 13368, 0)
(13321, 15688, 13551, 0)
(13419, 15641, 13587, 0)
(13330, 15963, 13498, 0)
(13153, 15595, 13354, 0)
(13176, 16309, 13402, 0)
(13244, 16322, 13463, 0)
(13084, 16774, 13302, 0)
(13602, 16033, 13816, 0)
(13129, 15639, 13351, 0)
(13186, 15603, 13396, 0)
(13284, 15992, 13500, 0)
(13059, 15683, 13284, 0)
(13258, 16194, 13481, 0)
(13209, 15466, 13427, 0)
(13324, 15893, 13510, 0)
(13131, 15566, 13350, 0)
(13230, 15699, 13452, 0)
(13752, 17612, 13933, 0)
(13409, 16008, 13618, 0)
(13268, 15630, 13465, 0)
(13305, 16169, 13529, 0)
(13328, 16104, 13493, 0)
(13333, 20299, 13538, 0)
(13417, 16211, 13620, 0)
(13101, 15759, 13295, 0)
(13291, 15834, 13516, 0)
(13250, 15663, 13431, 0)
(13296, 15857, 13465, 0)
(13065, 15274, 13245, 0)
(13148, 15934, 13379, 0)
(13409, 16425, 13578, 0)
(13383, 15993, 13555, 0)
(12991, 15428, 13175, 0)
(16067, 19007, 16245, 0)
(13227, 15962, 13456, 0)
(13241, 15624, 13426, 0)
(13224, 15754, 13448, 0)
(13147, 15949, 13335, 0)
(13199, 15593, 13425, 0)
(13151, 15576, 13332, 0)
(13373, 16270, 13540, 0)
(13379, 16104, 13562, 0)
(13014, 16078, 13187, 0)
(13059, 15761, 13278, 0)
(13207, 15808, 13416, 0)
(13152, 16260, 13370, 0)
(13139, 16552, 13359, 0)
(13235, 17019, 13501, 0)
(13240, 15691, 13461, 0)
(13311, 16243, 13484, 0)
(13337, 16565, 13502, 0)
(13335, 16338, 13582, 0)
(13497, 16754, 13695, 0)
(13394, 16085, 13558, 0)
(16044, 19349, 16289, 0)
(13061, 15572, 13242, 0)
(13159, 17017, 13344, 0)
(13121, 15807, 13335, 0)
(13175, 15987, 13360, 0)
(13042, 15725, 13257, 0)
(13598, 15937, 13799, 0)
(13254, 15944, 13435, 0)
(13225, 16433, 13453, 0)
(13330, 16459, 13500, 0)
(13296, 19449, 13522, 0)
(13159, 15635, 13350, 0)
(13164, 15797, 13383, 0)
(13206, 15997, 13386, 0)
(13394, 16270, 13565, 0)
(13164, 15645, 13333, 0)
(13425, 16170, 13605, 0)
(13321, 18863, 13517, 0)
(13082, 16333, 13267, 0)
(13152, 15785, 13377, 0)
(13648, 16597, 13862, 0)
(13214, 15698, 13418, 0)
(13169, 15649, 13344, 0)
(13259, 15669, 13487, 0)
(12996, 16664, 13203, 0)
(13170, 15942, 13350, 0)
(13028, 15489, 13240, 0)
(13376, 16338, 13552, 0)
(13392, 16515, 13569, 0)
(13196, 15600, 13419, 0)
(13527, 15797, 13709, 0)
(13140, 15739, 13367, 0)
(13262, 15864, 13441, 0)
(16016, 19172, 16161, 0)
(13102, 15563, 13325, 0)
(13193, 15764, 13375, 0)
(13262, 15870, 13441, 0)
(13217, 15877, 13419, 0)
(13160, 16047, 13388, 0)
(13031, 15494, 13249, 0)
(13046, 15810, 13236, 0)
(13281, 15846, 13502, 0)
(13418, 16344, 13635, 0)
(13323, 16150, 13509, 0)
(13351, 16236, 13553, 0)
(13366, 15960, 13593, 0)
(16115, 19593, 16301, 0)
(13241, 16040, 13500, 0)
(13129, 15717, 13307, 0)
(13071, 17622, 13283, 0)
(13167, 16490, 13389, 0)
(13110, 16045, 13334, 0)
(13380, 16681, 13616, 0)
(13256, 15847, 13483, 0)
(13209, 16024, 13380, 0)
(13349, 15798, 13524, 0)
(13309, 16614, 13499, 0)
(13095, 15737, 13316, 0)
(13298, 16479, 13470, 0)
(13513, 16294, 13761, 0)
(15968, 19401, 16141, 0)
(13338, 15914, 13545, 0)
(13109, 18559, 13288, 0)
(13076, 15880, 13286, 0)
(13375, 15731, 13546, 0)
(13279, 16001, 13508, 0)
(13070, 15713, 13253, 0)
(13255, 16342, 13451, 0)
(13212, 16251, 13437, 0)
(13241, 15802, 13443, 0)
(16161, 19351, 16349, 0)
(13305, 16116, 13472, 0)
(13207, 16509, 13377, 0)
(13195, 16223, 13381, 0)
(13472, 16746, 13658, 0)
(13345, 16288, 13564, 0)
(13320, 16313, 13548, 0)
(12940, 15931, 13162, 0)
(13243, 15933, 13415, 0)
(13143, 15752, 13367, 0)
(13249, 16161, 13466, 0)
(13361, 16657, 13540, 0)
(13112, 16361, 13293, 0)
(13287, 15795, 13523, 0)
(13120, 16542, 13329, 0)
(13260, 15969, 13479, 0)
(13246, 15856, 13429, 0)
(13216, 15971, 13421, 0)
(13225, 16243, 13408, 0)
(13424, 16257, 13597, 0)
(13400, 16369, 13593, 0)
(13231, 16065, 13427, 0)
(12908, 15222, 13120, 0)
(13201, 15902, 13363, 0)
(13123, 16040, 13343, 0)
(13146, 16220, 13414, 0)
(13466, 16075, 13672, 0)
(13255, 16030, 13487, 0)
(13144, 16049, 13360, 0)
(13119, 16180, 13320, 0)
(13086, 16021, 13274, 0)
(13391, 16333, 13575, 0)
(13334, 16382, 13580, 0)
(13177, 15775, 13400, 0)
(13200, 15600, 13381, 0)
(13146, 15708, 13356, 0)
(13139, 15595, 13327, 0)
(13297, 15808, 13527, 0)
(13136, 15603, 13335, 0)
(13565, 16294, 13806, 0)
(13200, 15537, 13418, 0)
(13255, 16117, 13485, 0)
(13149, 15765, 13327, 0)
(13413, 16146, 13572, 0)
(13199, 15960, 13426, 0)
(13568, 16159, 13822, 0)
(13434, 15834, 13614, 0)
(13132, 15606, 13318, 0)
(13114, 15534, 13309, 0)
(13236, 16046, 13458, 0)
(13280, 15958, 13500, 0)
(13159, 20233, 13361, 0)
(13538, 16186, 13731, 0)
(13014, 16774, 13241, 0)
(13034, 15822, 13246, 0)
(13493, 16341, 13648, 0)
(13252, 16246, 13481, 0)
(13574, 16203, 13803, 0)
(13320, 15801, 13490, 0)
(13114, 15562, 13317, 0)
(13122, 15713, 13304, 0)
(13221, 16145, 13408, 0)
(13278, 16140, 13481, 0)
(13268, 15718, 13499, 0)
(13166, 15561, 13381, 0)
(13465, 16134, 13672, 0)
(13131, 16266, 13352, 0)
(13170, 16530, 13354, 0)
(13332, 16461, 13555, 0)
(13454, 15775, 13634, 0)
(13214, 15774, 13435, 0)
(13150, 16191, 13356, 0)
(13255, 16189, 13475, 0)
(13221, 15761, 13444, 0)
(13127, 15481, 13347, 0)
(13367, 15997, 13581, 0)
(13444, 16192, 13633, 0)
(13288, 15659, 13508, 0)
(13076, 16555, 13258, 0)
(13252, 16103, 13481, 0)
(13169, 15597, 13380, 0)
(13186, 15699, 13412, 0)
(13563, 16121, 13810, 0)
(13280, 15602, 13458, 0)
(13644, 16525, 13803, 0)
(13105, 15632, 13304, 0)
(13120, 15679, 13339, 0)
(13250, 15914, 13418, 0)
(13219, 15463, 13430, 0)
(13321, 15744, 13493, 0)
(13630, 15984, 13814, 0)
(13062, 15857, 13248, 0)
(15777, 18602, 15943, 0)
(13149, 15994, 13333, 0)
(13140, 15656, 13319, 0)
(13386, 16677, 13669, 0)
(13333, 17145, 13513, 0)
(13273, 16167, 13443, 0)
(13171, 15775, 13349, 0)
(13388, 16031, 13560, 0)
(13334, 15763, 13514, 0)
(13199, 16062, 13424, 0)
(13147, 15685, 13364, 0)
(13461, 16454, 13672, 0)
(13288, 15933, 13521, 0)
(13208, 16515, 13406, 0)
(13342, 15961, 13514, 0)
(13130, 15382, 13304, 0)
(13351, 15750, 13573, 0)
(13366, 16078, 13527, 0)
(13136, 16135, 13314, 0)
(13190, 15809, 13376, 0)
(13193, 16174, 13354, 0)
(13194, 15527, 13365, 0)
(13007, 15589, 13189, 0)
(13172, 15893, 13385, 0)
(13157, 16835, 13386, 0)
(13113, 15727, 13290, 0)
(13184, 15682, 13459, 0)
(13406, 15998, 13578, 0)
(13218, 16566, 13442, 0)
(13298, 16075, 13517, 0)
(13161, 15577, 13365, 0)
(13211, 16111, 13397, 0)
(13195, 15997, 13367, 0)
(13443, 16406, 13605, 0)
(13522, 17102, 13827, 0)
(13363, 16183, 13552, 0)
(13243, 16141, 13418, 0)
(13277, 15690, 13447, 0)
(13128, 15910, 13326, 0)
(16054, 19743, 16220, 0)
(13101, 16762, 13289, 0)
(13054, 15978, 13275, 0)
(15998, 19195, 16207, 0)
(13348, 16490, 13577, 0)
(13463, 16601, 13654, 0)
(13240, 16145, 13413, 0)
(13178, 15707, 13397, 0)
(13558, 20202, 13821, 0)
(13313, 15956, 13542, 0)
(13239, 16269, 13464, 0)
(12973, 15490, 13198, 0)
(13355, 15934, 13529, 0)
(13344, 15841, 13578, 0)
(12903, 15838, 13124, 0)
(13061, 16251, 13280, 0)
(13127, 16164, 13347, 0)
(13178, 15732, 13401, 0)
(13508, 20366, 13711, 0)
(15937, 19225, 16116, 0)
(13176, 15787, 13376, 0)
(13586, 16347, 13801, 0)
(13428, 15996, 13606, 0)
(13068, 15789, 13289, 0)
(13273, 15950, 13505, 0)
(13417, 17321, 13594, 0)
(13363, 16582, 13550, 0)
(13613, 16377, 13820, 0)
(13166, 16289, 13366, 0)
(13592, 16379, 13776, 0)
(13313, 18571, 13490, 0)
(13179, 16297, 13362, 0)
(13125, 16446, 13342, 0)
(13310, 16516, 13499, 0)
(13395, 16720, 13625, 0)
(13147, 16243, 13331, 0)
(13064, 15255, 13245, 0)
(13080, 15429, 13262, 0)
(13104, 15473, 13292, 0)
(13165, 15927, 13370, 0)
(13313, 16008, 13478, 0)
(13053, 15277, 13234, 0)
(13240, 16341, 13467, 0)
(13307, 15622, 13482, 0)
(13261, 19851, 13485, 0)
(13144, 18344, 13373, 0)
(13182, 15934, 13364, 0)
(13103, 15571, 13318, 0)
(13251, 19248, 13477, 0)
(13205, 15479, 13410, 0)
(16042, 18908, 16275, 0)
(13270, 15881, 13437, 0)
(13453, 16761, 13713, 0)
(13617, 16493, 13827, 0)
(13350, 16503, 13510, 0)
(13506, 16099, 13724, 0)
(13254, 16287, 13520, 0)
(13116, 15649, 13295, 0)
(13261, 15634, 13442, 0)
(13107, 16625, 13287, 0)
(13298, 15914, 13469, 0)
(13343, 15960, 13568, 0)
(13084, 15697, 13278, 0)
(13062, 15724, 13286, 0)
(13352, 16239, 13582, 0)
(13126, 16455, 13354, 0)
(13330, 16056, 13507, 0)
(13268, 15627, 13437, 0)
(13358, 15877, 13592, 0)
(13060, 16621, 13246, 0)
(13299, 16614, 13532, 0)
(13419, 16467, 13643, 0)
(13245, 15880, 13478, 0)
(13399, 16337, 13573, 0)
(13544, 16651, 13778, 0)
(13099, 16731, 13316, 0)
(13569, 16681, 13774, 0)
(13204, 16066, 13391, 0)
(13143, 15953, 13326, 0)
(13102, 15812, 13320, 0)
(13154, 16160, 13354, 0)
(13231, 15439, 13422, 0)
(13085, 15628, 13301, 0)
(13131, 17203, 13339, 0)
(13163, 15704, 13366, 0)
(15778, 18671, 15934, 0)
(13233, 15916, 13470, 0)
(13128, 15927, 13323, 0)
(13282, 16095, 13524, 0)
(13259, 16516, 13520, 0)
(14164, 16782, 14425, 0)
(13219, 16222, 13388, 0)
(13206, 16184, 13403, 0)
(16040, 19515, 16254, 0)
(13478, 15991, 13683, 0)
(13139, 16686, 13371, 0)
(13405, 16651, 13639, 0)
(13552, 17027, 13786, 0)
(13489, 16511, 13728, 0)
(13173, 16710, 13341, 0)
(13382, 15647, 13546, 0)
(13309, 16235, 13477, 0)
(13067, 15693, 13246, 0)
(13241, 16052, 13427, 0)
(13424, 16354, 13697, 0)
(13180, 15863, 13365, 0)
(13085, 15975, 13307, 0)
(13370, 16046, 13579, 0)
(13145, 15512, 13329, 0)
(13179, 15775, 13359, 0)
(13149, 15517, 13355, 0)
(13243, 15473, 13429, 0)
(15951, 18981, 16157, 0)
(13275, 15662, 13511, 0)
(13436, 15801, 13667, 0)
(13176, 15588, 13396, 0)
(13075, 16054, 13313, 0)
(13058, 15442, 13274, 0)
(16135, 19703, 16359, 0)
(13149, 15516, 13374, 0)
(13457, 16503, 13653, 0)
(13508, 16626, 13748, 0)
(13227, 16111, 13451, 0)
(15855, 20067, 16079, 0)
(13283, 15839, 13475, 0)
(15873, 18719, 16103, 0)
(13362, 16051, 13566, 0)
(13537, 16531, 13771, 0)
(13465, 16299, 13696, 0)
(13060, 16088, 13243, 0)
(13266, 16274, 13442, 0)
(13240, 16218, 13432, 0)
(13685, 16632, 13921, 0)
(13239, 16360, 13398, 0)
(13176, 15646, 13359, 0)
(16092, 19589, 16279, 0)
(13398, 15635, 13610, 0)
(13195, 15434, 13407, 0)
(16229, 19952, 16438, 0)
(13188, 15567, 13382, 0)
(13127, 15755, 13336, 0)
(13228, 19858, 13461, 0)
(13004, 15452, 13215, 0)
(13143, 16319, 13365, 0)
(13351, 15866, 13562, 0)
(13545, 16505, 13799, 0)
(13291, 16040, 13521, 0)
(13039, 18937, 13217, 0)
(13360, 15834, 13541, 0)
(13258, 16034, 13464, 0)
(13163, 15883, 13394, 0)
(13363, 15636, 13588, 0)
(13140, 15888, 13314, 0)
(13153, 15849, 13329, 0)
(13354, 15715, 13613, 0)
(15849, 18664, 16079, 0)
(13728, 16980, 13971, 0)
(13224, 15694, 13401, 0)
(16030, 19282, 16237, 0)
(13088, 15688, 13307, 0)
(13531, 16354, 13746, 0)
(13284, 16344, 13468, 0)
(13128, 15728, 13353, 0)
(13346, 15882, 13570, 0)
(13242, 16138, 13426, 0)
(13167, 15566, 13348, 0)
(13442, 15874, 13626, 0)
(13372, 16936, 13568, 0)
(13158, 15508, 13376, 0)
(13063, 15838, 13242, 0)
(13530, 16188, 13691, 0)
(13399, 15932, 13578, 0)
(13123, 15815, 13297, 0)
(13218, 16068, 13428, 0)
(13077, 16403, 13261, 0)
(13129, 15432, 13307, 0)
(13358, 16100, 13575, 0)
(13125, 17225, 13318, 0)
(13204, 15972, 13432, 0)
(13335, 16843, 13506, 0)
(13081, 15764, 13257, 0)
(13468, 15962, 13640, 0)
(13410, 17008, 13660, 0)
(13391, 16456, 13578, 0)
(13200, 15530, 13394, 0)
(13161, 15446, 13337, 0)
(13370, 16791, 13559, 0)
(13360, 16384, 13551, 0)
(13434, 20412, 13623, 0)
(13343, 16075, 13527, 0)
(13184, 15488, 13365, 0)
(13174, 17017, 13366, 0)
(13577, 16168, 13818, 0)
(13249, 15858, 13448, 0)
(13216, 15851, 13398, 0)
(13371, 17000, 13556, 0)
(13171, 15798, 13373, 0)
(13150, 15598, 13364, 0)
(13182, 15826, 13376, 0)
(13083, 16142, 13269, 0)
(13095, 16312, 13275, 0)
(13454, 15890, 13744, 0)
(13028, 15627, 13247, 0)
(13269, 16327, 13496, 0)
(13275, 16379, 13551, 0)
(13190, 16432, 13408, 0)
(13687, 16304, 13896, 0)
(13467, 16188, 13711, 0)
(13128, 15703, 13306, 0)
(13484, 16187, 13769, 0)
(13435, 16463, 13665, 0)
(13074, 15572, 13293, 0)
(13250, 15956, 13474, 0)
(13587, 16157, 13760, 0)
(13400, 16126, 13627, 0)
(13111, 15769, 13330, 0)
(13165, 17532, 13347, 0)
(13493, 16005, 13674, 0)
(13227, 15661, 13445, 0)
(13081, 16259, 13268, 0)
(13365, 15723, 13544, 0)
(13223, 15475, 13410, 0)
(13339, 16218, 13516, 0)
(13335, 16543, 13514, 0)
(13126, 15769, 13350, 0)
(13231, 15912, 13403, 0)
(13122, 15549, 13300, 0)
(13267, 15983, 13478, 0)
(13263, 15734, 13445, 0)
(13270, 16126, 13503, 0)
(13156, 16556, 13339, 0)
(13435, 16278, 13645, 0)
(13393, 16904, 13577, 0)
(12945, 16256, 13167, 0)
(13204, 15641, 13423, 0)
(13208, 17355, 13427, 0)
(13093, 16258, 13303, 0)
(13128, 15500, 13351, 0)
(13112, 16001, 13292, 0)
(12970, 15971, 13183, 0)
(13278, 16509, 13496, 0)
(13485, 16180, 13697, 0)
(13503, 16669, 13675, 0)
(13354, 15997, 13558, 0)
(13327, 16737, 13530, 0)
(13372, 16181, 13570, 0)
(13265, 15458, 13422, 0)
(13234, 15488, 13450, 0)
(13125, 15562, 13346, 0)
