(21346, 32254, 21720, 74335)
(21374, 33593, 21636, 74400)
(21384, 27185, 21639, 74333)
(21743, 27865, 21994, 74365)
(21649, 27838, 21899, 74353)
(21281, 26529, 21527, 74404)
(21558, 31292, 21830, 74401)
(21331, 28191, 21585, 74358)
(21754, 32785, 22076, 74374)
(21413, 34486, 21672, 74394)
(21555, 33378, 21954, 74383)
(21341, 28057, 21592, 74440)
(21812, 27945, 22080, 74380)
(21348, 41483, 21627, 74374)
(21873, 34300, 22395, 74337)
(31503, 40672, 31901, 108420)
(21381, 27746, 21646, 74372)
(26103, 34981, 26390, 90593)
(21378, 31508, 21630, 74424)
(21356, 27110, 21608, 74381)
(21660, 29400, 21918, 74375)
(21388, 27961, 21644, 74360)
(21300, 28496, 21564, 74344)
(21334, 41149, 21597, 74279)
(21334, 27966, 21589, 74407)
(21372, 28050, 21624, 74413)
(21559, 50284, 21858, 74368)
(21679, 33119, 22111, 74370)
(21361, 43789, 21636, 74368)
(21333, 33683, 21603, 74382)
(21320, 27701, 21573, 74381)
(21557, 30516, 21806, 74363)
(25881, 37991, 26152, 90586)
(21281, 40818, 21540, 74381)
(21624, 29454, 21869, 74399)
(21322, 43751, 21626, 74401)
(21325, 31171, 21604, 74390)
(21536, 35232, 21796, 74367)
(21324, 34500, 21595, 74377)
(21697, 28320, 21944, 74350)
(21409, 30484, 21725, 74369)
(21554, 40812, 21821, 74372)
(21666, 36418, 21916, 74381)
(21550, 33826, 21814, 74382)
(21321, 28192, 21594, 74351)
(21356, 31818, 21621, 74384)
(21306, 35514, 21564, 74382)
(21308, 27935, 21558, 74357)
(21308, 36432, 21566, 74397)
(21299, 30810, 21556, 74395)
(21336, 31897, 21584, 74407)
(21384, 28076, 21645, 74423)
(21303, 29268, 21578, 74313)
(21322, 30090, 21585, 74381)
(21721, 29913, 22014, 74380)
(21601, 32092, 21883, 74378)
(21379, 28447, 21630, 74430)
(21315, 29331, 21571, 74375)
(21694, 29138, 21960, 74410)
(21369, 35967, 21716, 74334)
(21400, 38443, 21674, 74325)
(21574, 33713, 21820, 74317)
(21333, 30779, 21595, 74388)
(21350, 31768, 21601, 74391)
(21352, 31434, 21608, 74333)
(21333, 28306, 21587, 74372)
(21295, 30981, 21551, 74388)
(21335, 29487, 21592, 74379)
(21334, 31577, 21602, 74388)
(21555, 38811, 21867, 74414)
(31198, 37909, 31513, 108334)
(21356, 38865, 21767, 74403)
(21348, 31997, 21635, 74335)
(21319, 32963, 21701, 74371)
(21757, 77673, 22034, 74378)
(21374, 28866, 21637, 74395)
(21322, 29578, 21576, 74400)
(21320, 39638, 21580, 74371)
(21311, 29956, 21573, 74368)
(21398, 28041, 21650, 74389)
(21295, 31451, 21553, 74428)
(21333, 31705, 21608, 74416)
(21716, 33129, 21972, 74362)
(21760, 32278, 22061, 74369)
(21687, 28328, 21933, 74350)
(21430, 27870, 21698, 74428)
(21387, 29315, 21661, 74405)
(21593, 29242, 21861, 74401)
(21690, 29699, 21972, 74397)
(21343, 35507, 21600, 74314)
(21509, 35522, 21768, 74417)
(21378, 35464, 21645, 74346)
(21405, 28806, 21657, 74376)
(21457, 30331, 21709, 74396)
(21378, 39580, 21645, 74370)
(21302, 30951, 21565, 74410)
(21420, 30257, 21704, 74445)
(21476, 27360, 21739, 74372)
(21377, 27691, 21627, 74395)
(21313, 27465, 21574, 74377)
(21324, 28138, 21619, 74392)
(21327, 28564, 21577, 74429)
(21694, 31840, 21980, 74404)
(21324, 28003, 21575, 74390)
(21321, 27905, 21585, 74366)
(21325, 32027, 21587, 74396)
(21676, 36118, 22004, 74430)
(21590, 33139, 21874, 74423)
(21392, 27943, 21649, 74387)
(21331, 27642, 21583, 74398)
(21434, 28098, 21694, 74373)
(21373, 27704, 21625, 74405)
(21342, 27399, 21603, 74406)
(21562, 27874, 21819, 74403)
(21371, 28237, 21627, 74367)
(21308, 27621, 21571, 74390)
(21548, 33077, 21806, 74378)
(21295, 34690, 21554, 74385)
(21689, 31189, 21960, 74363)
(31213, 38181, 31528, 108405)
(21314, 27479, 21572, 74416)
(21405, 33392, 21706, 74397)
(21346, 28244, 21603, 74409)
(21326, 34235, 21578, 74405)
(21458, 28313, 21716, 74389)
(21419, 37947, 21739, 74379)
(21322, 27612, 21576, 74376)
(21413, 27917, 21669, 74380)
(21321, 27841, 21605, 74380)
(21810, 31575, 22080, 74407)
(21368, 34219, 21634, 74397)
(21511, 40587, 21828, 74330)
(21315, 34797, 21620, 74385)
(21408, 35338, 21673, 74390)
(21299, 27900, 21574, 74368)
(21465, 28953, 21726, 74431)
(21435, 27766, 21713, 74383)
(21291, 28376, 21543, 74355)
(21320, 32172, 21578, 74334)
(21309, 36143, 21693, 74426)
(21576, 43263, 21816, 74375)
(21311, 27695, 21565, 74425)
(21425, 27690, 21681, 74393)
(21351, 27649, 21608, 74306)
(21318, 28463, 21572, 74346)
(21458, 28077, 21716, 74400)
(21327, 28664, 21580, 74402)
(21584, 28267, 21864, 74393)
(21557, 27972, 21797, 74369)
(21323, 28934, 21575, 74391)
(21595, 28769, 21863, 74381)
(21413, 29952, 21665, 74433)
(21328, 28074, 21575, 74331)
(21689, 29383, 21938, 74324)
(21395, 39042, 21740, 74349)
(21415, 32734, 21739, 74395)
(21363, 28683, 21616, 74406)
(21776, 43227, 22054, 74428)
(21516, 33061, 21934, 74303)
(21376, 29875, 21634, 74342)
(21537, 27939, 21792, 74374)
(21302, 28190, 21558, 74366)
(21359, 32847, 21616, 74343)
(21402, 33167, 21678, 74439)
(21307, 29090, 21570, 74387)
(21753, 32667, 22081, 74387)
(21432, 41372, 21687, 74382)
(21307, 27452, 21556, 74358)
(21532, 39744, 21805, 74392)
(21305, 38679, 21563, 74406)
(21452, 27642, 21707, 74416)
(21323, 27495, 21572, 74375)
(21322, 27538, 21583, 74413)
(21320, 28075, 21574, 74377)
(21344, 30370, 21699, 74366)
(21282, 38365, 21742, 74343)
(21341, 28824, 21630, 74347)
(21750, 28533, 22032, 74343)
(21483, 36973, 21751, 74391)
(21374, 27720, 21630, 74348)
(21337, 29713, 21601, 74376)
(21678, 31867, 21979, 74367)
(21353, 34738, 21618, 74366)
(21584, 29068, 21852, 74388)
(21370, 29120, 21618, 74376)
(21694, 27826, 21973, 74407)
(21710, 28888, 21981, 74362)
(21577, 27654, 21834, 74420)
(21407, 27611, 21665, 74432)
(21286, 27219, 21536, 74370)
(21320, 29473, 21571, 74347)
(21339, 27355, 21595, 74405)
(21524, 28198, 21764, 74388)
(21376, 28976, 21658, 74381)
(25978, 39860, 26277, 90577)
(25860, 33417, 26132, 90608)
(21291, 28378, 21543, 74394)
(21663, 34165, 21943, 74281)
(21355, 27762, 21601, 74391)
(21319, 28220, 21567, 74364)
(21330, 30985, 21599, 74391)
(21308, 29179, 21563, 74393)
(21369, 39476, 21672, 74417)
(21369, 30841, 21621, 74385)
(21363, 38206, 21689, 74373)
(21363, 40940, 21614, 74370)
(21319, 29326, 21569, 74344)
(21433, 30036, 21735, 74315)
(21316, 31487, 21573, 74319)
(25952, 47712, 26292, 90637)
(25857, 37718, 26136, 90505)
(21345, 28048, 21607, 74373)
(21452, 33521, 21720, 74364)
(21374, 29748, 21626, 74386)
(21388, 28991, 21643, 74385)
(21309, 27738, 21560, 74390)
(21330, 32116, 21587, 74414)
(21340, 35466, 21945, 74418)
(21310, 34172, 21642, 74359)
(21325, 28920, 21574, 74374)
(21324, 41351, 21589, 74402)
(21491, 29540, 21753, 74364)
(21666, 32468, 21919, 74354)
(21364, 29610, 21618, 74357)
(21676, 32802, 21942, 74386)
(21323, 33384, 21606, 74401)
(21712, 33673, 21999, 74379)
(21425, 32552, 21692, 74406)
(21345, 27744, 21598, 74320)
(21295, 27590, 21546, 74377)
(26485, 41352, 26876, 90578)
(21322, 28420, 21592, 74379)
(21538, 36161, 21931, 74386)
(21549, 31645, 21910, 74341)
(21333, 31107, 21586, 74365)
(21406, 28776, 21665, 74413)
(21516, 28196, 21773, 74391)
(21309, 47759, 21562, 74430)
(21691, 27959, 21986, 74353)
(21354, 32039, 21610, 74394)
(21402, 29497, 21659, 74397)
(21323, 30148, 21579, 74375)
(21724, 28737, 21992, 74426)
(21340, 31051, 21599, 74382)
(21600, 28860, 21866, 74382)
(21382, 40064, 21638, 74416)
(21395, 28666, 21650, 74368)
(21325, 29665, 21588, 74396)
(21315, 28405, 21570, 74373)
(21394, 29208, 21648, 74387)
(21924, 28096, 22148, 74307)
(21632, 28376, 21902, 74309)
(21844, 29035, 22142, 74381)
(21324, 28787, 21649, 74379)
(21371, 27427, 21627, 74396)
(21299, 39215, 21559, 74412)
(21769, 27640, 22025, 74370)
(21315, 27565, 21568, 74402)
(21317, 27632, 21580, 74413)
(21548, 27701, 21805, 74385)
(21344, 27386, 21597, 74392)
(21323, 27464, 21574, 74378)
(21323, 27742, 21578, 74380)
(21358, 39421, 21620, 74401)
(21297, 27731, 21549, 74401)
(21531, 27878, 21790, 74389)
(21405, 28470, 21666, 74357)
(21256, 27465, 21505, 74380)
(21316, 38585, 21578, 74374)
(21451, 27805, 21720, 74255)
(21397, 27947, 21640, 74394)
(21338, 27797, 21601, 74418)
(21453, 28133, 21696, 74380)
(21371, 27918, 21618, 74378)
(21338, 27160, 21597, 74363)
(21306, 27268, 21559, 74371)
(21657, 27807, 21935, 74395)
(21351, 27445, 21601, 74402)
(21396, 27778, 21652, 74429)
(21533, 28949, 21835, 74398)
(21463, 27579, 21718, 74379)
(21342, 27316, 21603, 74394)
(21384, 27864, 21633, 74401)
(21335, 28029, 21585, 74346)
(21504, 27227, 21767, 74381)
(21314, 27868, 21568, 74384)
(21339, 27649, 21594, 74387)
(21718, 28192, 21984, 74383)
(21356, 28376, 21621, 74411)
(21613, 28990, 21885, 74389)
(21577, 27733, 21831, 74397)
(21577, 27688, 21845, 74403)
(21557, 51843, 21816, 74329)
(21310, 27584, 21557, 74341)
(21336, 27543, 21590, 74359)
(21348, 27792, 21605, 74410)
(21691, 28383, 21970, 74390)
(21715, 27856, 21956, 74374)
(25815, 45798, 26116, 90558)
(21568, 28183, 21807, 74334)
(26150, 32957, 26431, 90690)
(21381, 27910, 21632, 74421)
(21333, 27404, 21586, 74399)
(21444, 27814, 21697, 74388)
(21439, 27561, 21687, 74383)
(21412, 28186, 21658, 74358)
(21305, 27655, 21556, 74395)
(21438, 27832, 21698, 74399)
(21464, 27385, 21761, 74411)
(21382, 27675, 21638, 74367)
(21343, 27506, 21596, 74426)
(21817, 41001, 22094, 74395)
(21548, 30003, 21801, 74390)
(21621, 27679, 21893, 74377)
(21310, 27713, 21562, 74363)
(21321, 27411, 21569, 74353)
(21734, 28535, 22024, 74428)
(21444, 27824, 21703, 74383)
(21310, 27643, 21561, 74414)
(21560, 28032, 21861, 74375)
(21640, 41681, 21924, 74395)
(26007, 32683, 26301, 90564)
(21659, 28043, 21935, 74382)
(22229, 29192, 22559, 74370)
(21296, 27948, 21545, 74382)
(21356, 27684, 21604, 74329)
(21331, 27057, 21584, 74358)
(21473, 28219, 21725, 74408)
(21362, 28094, 21630, 74398)
(21613, 27925, 21862, 74401)
(21401, 38959, 21664, 74382)
(21384, 27401, 21634, 74438)
(21323, 27933, 21597, 74400)
(21421, 27573, 21669, 74383)
(21225, 27621, 21472, 74390)
(21661, 28151, 21902, 74391)
(21772, 29026, 22040, 74392)
(21326, 39720, 21601, 74388)
(21290, 27844, 21547, 74388)
(21341, 28096, 21594, 74405)
(26364, 46915, 26670, 90652)
(21327, 27312, 21577, 74398)
(21318, 28312, 21565, 74417)
(21385, 43458, 21646, 74382)
(21543, 33029, 21837, 74420)
(21317, 28374, 21571, 74389)
(21456, 28434, 21715, 74422)
(21418, 27772, 21680, 74404)
(21550, 27682, 21804, 74367)
(25883, 32216, 26154, 90601)
(21315, 27861, 21577, 74391)
(21465, 27761, 21722, 74400)
(21437, 28117, 21696, 74429)
(21612, 27890, 21871, 74390)
(21319, 27456, 21572, 74364)
(21329, 27503, 21581, 74374)
(21636, 28506, 21892, 74385)
(21413, 27955, 21670, 74407)
(21339, 27214, 21590, 74399)
(21277, 27351, 21525, 74398)
(21277, 27339, 21521, 74394)
(21376, 28647, 21639, 74384)
(21593, 28632, 21874, 74352)
(25855, 33055, 26172, 90566)
(21644, 28082, 21901, 74418)
(21314, 27626, 21564, 74417)
(21348, 27484, 21600, 74420)
(21287, 27531, 21549, 74385)
(21399, 28268, 21650, 74430)
(21930, 28551, 22200, 74376)
(21333, 27324, 21585, 74388)
(21368, 27533, 21623, 74394)
(21726, 28171, 22016, 74428)
(21499, 28683, 21765, 74363)
(21384, 30982, 21638, 74378)
(21576, 31773, 21832, 74354)
(21687, 28689, 21977, 74407)
(21333, 27531, 21585, 74391)
(25895, 32881, 26175, 90636)
(21317, 28190, 21569, 74374)
(21828, 28652, 22076, 74394)
(21687, 28458, 21980, 74406)
(21391, 28529, 21672, 74375)
(21858, 28069, 22125, 74414)
(21340, 28451, 21593, 74382)
(21303, 28152, 21550, 74447)
(21365, 27824, 21618, 74379)
(21333, 27444, 21584, 74363)
(21875, 28249, 22147, 74380)
(21600, 28361, 21831, 74406)
(21621, 28961, 21919, 74380)
(21858, 28253, 22124, 74380)
(21352, 27506, 21605, 74422)
(21301, 27637, 21554, 74395)
(21317, 27724, 21566, 74390)
(21378, 27586, 21627, 74381)
(21587, 27821, 21852, 74324)
(21395, 27638, 21650, 74393)
(21789, 28103, 22056, 74423)
(21389, 38565, 21671, 74380)
(21393, 27809, 21641, 74389)
(21337, 28097, 21585, 74401)
(21465, 27699, 21737, 74421)
(21385, 27517, 21631, 74374)
(21300, 27402, 21550, 74371)
(21336, 27426, 21588, 74372)
(21489, 28418, 21746, 74398)
(21497, 27721, 21745, 74370)
(21337, 27548, 21590, 74369)
(21362, 27807, 21612, 74354)
(21318, 27640, 21570, 74363)
(21381, 27618, 21641, 74392)
(21350, 27576, 21601, 74402)
(21412, 28317, 21670, 74352)
(21384, 27372, 21639, 74390)
(21353, 27788, 21604, 74412)
(21732, 28372, 22017, 74361)
(25894, 33400, 26171, 90580)
(21500, 27780, 21753, 74388)
(21318, 27411, 21571, 74382)
(21714, 27882, 21962, 74398)
(21324, 27874, 21578, 74359)
(21711, 27610, 21966, 74365)
(21327, 28429, 21580, 74405)
(21334, 27600, 21586, 74351)
(21296, 27640, 21548, 74378)
(21419, 27588, 21677, 74368)
(21350, 27574, 21600, 74366)
(21533, 27732, 21788, 74447)
(21343, 28128, 21609, 74408)
(21339, 28022, 21593, 74409)
(21424, 27548, 21676, 74372)
(21338, 27316, 21589, 74407)
(21629, 38970, 21904, 74375)
(21399, 28637, 21654, 74346)
(21310, 28686, 21566, 74393)
(21330, 27304, 21579, 74413)
(21688, 39189, 21954, 74450)
(21387, 28415, 21642, 74429)
(21343, 28276, 21593, 74408)
(21408, 27982, 21683, 74376)
(22256, 30348, 22576, 74396)
(21437, 27970, 21691, 74425)
(21589, 27870, 21854, 74377)
(21307, 27405, 21559, 74361)
(22045, 28627, 22346, 74359)
(21398, 28083, 21659, 74378)
(21316, 27335, 21563, 74419)
(21424, 27484, 21682, 74365)
(21781, 27986, 22050, 74453)
(21283, 38033, 21539, 74351)
(21689, 28171, 21962, 74386)
(21328, 28024, 21585, 74418)
(21303, 27534, 21555, 74381)
(21336, 27412, 21587, 74390)
(21656, 28081, 21913, 74338)
(21330, 28403, 21582, 74387)
(21523, 28022, 21778, 74380)
(21628, 27629, 21883, 74360)
(21579, 27819, 21811, 74431)
(21356, 28249, 21630, 74382)
(21405, 27716, 21662, 74375)
(21318, 28831, 21573, 74401)
(21488, 28864, 21740, 74379)
(21420, 28267, 21689, 74391)
(21329, 39345, 21590, 74389)
(21300, 28643, 21550, 74402)
(21346, 27761, 21601, 74415)
(21599, 29279, 21888, 74396)
(21526, 27726, 21788, 74382)
(21347, 28134, 21611, 74364)
(21753, 28880, 22021, 74374)
(21302, 27435, 21550, 74405)
(25909, 32307, 26189, 90529)
(21555, 27804, 21811, 74453)
(21586, 28018, 21851, 74400)
(21367, 28209, 21618, 74387)
(21369, 28648, 21654, 74377)
(21650, 28433, 21908, 74379)
(21410, 27594, 21664, 74401)
(21498, 27506, 21732, 74405)
(21356, 27359, 21609, 74395)
(21410, 27522, 21673, 74396)
(21315, 27914, 21567, 74396)
(21560, 27923, 21814, 74404)
(21411, 27407, 21668, 74452)
(21426, 27645, 21682, 74357)
(21326, 27483, 21579, 74418)
(25900, 32189, 26216, 90564)
(21410, 27570, 21665, 74372)
(21297, 28675, 21550, 74381)
(21333, 28510, 21589, 74376)
(21942, 29483, 22224, 74389)
(21581, 28113, 21812, 74375)
(21781, 28052, 22039, 74360)
(21524, 28764, 21779, 74396)
(21847, 40217, 22117, 74391)
(21407, 27628, 21666, 74391)
(21354, 27679, 21606, 74329)
(21392, 39011, 21646, 74391)
(31206, 38372, 31514, 108361)
(21374, 27496, 21627, 74354)
(21352, 27642, 21605, 74412)
(21302, 27443, 21552, 74384)
(21415, 27796, 21671, 74355)
(21304, 27677, 21557, 74367)
(21381, 27559, 21630, 74395)
(21331, 28465, 21585, 74365)
(21370, 27507, 21627, 74378)
(21284, 27280, 21533, 74388)
(21355, 27277, 21617, 74434)
(21331, 27292, 21581, 74401)
(21325, 27750, 21578, 74408)
(21339, 28344, 21593, 74387)
(21315, 27548, 21569, 74362)
(21466, 27510, 21718, 74371)
(25892, 32204, 26170, 90557)
(21638, 28358, 21892, 74382)
(21599, 27704, 21855, 74406)
(21618, 28395, 21877, 74391)
(21647, 28395, 21912, 74386)
(21880, 27992, 22152, 74375)
(21358, 27774, 21616, 74371)
(21665, 28029, 21906, 74429)
(21351, 27471, 21602, 74376)
(26053, 32523, 26339, 90558)
(21309, 27274, 21555, 74386)
(21364, 27957, 21614, 74355)
(21302, 27536, 21552, 74402)
(21368, 27642, 21624, 74374)
(21350, 27602, 21600, 74411)
(21691, 27982, 21939, 74374)
(21389, 27673, 21643, 74362)
(21317, 27603, 21565, 74377)
(21400, 27670, 21661, 74377)
(22446, 28890, 22733, 74344)
(21256, 27277, 21504, 74397)
(21344, 27683, 21594, 74413)
(21371, 28698, 21618, 74406)
(21839, 29578, 22106, 74382)
(21321, 29245, 21576, 74373)
(21648, 29385, 21907, 74386)
(21324, 27690, 21578, 74371)
(21356, 27476, 21610, 74376)
(21726, 27873, 21999, 74422)
(21404, 27588, 21652, 74366)
(21341, 38444, 21610, 74397)
(21300, 27448, 21540, 74389)
(21421, 39054, 21689, 74384)
(21516, 39465, 21789, 74400)
(21828, 28128, 22095, 74327)
(21382, 28327, 21650, 74402)
(21364, 27749, 21617, 74379)
(21629, 38728, 21938, 74358)
(21348, 27586, 21597, 74405)
(22079, 29832, 22398, 74363)
(21411, 27501, 21675, 74404)
(21313, 27865, 21599, 74354)
(21607, 27844, 21838, 74390)
(21352, 27354, 21600, 74399)
(21301, 27559, 21554, 74380)
(21324, 27636, 21571, 74372)
(21346, 27652, 21599, 74388)
(21332, 28453, 21584, 74386)
(21332, 27645, 21582, 74389)
(21528, 28004, 21780, 74394)
(26071, 33246, 26349, 90614)
(22259, 30122, 22562, 74390)
(21740, 28188, 21991, 74374)
(21355, 27589, 21606, 74356)
(21608, 27755, 21851, 74456)
(21361, 27602, 21613, 74391)
(21346, 27388, 21610, 74379)
(21788, 28572, 22174, 74366)
(21570, 27474, 21825, 74401)
(21363, 27635, 21618, 74385)
(21311, 27702, 21573, 74387)
(21499, 28269, 21737, 74442)
(21668, 28069, 21917, 74344)
(21339, 27613, 21601, 74394)
(21375, 27488, 21627, 74373)
(21363, 27473, 21627, 74400)
(21627, 28004, 21883, 74395)
(21761, 28402, 22029, 74364)
(21361, 27427, 21615, 74385)
(25865, 32301, 26132, 90685)
(21351, 27430, 21605, 74394)
(21420, 27254, 21680, 74335)
(21547, 27989, 21804, 74326)
(21427, 27690, 21685, 74384)
(26133, 32975, 26426, 90535)
(21319, 27475, 21583, 74376)
(21356, 27186, 21603, 74394)
(21683, 28093, 21962, 74397)
(21365, 27653, 21618, 74367)
(21328, 27933, 21576, 74395)
(25875, 32375, 26167, 90581)
(21621, 27757, 21873, 74384)
(21330, 27715, 21584, 74402)
(21433, 27882, 21695, 74425)
(21358, 27901, 21626, 74343)
(21458, 27962, 21717, 74387)
(21605, 27958, 21862, 74376)
(21497, 27542, 21747, 74380)
(21879, 28098, 22144, 74379)
(21329, 28023, 21602, 74359)
(21315, 27890, 21567, 74406)
(21265, 27304, 21515, 74401)
(21322, 28055, 21570, 74396)
(21280, 27626, 21534, 74398)
(21441, 27524, 21696, 74376)
(21553, 27920, 21823, 74411)
(21662, 27908, 21907, 74408)
(21570, 27937, 21826, 74383)
(21397, 27564, 21657, 74368)
(21339, 28010, 21594, 74400)
(21341, 27494, 21605, 74392)
(21776, 27909, 22039, 74427)
(21315, 27581, 21568, 74396)
(21467, 27455, 21721, 74375)
(21688, 28642, 21935, 74405)
(21351, 27520, 21601, 74392)
(21386, 27328, 21625, 74443)
(21684, 27910, 21930, 74401)
(21290, 27393, 21536, 74388)
(21829, 27961, 22092, 74396)
(21659, 27736, 21933, 74369)
(21361, 28740, 21640, 74409)
(21541, 27302, 21795, 74374)
(21395, 27340, 21656, 74430)
(21328, 26807, 21581, 74376)
(21290, 26739, 21539, 74411)
(21339, 27325, 21598, 74366)
(21371, 27233, 21630, 74382)
(21698, 28015, 21956, 74406)
(21700, 27954, 21948, 74399)
(21333, 27868, 21584, 74406)
(21465, 27934, 21723, 74411)
(21754, 28192, 22030, 74379)
(21343, 27896, 21596, 74383)
(21313, 27454, 21563, 74379)
(21601, 27968, 21884, 74401)
(21677, 27920, 21955, 74307)
(21309, 27832, 21556, 74358)
(21589, 27730, 21845, 74340)
(21389, 27747, 21640, 74374)
(21312, 28294, 21565, 74397)
(21338, 27898, 21589, 74387)
(21693, 27564, 21960, 74371)
(21418, 27249, 21664, 74399)
(21521, 27618, 21775, 74385)
(21376, 27387, 21631, 74377)
(21336, 27526, 21599, 74395)
(21389, 27497, 21646, 74394)
(21297, 27817, 21550, 74375)
(21365, 27708, 21620, 74396)
(21536, 28404, 21790, 74405)
(21335, 28307, 21600, 74273)
(21408, 30845, 21684, 74411)
(21414, 27697, 21671, 74414)
(21294, 27523, 21541, 74366)
(21368, 27724, 21623, 74367)
(21340, 27046, 21591, 74412)
(21467, 27552, 21722, 74375)
(21437, 27615, 21689, 74357)
(21316, 27707, 21571, 74389)
(25928, 32486, 26191, 90613)
(21528, 28006, 21782, 74381)
(21746, 28262, 22023, 74367)
(21598, 27766, 21863, 74393)
(21702, 27964, 21946, 74351)
(21301, 27918, 21554, 74405)
(21515, 27932, 21754, 74388)
(21423, 27381, 21678, 74369)
(21392, 27426, 21648, 74388)
(21351, 27479, 21608, 74433)
(21729, 28200, 21997, 74361)
(21332, 28031, 21586, 74308)
(25850, 32355, 26090, 90649)
(21340, 27449, 21594, 74377)
(21549, 28043, 21805, 74425)
(21311, 27799, 21559, 74377)
(21278, 27892, 21532, 74356)
(21693, 28228, 21956, 74277)
(25931, 32995, 26221, 90596)
(21750, 28127, 22016, 74371)
(21358, 27825, 21611, 74393)
(25982, 32460, 26244, 90620)
(21428, 27792, 21688, 74374)
(21349, 27670, 21604, 74392)
(21380, 27501, 21628, 74400)
(21689, 27804, 21939, 74379)
(21342, 28147, 21597, 74380)
(21648, 27617, 21915, 74381)
(21624, 27707, 21877, 74406)
(21297, 27545, 21559, 74385)
(21333, 27441, 21581, 74375)
(21370, 27563, 21623, 74390)
(21338, 27628, 21594, 74415)
(21366, 27688, 21622, 74372)
(21314, 27181, 21564, 74432)
(21525, 27743, 21767, 74373)
(21359, 27755, 21613, 74378)
(21507, 28130, 21761, 74333)
(21603, 27463, 21877, 74410)
(21301, 27420, 21541, 74382)
(25869, 32642, 26188, 90552)
(21325, 27809, 21575, 74420)
(21775, 27782, 22045, 74369)
(21331, 27640, 21586, 74403)
(21535, 27801, 21788, 74422)
(21338, 27367, 21590, 74389)
(21312, 27411, 21572, 74367)
(21321, 30332, 21578, 74299)
(21593, 28235, 21849, 74358)
(21419, 27643, 21680, 74402)
(21377, 27479, 21647, 74387)
(21394, 27308, 21652, 74419)
(21683, 31377, 21962, 74387)
(21338, 28796, 21605, 74391)
(21325, 27494, 21579, 74353)
(21517, 27793, 21769, 74306)
(21744, 27927, 22000, 74365)
(21317, 27412, 21563, 74378)
(21434, 28780, 21687, 74415)
(21618, 27842, 21897, 74331)
(21524, 27278, 21770, 74399)
(21821, 29372, 22155, 74406)
(21363, 27666, 21614, 74378)
(21567, 123807, 21877, 74362)
(21401, 28682, 21660, 74396)
(21313, 27780, 21566, 74372)
(21876, 27837, 22141, 74429)
(21308, 27551, 21559, 74339)
(21319, 26994, 21571, 74383)
(21494, 27700, 21730, 74406)
(21452, 27801, 21692, 74368)
(21334, 27366, 21587, 74373)
(21266, 28339, 21513, 74412)
(21340, 27399, 21604, 74373)
(21314, 28704, 21567, 74415)
(21585, 27644, 21834, 74359)
(21385, 27211, 21636, 74405)
(21305, 27982, 21555, 74387)
(21302, 27183, 21554, 74379)
(21353, 27183, 21611, 74359)
(21332, 27351, 21584, 74366)
(21693, 27424, 21934, 74370)
(21359, 27312, 21611, 74403)
(21675, 27667, 21948, 74360)
(25990, 32229, 26282, 90584)
(21345, 27243, 21597, 74401)
(21387, 27360, 21639, 74382)
(21328, 27163, 21579, 74388)
(21533, 27851, 21786, 74367)
(21398, 27319, 21656, 74385)
(21601, 27435, 21872, 74388)
(25923, 32320, 26239, 90571)
(21300, 27461, 21550, 74408)
(21668, 27809, 21942, 74401)
(21286, 28183, 21537, 74312)
(21289, 27658, 21565, 74414)
(21526, 40578, 21821, 74384)
(21629, 27886, 21885, 74366)
(21328, 27703, 21582, 74395)
(21345, 27796, 21623, 74374)
(21318, 27833, 21568, 74338)
(21385, 28079, 21638, 74376)
(21429, 27536, 21697, 74372)
(21676, 27652, 21912, 74407)
(21398, 27417, 21649, 74372)
(21381, 27724, 21634, 74375)
(21325, 27175, 21571, 74347)
(21313, 27384, 21558, 74419)
(21472, 27532, 21731, 74375)
(21411, 27889, 21680, 74396)
(21339, 27401, 21604, 74405)
(21344, 27231, 21594, 74396)
(21369, 27740, 21651, 74371)
(21542, 27377, 21799, 74367)
(21348, 27244, 21600, 74368)
(21392, 27268, 21657, 74343)
(21312, 27105, 21557, 74329)
(21462, 27831, 21718, 74410)
(21554, 27022, 21822, 74315)
(21322, 26945, 21576, 74391)
(21308, 27141, 21555, 74374)
(21342, 27245, 21591, 74401)
(21331, 27371, 21578, 74344)
(21588, 28671, 21860, 74380)
(21624, 27436, 21892, 74342)
(21297, 27192, 21547, 74383)
(21343, 27672, 21597, 74406)
(21335, 27690, 21587, 74395)
(22288, 28287, 22530, 74303)
(21405, 27852, 21674, 74431)
(21340, 28322, 21600, 74361)
(21302, 27626, 21555, 74381)
(22175, 29574, 22491, 74392)
(21717, 29143, 21986, 74411)
(21304, 28116, 21558, 74396)
(21421, 26852, 21680, 74386)
(21579, 27528, 21833, 74354)
(21310, 27094, 21573, 74341)
(21696, 27320, 21975, 74401)
(21400, 27309, 21655, 74414)
(21408, 27705, 21663, 74398)
(21328, 27476, 21579, 74383)
(21337, 38878, 21589, 74358)
(21492, 27801, 21736, 74383)
(21412, 27399, 21662, 74390)
(21468, 28149, 21710, 74373)
(21338, 27764, 21593, 74415)
(21355, 39289, 21614, 74404)
(21325, 27633, 21572, 74364)
(21509, 27597, 21763, 74444)
(21310, 27533, 21564, 74400)
(21380, 27306, 21635, 74382)
(21322, 27299, 21575, 74406)
(21377, 27485, 21633, 74371)
(21337, 27272, 21593, 74397)
(21323, 27358, 21576, 74421)
(21325, 27514, 21579, 74377)
(21349, 27642, 21596, 74371)
(21405, 27872, 21658, 74412)
(26195, 45394, 26449, 90670)
(21578, 27586, 21847, 74396)
(21528, 28573, 21789, 74365)
(21318, 27704, 21568, 74368)
(21492, 27731, 21739, 74398)
(21365, 27320, 21623, 74399)
(21393, 28453, 21649, 74364)
(21331, 27066, 21583, 74411)
(21313, 27523, 21566, 74396)
(21286, 27329, 21532, 74381)
(21318, 27294, 21573, 74381)
(21330, 27224, 21583, 74373)
(21650, 40551, 21900, 74399)
(21403, 26746, 21656, 74406)
(21330, 27585, 21584, 74369)
(21541, 27731, 21796, 74395)
(21761, 28186, 22038, 74366)
(21393, 27415, 21658, 74436)
(21322, 27688, 21586, 74358)
(21309, 27557, 21560, 74399)
(21386, 27324, 21643, 74364)
(21326, 27136, 21578, 74395)
(21322, 27601, 21571, 74406)
(21669, 27697, 21943, 74382)
(21907, 28067, 22152, 74298)
(21334, 27303, 21582, 74355)
(21754, 28042, 22030, 74409)
(21408, 27600, 21669, 74379)
(21355, 27355, 21608, 74380)
(21319, 27688, 21570, 74401)
(21561, 27483, 21826, 74406)
(21366, 27162, 21629, 74380)
(21373, 27269, 21622, 74402)
(21421, 27783, 21680, 74394)
(21339, 27444, 21588, 74360)
(21427, 27057, 21682, 74291)
(21642, 27846, 21891, 74349)
(21323, 27327, 21578, 74388)
(21406, 27219, 21661, 74408)
(21328, 28388, 21578, 74409)
(21357, 27563, 21609, 74366)
(21454, 27324, 21700, 74394)
(21317, 27496, 21570, 74390)
(21326, 28284, 21582, 74404)
(21330, 27459, 21584, 74359)
(21438, 27745, 21691, 74378)
(21345, 38575, 21604, 74399)
(21349, 27868, 21599, 74396)
(21309, 27332, 21560, 74397)
(21454, 27516, 21707, 74386)
(21685, 28025, 21932, 74380)
(21414, 27323, 21663, 74402)
(21917, 27788, 22176, 74339)
(21342, 27488, 21595, 74412)
(21339, 27440, 21589, 74423)
(21300, 27191, 21550, 74386)
(21298, 27182, 21546, 74361)
(21640, 27849, 21889, 74388)
(21872, 28165, 22143, 74386)
(21477, 27443, 21727, 74396)
(21518, 27470, 21771, 74392)
(21307, 27087, 21558, 74383)
(21325, 27488, 21576, 74426)
(21314, 39290, 21576, 74402)
(21366, 27289, 21618, 74394)
(21531, 28164, 21779, 74393)
(21338, 27430, 21586, 74352)
(21455, 27353, 21707, 74369)
(21324, 27471, 21569, 74402)
(21510, 27819, 21767, 74383)
(21378, 27580, 21630, 74398)
(21547, 27452, 21802, 74397)
(21341, 27309, 21590, 74396)
(21422, 27375, 21680, 74376)
(21517, 28836, 21773, 74415)
(21409, 28847, 21668, 74411)
(21373, 27065, 21624, 74379)
(21737, 27651, 22003, 74385)
(21685, 27384, 21955, 74382)
(21337, 27229, 21597, 74389)
(21307, 27783, 21570, 74399)
(21519, 27693, 21776, 74413)
(21435, 27769, 21692, 74342)
(25839, 32202, 26121, 90633)
(21310, 27728, 21556, 74385)
(21273, 28084, 21523, 74352)
(21557, 27796, 21810, 74409)
(21499, 27774, 21747, 74381)
(21316, 28276, 21569, 74411)
(21311, 27710, 21570, 74423)
(21399, 27355, 21653, 74379)
(21331, 27388, 21604, 74418)
(21540, 27826, 21794, 74396)
(21430, 27623, 21684, 74375)
(21456, 27499, 21712, 74406)
(21351, 27360, 21609, 74437)
(21380, 27076, 21633, 74351)
(21311, 27543, 21559, 74362)
(21328, 28019, 21577, 74435)
(21408, 38380, 21681, 74413)
(21398, 27509, 21651, 74365)
(21576, 38080, 21813, 74401)
(21725, 28162, 21998, 74375)
(21330, 27565, 21584, 74401)
(21569, 27805, 21827, 74396)
(21404, 27617, 21645, 74418)
(21653, 28142, 21991, 74361)
(25979, 32828, 26272, 90585)
(21309, 28416, 21558, 74379)
(21423, 27567, 21676, 74365)
(21591, 27845, 21861, 74399)
(21783, 27502, 22054, 74372)
(21374, 27294, 21633, 74400)
(21601, 27649, 21865, 74380)
(21456, 27308, 21707, 74403)
(21385, 27379, 21654, 74323)
(21325, 27305, 21574, 74361)
(21397, 38257, 21665, 74420)
(21522, 28004, 21778, 74417)
(21340, 28002, 21595, 74360)
(21283, 27500, 21539, 74391)
(21417, 27719, 21662, 74340)
(21329, 27771, 21593, 74374)
(21667, 27632, 21908, 74363)
(21618, 28152, 21846, 74391)
(21343, 27638, 21607, 74403)
(21321, 27484, 21573, 74429)
(21345, 27700, 21607, 74362)
(21326, 27679, 21580, 74410)
(21326, 27736, 21579, 74406)
(26201, 32778, 26490, 90629)
(31159, 38214, 31453, 108380)
(21361, 27609, 21612, 74376)
(21369, 27799, 21621, 74411)
(21359, 27259, 21625, 74403)
(21430, 27460, 21689, 74384)
(21580, 27457, 21846, 74398)
(21291, 27239, 21541, 74384)
(25867, 32776, 26153, 90616)
(21270, 27570, 21515, 74398)
(21483, 28028, 21741, 74411)
(21400, 27657, 21656, 74376)
(21647, 28232, 21903, 74418)
(21323, 27450, 21578, 74430)
(21637, 27662, 21878, 74437)
(21512, 27557, 21751, 74395)
(21321, 27416, 21578, 74404)
(21515, 27891, 21802, 74378)
(21286, 27324, 21537, 74369)
(21395, 27357, 21645, 74421)
(21386, 27442, 21638, 74396)
(21375, 37602, 21637, 74400)
(21307, 27447, 21558, 74414)
(21407, 27739, 21673, 74381)
(21310, 28607, 21566, 74378)
(21354, 27334, 21603, 74357)
(21523, 28676, 21782, 74388)
(21335, 27421, 21580, 74347)
(21676, 27776, 21926, 74353)
(21385, 27540, 21641, 74423)
(21318, 27298, 21572, 74321)
(21329, 27697, 21582, 74383)
(21344, 27466, 21598, 74386)
(21419, 27620, 21673, 74395)
(21324, 27433, 21568, 74381)
(25803, 32829, 26103, 90601)
(25806, 32000, 26066, 90629)
(21727, 27722, 21975, 74348)
(22585, 29507, 23014, 74367)
(21327, 28124, 21607, 74307)
(21312, 31198, 21565, 74410)
(21304, 39171, 21565, 74374)
(21464, 28195, 21816, 74401)
(21324, 27493, 21577, 74376)
(21367, 27841, 21653, 74337)
