(456397, 512533, 458585, 0)
(436970, 581701, 439154, 0)
(440094, 566240, 442540, 0)
(405804, 480669, 408032, 0)
(434402, 498974, 437097, 0)
(436150, 508689, 439197, 0)
(436921, 587144, 439732, 0)
(400210, 432021, 402161, 0)
(432229, 470432, 434682, 0)
(425764, 470166, 428216, 0)
(414861, 461468, 417041, 0)
(409144, 440821, 411117, 0)
(411766, 447059, 413765, 0)
(404430, 442685, 406357, 0)
(407564, 447906, 409617, 0)
(461439, 502031, 463756, 0)
(402094, 436359, 404033, 0)
(438371, 481112, 440699, 0)
