(13542, 16362, 13558, 0)
(13707, 17014, 13728, 0)
(13417, 15542, 13434, 0)
(13341, 15676, 13356, 0)
(13575, 15765, 13589, 0)
(13567, 16262, 13582, 0)
(13508, 16116, 13523, 0)
(13678, 16394, 13758, 0)
(13557, 19761, 13572, 0)
(13610, 16256, 13624, 0)
(13572, 19415, 13591, 0)
(13622, 17430, 13805, 0)
(13537, 15855, 13556, 0)
(13611, 15734, 13626, 0)
(13578, 16462, 13595, 0)
(13503, 20239, 13521, 0)
(13596, 16593, 13614, 0)
(13606, 16427, 13623, 0)
(13493, 16348, 13513, 0)
(13660, 17711, 13683, 0)
(13512, 16669, 13527, 0)
(13597, 19889, 13612, 0)
(13462, 15616, 13477, 0)
(13589, 16043, 13603, 0)
(13506, 17191, 13520, 0)
(13352, 17492, 13367, 0)
(13464, 15677, 13479, 0)
(16628, 20383, 16677, 0)
(13543, 20172, 13559, 0)
(13631, 16084, 13645, 0)
(13524, 16738, 13539, 0)
(13581, 16676, 13598, 0)
(13579, 15697, 13593, 0)
(13441, 15916, 13457, 0)
(13540, 15691, 13555, 0)
(13559, 15991, 13573, 0)
(13474, 15644, 13490, 0)
(13484, 16541, 13499, 0)
(13516, 16204, 13553, 0)
(13544, 15647, 13559, 0)
(13587, 16189, 13619, 0)
(13487, 15874, 13502, 0)
(13482, 15873, 13497, 0)
(13521, 15626, 13537, 0)
(13470, 17071, 13486, 0)
(13606, 16688, 13623, 0)
(13562, 15725, 13576, 0)
(13486, 15779, 13499, 0)
(13540, 15871, 13555, 0)
(13529, 16321, 13544, 0)
(13684, 15742, 13700, 0)
(19744, 23120, 19760, 0)
(13446, 15536, 13461, 0)
(19697, 22791, 19714, 0)
(13493, 15621, 13508, 0)
(13637, 16853, 13653, 0)
(13704, 16059, 13718, 0)
(13496, 16495, 13511, 0)
(13555, 19966, 13570, 0)
(13633, 15640, 13648, 0)
(13487, 15533, 13502, 0)
(13537, 15608, 13553, 0)
(13514, 16760, 13529, 0)
(13696, 16158, 13710, 0)
(13478, 15645, 13493, 0)
(13701, 18095, 13934, 0)
(13502, 16173, 13521, 0)
(13386, 15469, 13401, 0)
(13591, 15679, 13606, 0)
(13495, 16129, 13512, 0)
(13485, 15472, 13501, 0)
(13480, 15750, 13495, 0)
(13470, 15629, 13484, 0)
(13522, 16468, 13619, 0)
(13594, 19805, 13607, 0)
(13474, 15790, 13489, 0)
(13478, 15637, 13494, 0)
(13415, 16175, 13430, 0)
(13467, 15673, 13483, 0)
(13503, 20070, 13520, 0)
(13530, 18130, 13548, 0)
(13426, 16420, 13441, 0)
(13509, 15499, 13524, 0)
(13500, 20792, 13517, 0)
(13517, 20591, 13533, 0)
(13517, 15625, 13533, 0)
(13496, 20153, 13512, 0)
(13493, 16140, 13508, 0)
(13469, 15824, 13483, 0)
(13599, 15734, 13615, 0)
(13523, 15769, 13536, 0)
(17904, 22190, 17929, 0)
(13649, 16614, 13665, 0)
(13570, 15744, 13585, 0)
(13475, 16039, 13490, 0)
(13459, 15751, 13475, 0)
(13572, 16791, 13587, 0)
(13483, 15931, 13496, 0)
(13478, 16081, 13515, 0)
(13467, 16404, 13482, 0)
(13546, 15614, 13560, 0)
(13406, 15532, 13421, 0)
(13547, 15605, 13561, 0)
(13576, 16921, 13590, 0)
(13600, 20080, 13615, 0)
(13403, 15475, 13417, 0)
(13450, 16978, 13466, 0)
(13510, 18093, 13524, 0)
(13406, 20200, 13422, 0)
(13500, 15795, 13514, 0)
(13489, 16130, 13505, 0)
(13593, 16188, 13609, 0)
(13376, 16146, 13398, 0)
(17249, 20558, 17317, 0)
(13446, 16438, 13464, 0)
(16649, 19854, 16697, 0)
(13573, 15839, 13588, 0)
(13569, 16231, 13584, 0)
(13521, 15848, 13536, 0)
(13585, 16731, 13604, 0)
(13568, 16360, 13584, 0)
(13466, 15770, 13481, 0)
(13504, 15952, 13518, 0)
(13478, 15641, 13491, 0)
(13641, 15944, 13656, 0)
(13540, 16756, 13555, 0)
(16487, 19228, 16503, 0)
(13570, 15611, 13584, 0)
(13498, 16479, 13515, 0)
(17805, 20955, 17827, 0)
(13836, 16022, 13881, 0)
(13541, 16144, 13556, 0)
(13437, 15388, 13453, 0)
(13480, 20386, 13641, 0)
(13502, 15560, 13516, 0)
(13561, 17427, 13588, 0)
(13507, 19763, 13522, 0)
(13539, 20684, 13554, 0)
(13501, 15629, 13515, 0)
(13507, 15802, 13521, 0)
(13645, 16304, 13689, 0)
(16331, 19917, 16352, 0)
(13574, 16615, 13607, 0)
(13482, 15653, 13497, 0)
(13640, 16222, 13655, 0)
(13438, 15917, 13453, 0)
(13617, 17225, 13631, 0)
(13544, 16964, 13559, 0)
(13503, 15765, 13518, 0)
(13631, 16036, 13646, 0)
(13555, 19867, 13570, 0)
(13482, 15837, 13496, 0)
(13478, 15461, 13493, 0)
(13423, 16227, 13437, 0)
(13476, 15644, 13490, 0)
(13669, 15824, 13684, 0)
(13498, 16307, 13514, 0)
(13574, 17155, 13592, 0)
(13547, 16202, 13563, 0)
(13497, 16592, 13513, 0)
(13527, 15715, 13542, 0)
(13408, 15577, 13423, 0)
(13513, 15748, 13527, 0)
(13511, 15676, 13526, 0)
(13600, 15876, 13615, 0)
(13448, 15819, 13463, 0)
(13747, 16315, 13792, 0)
(13604, 16892, 13619, 0)
(13574, 16183, 13587, 0)
(13528, 16453, 13543, 0)
(13370, 15427, 13385, 0)
(13536, 15696, 13621, 0)
(13580, 16030, 13606, 0)
(13574, 15547, 13588, 0)
(13426, 19090, 13443, 0)
(13516, 16138, 13533, 0)
(13608, 15522, 13623, 0)
(13461, 16762, 13475, 0)
(13331, 15529, 13345, 0)
(13582, 15830, 13596, 0)
(13596, 16262, 13611, 0)
(13461, 15939, 13476, 0)
(13599, 16694, 13613, 0)
(13853, 16322, 13896, 0)
(13471, 15597, 13485, 0)
(13661, 15788, 13676, 0)
(13408, 15441, 13423, 0)
(13410, 16293, 13438, 0)
(13593, 15971, 13608, 0)
(13548, 16241, 13563, 0)
(13462, 15369, 13477, 0)
(13438, 15755, 13452, 0)
(13463, 16046, 13478, 0)
(13604, 15595, 13619, 0)
(13553, 18597, 13568, 0)
(17889, 22723, 17908, 0)
(13346, 16286, 13360, 0)
(13445, 16129, 13460, 0)
(13467, 15940, 13481, 0)
(13578, 15966, 13595, 0)
(13533, 15577, 13550, 0)
(18014, 21982, 18076, 0)
(13718, 16745, 13736, 0)
(13393, 16475, 13410, 0)
(13513, 17032, 13529, 0)
(13644, 18977, 13672, 0)
(13582, 15972, 13597, 0)
(13457, 16130, 13473, 0)
(13583, 16002, 13597, 0)
(13597, 16024, 13612, 0)
(13533, 15789, 13547, 0)
(13384, 15799, 13409, 0)
(13515, 23434, 13679, 0)
(13614, 16590, 13629, 0)
(13583, 16744, 13598, 0)
(13526, 26026, 13632, 0)
(13553, 17125, 13580, 0)
(13665, 16455, 13681, 0)
(13521, 17201, 13540, 0)
(13505, 18212, 13526, 0)
(13453, 16679, 13492, 0)
(13617, 17217, 13650, 0)
(13479, 17446, 13528, 0)
(13984, 22694, 14744, 0)
(13615, 18180, 13632, 0)
(13574, 24327, 13857, 0)
(13608, 16929, 13667, 0)
(13447, 24879, 13518, 0)
(13528, 19938, 13587, 0)
(13532, 19961, 13594, 0)
(13437, 19679, 13575, 0)
(13451, 17949, 13484, 0)
(13641, 17575, 13664, 0)
(13588, 28914, 13688, 0)
(13412, 16024, 13428, 0)
(13586, 16680, 13603, 0)
(13637, 20554, 13654, 0)
(13641, 16472, 13655, 0)
(13652, 22066, 13726, 0)
(13628, 16497, 13651, 0)
(13536, 17237, 13553, 0)
(13602, 15916, 13618, 0)
(13625, 16180, 13639, 0)
(13419, 15536, 13432, 0)
(13385, 15737, 13400, 0)
(17751, 20906, 17778, 0)
(13510, 15763, 13525, 0)
(13545, 16902, 13561, 0)
(13514, 16769, 13633, 0)
(13443, 15739, 13457, 0)
(13678, 16352, 13713, 0)
(16543, 19836, 16565, 0)
(13550, 21329, 13595, 0)
(13449, 15962, 13485, 0)
(13620, 15736, 13635, 0)
(13703, 16208, 13718, 0)
(13537, 20334, 13553, 0)
(13526, 15929, 13541, 0)
(13711, 16199, 13726, 0)
(13493, 23843, 13514, 0)
(13657, 17000, 13672, 0)
(13521, 15971, 13536, 0)
(13491, 18052, 13506, 0)
(13596, 16070, 13611, 0)
(13645, 16248, 13660, 0)
(13446, 15766, 13460, 0)
(13485, 15842, 13500, 0)
(13478, 15769, 13492, 0)
(13621, 16643, 13639, 0)
(13583, 15717, 13597, 0)
(13498, 16386, 13515, 0)
(13577, 19244, 13593, 0)
(13641, 17473, 13658, 0)
(13426, 16630, 13441, 0)
(13617, 15767, 13632, 0)
(13614, 16672, 13630, 0)
(13495, 16063, 13511, 0)
(13629, 16329, 13644, 0)
(13403, 15316, 13418, 0)
(13591, 17557, 13607, 0)
(13455, 15544, 13468, 0)
(13504, 15907, 13519, 0)
(13496, 15623, 13510, 0)
(13521, 15740, 13536, 0)
(13498, 15912, 13513, 0)
(13593, 16014, 13610, 0)
(13513, 15749, 13528, 0)
(17739, 21054, 17756, 0)
(13588, 15790, 13603, 0)
(13589, 16069, 13604, 0)
(13458, 15859, 13473, 0)
(13652, 16355, 13667, 0)
(13875, 16125, 13921, 0)
(13612, 16314, 13630, 0)
(13524, 16847, 13542, 0)
(13600, 16240, 13617, 0)
(13513, 15924, 13529, 0)
(17760, 21487, 17781, 0)
(13579, 15760, 13594, 0)
(13338, 15377, 13352, 0)
(13541, 15940, 13557, 0)
(13542, 16025, 13557, 0)
(17890, 22620, 17945, 0)
(13610, 15775, 13626, 0)
(13505, 16196, 13523, 0)
(13560, 16245, 13574, 0)
(13536, 16037, 13554, 0)
(13759, 15883, 13812, 0)
(13562, 15598, 13577, 0)
(13538, 15673, 13553, 0)
(13574, 16606, 13591, 0)
(13436, 15827, 13454, 0)
(13444, 15573, 13459, 0)
(13573, 15785, 13588, 0)
(13612, 16350, 13627, 0)
(13598, 15814, 13613, 0)
(13572, 16360, 13603, 0)
(19985, 23449, 20035, 0)
(13653, 15733, 13667, 0)
(13513, 17035, 13529, 0)
(13498, 16306, 13513, 0)
(13617, 15839, 13632, 0)
(13404, 15765, 13419, 0)
(13481, 15819, 13496, 0)
(13420, 15687, 13434, 0)
(13523, 15899, 13539, 0)
(13568, 17697, 13586, 0)
(13401, 18563, 13428, 0)
(13644, 18723, 13842, 0)
(13583, 18840, 13599, 0)
(13332, 15937, 13352, 0)
(13495, 15866, 13511, 0)
(13603, 15851, 13618, 0)
(13457, 15384, 13472, 0)
(13552, 16661, 13568, 0)
(13580, 15704, 13596, 0)
(13411, 15628, 13427, 0)
(13560, 15917, 13576, 0)
(13603, 15920, 13619, 0)
(13453, 15928, 13468, 0)
(13496, 16649, 13515, 0)
(13551, 15675, 13568, 0)
(13633, 15575, 13647, 0)
(13449, 16756, 13463, 0)
(13559, 15884, 13574, 0)
(13651, 16573, 13666, 0)
(13439, 15317, 13453, 0)
(13469, 19976, 13486, 0)
(13462, 15415, 13476, 0)
(13364, 15786, 13378, 0)
(13536, 15598, 13551, 0)
(13563, 15707, 13578, 0)
(13692, 17079, 13707, 0)
(13534, 16990, 13556, 0)
(13515, 16607, 13532, 0)
(13629, 16164, 13645, 0)
(13647, 15609, 13661, 0)
(13515, 15861, 13529, 0)
(13636, 15829, 13651, 0)
(13599, 16118, 13614, 0)
(13408, 16529, 13424, 0)
(13527, 15636, 13542, 0)
(13549, 15807, 13581, 0)
(13451, 15573, 13466, 0)
(13431, 15397, 13445, 0)
(13486, 19801, 13500, 0)
(13644, 15894, 13659, 0)
(13522, 15926, 13537, 0)
(13427, 15768, 13442, 0)
(13560, 15805, 13574, 0)
(13566, 16703, 13580, 0)
(13590, 16021, 13605, 0)
(13531, 15591, 13545, 0)
(13380, 17177, 13395, 0)
(13511, 16070, 13526, 0)
(13567, 17159, 13583, 0)
(13476, 16018, 13491, 0)
(13601, 19887, 13615, 0)
(13346, 15383, 13360, 0)
(13497, 16917, 13511, 0)
(13411, 15632, 13426, 0)
(16627, 20965, 16642, 0)
(13564, 15671, 13578, 0)
(13422, 16532, 13435, 0)
(13645, 16229, 13658, 0)
(13727, 19679, 13780, 0)
(13489, 17109, 13504, 0)
(13440, 16379, 13454, 0)
(13585, 15791, 13600, 0)
(14154, 17942, 14169, 0)
(13546, 16845, 13561, 0)
(13591, 16484, 13615, 0)
(17893, 21386, 17912, 0)
(13510, 17478, 13527, 0)
(13548, 17089, 13562, 0)
(13513, 15593, 13527, 0)
(13608, 16614, 13630, 0)
(19790, 24884, 19813, 0)
(13478, 15608, 13492, 0)
(13413, 15787, 13429, 0)
(13402, 16729, 13432, 0)
(13564, 16042, 13579, 0)
(13462, 16154, 13478, 0)
(13615, 15693, 13630, 0)
(13458, 15783, 13475, 0)
(13473, 16014, 13488, 0)
(13537, 16359, 13552, 0)
(13450, 16105, 13465, 0)
(16554, 19638, 16569, 0)
(13468, 15542, 13483, 0)
(13489, 15578, 13504, 0)
(13546, 15962, 13562, 0)
(13520, 15828, 13533, 0)
(13453, 16429, 13471, 0)
(13574, 16329, 13590, 0)
(13657, 15655, 13672, 0)
(13649, 15946, 13751, 0)
(13568, 16706, 13585, 0)
(13517, 15573, 13532, 0)
(13419, 16080, 13434, 0)
(13482, 16136, 13495, 0)
(13663, 16015, 13678, 0)
(13546, 15864, 13560, 0)
(13539, 15737, 13554, 0)
(13538, 16895, 13554, 0)
(13464, 15692, 13479, 0)
(13469, 15705, 13485, 0)
(13441, 16046, 13454, 0)
(13536, 15641, 13552, 0)
(13577, 15835, 13592, 0)
(13564, 17607, 13579, 0)
(13628, 15806, 13642, 0)
(13491, 15817, 13505, 0)
(13517, 15754, 13533, 0)
(13584, 16217, 13600, 0)
(13614, 16411, 13632, 0)
(13550, 15885, 13564, 0)
(13442, 15840, 13456, 0)
(13464, 16003, 13479, 0)
(13522, 16361, 13536, 0)
(13675, 15963, 13691, 0)
(13605, 15505, 13620, 0)
(16251, 18592, 16265, 0)
(13522, 15481, 13537, 0)
(13568, 15648, 13584, 0)
(13517, 15535, 13532, 0)
(13515, 16791, 13534, 0)
(13586, 16198, 13616, 0)
(13635, 15906, 13650, 0)
(13700, 16759, 13714, 0)
(13543, 16562, 13561, 0)
(13651, 16251, 13665, 0)
(13491, 15697, 13506, 0)
(13648, 20162, 13663, 0)
(13662, 16661, 13677, 0)
(13546, 16262, 13562, 0)
(13527, 15693, 13542, 0)
(13370, 15454, 13384, 0)
(13580, 15873, 13593, 0)
(13488, 15938, 13503, 0)
(13492, 15932, 13507, 0)
(13704, 16289, 13719, 0)
(13672, 16394, 13687, 0)
(13493, 15419, 13507, 0)
(13514, 15805, 13528, 0)
(13591, 16884, 13610, 0)
(13428, 16637, 13448, 0)
(13518, 17185, 13535, 0)
(13422, 16987, 13441, 0)
(13544, 15589, 13558, 0)
(13432, 15787, 13446, 0)
(13692, 15783, 13706, 0)
(13499, 15598, 13514, 0)
(13512, 15564, 13527, 0)
(13721, 15824, 13736, 0)
(13503, 15893, 13518, 0)
(13595, 16746, 13610, 0)
(13616, 15935, 13630, 0)
(13486, 15887, 13501, 0)
(13517, 15772, 13531, 0)
(13496, 15582, 13511, 0)
(13466, 15530, 13482, 0)
(13503, 15873, 13517, 0)
(13700, 16138, 13713, 0)
(13391, 15597, 13406, 0)
(20003, 23866, 20027, 0)
(13467, 15399, 13481, 0)
(13622, 16942, 13638, 0)
(13600, 15724, 13614, 0)
(13524, 15874, 13539, 0)
(13599, 15715, 13614, 0)
(13599, 16355, 13614, 0)
(13494, 15488, 13509, 0)
(13586, 15548, 13600, 0)
(13521, 15789, 13534, 0)
(13561, 15970, 13576, 0)
(13599, 15778, 13614, 0)
(13617, 15784, 13632, 0)
(13538, 16062, 13553, 0)
(13448, 15709, 13463, 0)
(13479, 15683, 13494, 0)
(13539, 15799, 13554, 0)
(13516, 15747, 13530, 0)
(13552, 16518, 13568, 0)
(13570, 16008, 13585, 0)
(13472, 16071, 13487, 0)
(13563, 15765, 13577, 0)
(13478, 15636, 13492, 0)
(13686, 15986, 13701, 0)
(13637, 16349, 13651, 0)
(13542, 16089, 13557, 0)
(13484, 15688, 13498, 0)
(13662, 16502, 13678, 0)
(13608, 16445, 13624, 0)
(13474, 15555, 13488, 0)
(13512, 16023, 13530, 0)
(13601, 16006, 13615, 0)
(13506, 15773, 13522, 0)
(13472, 15593, 13486, 0)
(13643, 16227, 13659, 0)
(13395, 15487, 13410, 0)
(13607, 15812, 13623, 0)
(13637, 15757, 13650, 0)
(13485, 15493, 13500, 0)
(13445, 15405, 13459, 0)
(13576, 15783, 13590, 0)
(13586, 16389, 13601, 0)
(13585, 16011, 13600, 0)
(13361, 15453, 13377, 0)
(17784, 20588, 17802, 0)
(13648, 16085, 13663, 0)
(13592, 16064, 13607, 0)
(13535, 17360, 13555, 0)
(13436, 15547, 13450, 0)
(13499, 16078, 13514, 0)
(13502, 15917, 13515, 0)
(13574, 15823, 13589, 0)
(13865, 16409, 13910, 0)
(13388, 16109, 13403, 0)
(13496, 16187, 13512, 0)
(13480, 17055, 13497, 0)
(13579, 15969, 13595, 0)
(13719, 15929, 13765, 0)
(13548, 16372, 13565, 0)
(13678, 16070, 13693, 0)
(13523, 16660, 13538, 0)
(13536, 15761, 13550, 0)
(13621, 16400, 13636, 0)
(13654, 16180, 13669, 0)
(13569, 20099, 13584, 0)
(18096, 21148, 18149, 0)
(13441, 15926, 13456, 0)
(13549, 15730, 13565, 0)
(13528, 16113, 13542, 0)
(13559, 16284, 13574, 0)
(13456, 15666, 13471, 0)
(13661, 15722, 13676, 0)
(13629, 16909, 13648, 0)
(13664, 16642, 13683, 0)
(13540, 15827, 13555, 0)
(13558, 15881, 13573, 0)
(13532, 15654, 13547, 0)
(13607, 16530, 13623, 0)
(13576, 15899, 13590, 0)
(13572, 16013, 13587, 0)
(13537, 15755, 13551, 0)
(13634, 15921, 13649, 0)
(13552, 15874, 13567, 0)
(13460, 15498, 13474, 0)
(13568, 17820, 13586, 0)
(13551, 16848, 13571, 0)
(13509, 18213, 13526, 0)
(13543, 15952, 13559, 0)
(13565, 16075, 13584, 0)
(13378, 15595, 13393, 0)
(13561, 16547, 13647, 0)
(13463, 15394, 13477, 0)
(13441, 15691, 13456, 0)
(13375, 15546, 13390, 0)
(13635, 15724, 13649, 0)
(13704, 15742, 13719, 0)
(13583, 15571, 13597, 0)
(13590, 20352, 13605, 0)
(17725, 20508, 17742, 0)
(13546, 16015, 13561, 0)
(13556, 15735, 13571, 0)
(13648, 16081, 13662, 0)
(13514, 16014, 13528, 0)
(13453, 15674, 13468, 0)
(13458, 15589, 13473, 0)
(13425, 15731, 13439, 0)
(13592, 15596, 13606, 0)
(13489, 16224, 13505, 0)
(13537, 16253, 13552, 0)
(13584, 15838, 13598, 0)
(13670, 15932, 13685, 0)
(17832, 20925, 17851, 0)
(13408, 15719, 13422, 0)
(13505, 16025, 13519, 0)
(13437, 15969, 13451, 0)
(13605, 16611, 13620, 0)
(13424, 15484, 13438, 0)
(13663, 16580, 13678, 0)
(13571, 16442, 13587, 0)
(13553, 15899, 13568, 0)
(13536, 16514, 13552, 0)
(13538, 16317, 13553, 0)
(13520, 16602, 13536, 0)
(13610, 16500, 13625, 0)
(13564, 16085, 13579, 0)
(16498, 19624, 16513, 0)
(13962, 16306, 14013, 0)
(13471, 15934, 13487, 0)
(13492, 15677, 13507, 0)
(13578, 15585, 13593, 0)
(13624, 16041, 13637, 0)
(13445, 15712, 13461, 0)
(13531, 15714, 13545, 0)
(13532, 15861, 13546, 0)
(13536, 15547, 13551, 0)
(16694, 19669, 16710, 0)
(13518, 16208, 13535, 0)
(13744, 16163, 13788, 0)
(13537, 16017, 13550, 0)
(13681, 16141, 13696, 0)
(13421, 15566, 13435, 0)
(13826, 16997, 13874, 0)
(13360, 15722, 13372, 0)
(13456, 15852, 13471, 0)
(13444, 16502, 13463, 0)
(13549, 16078, 13562, 0)
(13576, 16060, 13591, 0)
(13477, 15498, 13492, 0)
(13636, 16870, 13651, 0)
(13399, 16294, 13413, 0)
(13698, 16354, 13711, 0)
(13609, 16172, 13623, 0)
(13491, 15969, 13506, 0)
(13605, 15947, 13619, 0)
(13689, 20192, 13704, 0)
(13620, 16427, 13636, 0)
(13496, 15883, 13511, 0)
(13317, 15374, 13332, 0)
(13407, 16469, 13423, 0)
(13439, 15898, 13454, 0)
(13463, 16282, 13482, 0)
(13644, 16073, 13659, 0)
(13556, 17576, 13573, 0)
(13452, 15858, 13467, 0)
(13411, 20132, 13426, 0)
(13454, 15635, 13469, 0)
(13541, 15734, 13556, 0)
(13640, 16861, 13655, 0)
(13491, 15489, 13506, 0)
(13574, 16067, 13590, 0)
(13567, 15627, 13582, 0)
(13402, 15745, 13416, 0)
(13657, 16064, 13671, 0)
(13430, 16388, 13447, 0)
(13604, 16966, 13622, 0)
(13638, 16580, 13654, 0)
(13561, 16030, 13576, 0)
(13526, 16094, 13541, 0)
(13605, 16235, 13620, 0)
(13504, 15688, 13520, 0)
(13582, 16216, 13596, 0)
(13584, 15491, 13598, 0)
(13482, 15590, 13497, 0)
(13408, 20159, 13431, 0)
(13548, 15695, 13562, 0)
(13724, 15970, 13738, 0)
(13453, 16124, 13470, 0)
(13516, 16763, 13533, 0)
(13435, 16733, 13453, 0)
(13443, 16293, 13456, 0)
(13459, 15958, 13474, 0)
(13630, 16115, 13653, 0)
(13604, 16525, 13619, 0)
(13532, 15760, 13547, 0)
(13523, 15754, 13537, 0)
(13498, 17813, 13513, 0)
(13599, 16414, 13614, 0)
(13525, 15731, 13540, 0)
(13587, 17826, 13602, 0)
(13465, 16730, 13485, 0)
(13455, 15442, 13470, 0)
(13569, 16233, 13586, 0)
(13548, 15868, 13563, 0)
(13635, 16055, 13650, 0)
(13597, 15694, 13617, 0)
(13522, 15827, 13537, 0)
(13452, 15589, 13467, 0)
(13557, 15580, 13570, 0)
(13661, 16092, 13676, 0)
(13446, 15968, 13461, 0)
(13456, 15482, 13471, 0)
(13644, 16342, 13745, 0)
(13588, 15994, 13615, 0)
(13433, 15760, 13448, 0)
(13560, 15846, 13576, 0)
(13456, 15631, 13471, 0)
(13494, 15890, 13508, 0)
(13639, 16875, 13658, 0)
(13489, 16240, 13505, 0)
(13681, 16294, 13697, 0)
(13392, 16265, 13410, 0)
(13463, 15799, 13477, 0)
(13443, 15370, 13459, 0)
(13633, 15927, 13647, 0)
(13584, 16411, 13617, 0)
(13676, 15684, 13692, 0)
(13431, 15957, 13446, 0)
(16432, 19159, 16448, 0)
(13527, 16251, 13542, 0)
(13506, 15672, 13521, 0)
(13566, 15977, 13581, 0)
(13535, 15441, 13551, 0)
(13509, 15719, 13524, 0)
(13538, 15611, 13553, 0)
(13578, 15849, 13593, 0)
(13546, 15505, 13560, 0)
(13634, 17163, 13651, 0)
(13522, 16227, 13538, 0)
(13610, 15982, 13623, 0)
(13652, 16089, 13666, 0)
(13506, 15577, 13520, 0)
(13497, 15761, 13513, 0)
(13456, 16050, 13471, 0)
(13631, 15625, 13646, 0)
(13567, 16221, 13583, 0)
(13496, 16045, 13510, 0)
(13575, 15758, 13589, 0)
(13399, 15553, 13413, 0)
(13402, 15811, 13419, 0)
(13397, 16465, 13414, 0)
(13456, 15600, 13472, 0)
(13576, 16279, 13590, 0)
(13471, 15784, 13487, 0)
(13410, 15438, 13424, 0)
(13589, 16232, 13604, 0)
(13519, 16083, 13547, 0)
(13588, 15503, 13603, 0)
(13419, 15472, 13436, 0)
(13599, 16314, 13616, 0)
(13554, 16403, 13571, 0)
(13406, 15610, 13421, 0)
(13525, 16976, 13550, 0)
(13565, 16184, 13580, 0)
(13621, 16692, 13637, 0)
(13490, 16403, 13506, 0)
(13463, 15784, 13478, 0)
(17862, 21425, 17878, 0)
(13484, 15572, 13499, 0)
(13491, 15776, 13506, 0)
(16518, 19903, 16535, 0)
(13634, 15628, 13649, 0)
(13609, 15799, 13624, 0)
(13621, 16002, 13636, 0)
(13614, 16126, 13630, 0)
(13679, 15960, 13694, 0)
(13624, 16136, 13647, 0)
(13552, 15785, 13567, 0)
(13400, 15970, 13416, 0)
(13559, 16474, 13578, 0)
(13632, 16274, 13650, 0)
(13318, 16114, 13332, 0)
(13477, 15671, 13491, 0)
(13561, 16033, 13575, 0)
(13608, 16311, 13623, 0)
(13458, 16153, 13473, 0)
(16454, 19552, 16469, 0)
(13465, 16660, 13478, 0)
(13606, 15931, 13621, 0)
(13579, 15871, 13594, 0)
(13496, 16163, 13510, 0)
(13568, 16204, 13583, 0)
(13625, 15886, 13641, 0)
(13575, 16260, 13591, 0)
(13677, 15736, 13693, 0)
(13466, 16515, 13483, 0)
(13602, 15872, 13617, 0)
(13530, 15601, 13544, 0)
(13565, 19566, 13579, 0)
(13566, 16029, 13580, 0)
(13521, 15931, 13535, 0)
(13394, 16315, 13409, 0)
(13518, 15547, 13533, 0)
(13444, 15374, 13458, 0)
(13442, 16176, 13457, 0)
(13470, 15652, 13485, 0)
(13463, 16405, 13482, 0)
(13611, 16635, 13627, 0)
(13431, 16262, 13446, 0)
(13535, 15979, 13549, 0)
(13499, 16045, 13514, 0)
(13562, 15813, 13576, 0)
(13536, 15880, 13550, 0)
(13557, 16159, 13572, 0)
(13397, 15829, 13412, 0)
(13540, 15833, 13574, 0)
(13464, 15806, 13479, 0)
(17873, 21098, 17891, 0)
(13462, 15456, 13477, 0)
(13549, 15674, 13564, 0)
(13563, 15738, 13578, 0)
(13646, 15758, 13661, 0)
(13596, 16017, 13611, 0)
(13654, 16842, 13676, 0)
(13479, 15586, 13494, 0)
(13641, 16631, 13655, 0)
(13477, 15797, 13491, 0)
(13475, 16169, 13490, 0)
(13628, 16406, 13643, 0)
(13476, 15881, 13490, 0)
(13499, 15834, 13514, 0)
(13425, 15755, 13440, 0)
(13567, 15885, 13614, 0)
(13632, 19865, 13648, 0)
(13483, 17486, 13502, 0)
(13540, 17041, 13556, 0)
(13425, 16396, 13440, 0)
(13613, 16088, 13639, 0)
(13727, 16314, 13741, 0)
(13539, 16380, 13553, 0)
(13613, 16147, 13628, 0)
(13652, 16507, 13666, 0)
(13517, 16197, 13531, 0)
(13625, 15757, 13640, 0)
(13590, 15752, 13605, 0)
(13452, 16106, 13469, 0)
(13535, 15675, 13550, 0)
(13447, 16137, 13463, 0)
(13474, 15571, 13489, 0)
(13516, 15777, 13530, 0)
(13547, 20366, 13560, 0)
(13452, 16303, 13467, 0)
(16464, 19552, 16493, 0)
(13549, 16201, 13564, 0)
(13404, 15565, 13419, 0)
(13631, 15990, 13748, 0)
(13374, 15324, 13389, 0)
(13548, 16551, 13563, 0)
(13428, 16070, 13462, 0)
(13481, 15533, 13496, 0)
(16565, 19880, 16583, 0)
(13448, 15995, 13464, 0)
(13454, 16273, 13470, 0)
(13716, 16538, 13738, 0)
(13646, 15865, 13660, 0)
(13584, 16240, 13603, 0)
(13480, 15825, 13494, 0)
(13586, 15757, 13601, 0)
(13517, 16183, 13533, 0)
(13422, 15516, 13436, 0)
(13623, 15802, 13638, 0)
(13623, 15768, 13638, 0)
(13531, 15657, 13547, 0)
(13514, 15951, 13529, 0)
(13478, 15701, 13495, 0)
(13502, 16325, 13518, 0)
(13570, 15800, 13585, 0)
(13432, 16676, 13453, 0)
(13626, 16009, 13640, 0)
(16528, 19174, 16557, 0)
(13580, 16092, 13596, 0)
(13709, 16698, 13728, 0)
(13617, 15618, 13631, 0)
(13450, 15648, 13465, 0)
(13492, 15549, 13507, 0)
(16619, 19749, 16635, 0)
(13581, 15638, 13594, 0)
(13678, 16214, 13693, 0)
(13594, 16333, 13609, 0)
(13541, 18008, 13555, 0)
(17556, 20677, 17574, 0)
(13635, 16350, 13649, 0)
(17735, 20490, 17751, 0)
(13566, 15554, 13581, 0)
(13578, 16364, 13593, 0)
(13428, 15576, 13443, 0)
(13422, 15628, 13438, 0)
(13650, 15748, 13665, 0)
(13622, 15688, 13636, 0)
(13560, 16201, 13577, 0)
(13452, 15947, 13466, 0)
(13559, 15538, 13574, 0)
(16715, 19174, 16731, 0)
(13462, 15951, 13477, 0)
(13493, 15902, 13508, 0)
(16514, 19079, 16530, 0)
(13406, 15379, 13419, 0)
(13428, 17217, 13445, 0)
(13527, 15833, 13552, 0)
(13433, 15335, 13447, 0)
(13583, 16701, 13600, 0)
(13456, 15509, 13471, 0)
(13637, 15752, 13653, 0)
(13588, 15743, 13603, 0)
(13390, 15528, 13404, 0)
(13571, 15943, 13586, 0)
(13558, 15636, 13573, 0)
(13450, 15513, 13465, 0)
(13661, 15931, 13675, 0)
(13467, 15446, 13482, 0)
(14002, 16681, 14054, 0)
(13623, 16492, 13638, 0)
(17698, 20388, 17714, 0)
(13645, 16026, 13660, 0)
(13433, 15467, 13448, 0)
(16505, 19071, 16520, 0)
(13525, 16328, 13540, 0)
(13525, 15885, 13540, 0)
(13662, 16169, 13676, 0)
(13435, 15516, 13450, 0)
(13644, 16035, 13659, 0)
(13621, 15976, 13636, 0)
(13549, 15787, 13563, 0)
(13641, 15975, 13656, 0)
(13596, 16990, 13614, 0)
(13573, 15843, 13588, 0)
(13428, 16009, 13443, 0)
(13504, 15544, 13519, 0)
(13605, 15681, 13619, 0)
(13467, 15931, 13484, 0)
(13524, 15591, 13539, 0)
(13436, 15758, 13451, 0)
(13513, 15531, 13527, 0)
(13521, 15704, 13536, 0)
(13470, 15777, 13527, 0)
(13643, 16616, 13658, 0)
(13548, 16280, 13575, 0)
(13444, 15742, 13459, 0)
(13466, 16584, 13483, 0)
(13726, 16880, 13745, 0)
(13719, 16692, 13760, 0)
(13452, 15532, 13467, 0)
(13542, 16790, 13559, 0)
(13571, 16034, 13586, 0)
(13575, 16866, 13594, 0)
(13554, 15808, 13568, 0)
(13557, 16201, 13584, 0)
(13564, 15961, 13578, 0)
(13557, 15683, 13572, 0)
(13619, 16528, 13633, 0)
(13537, 16609, 13565, 0)
(13591, 15675, 13606, 0)
(13579, 16372, 13594, 0)
(13459, 15610, 13475, 0)
(13550, 15744, 13564, 0)
(13449, 15648, 13464, 0)
(13449, 15556, 13463, 0)
(13468, 17513, 13486, 0)
(13544, 16773, 13562, 0)
(13462, 17395, 13482, 0)
(13703, 16048, 13718, 0)
(13585, 16045, 13642, 0)
(13494, 16155, 13507, 0)
(13894, 16424, 13909, 0)
(13688, 16098, 13729, 0)
(13453, 16363, 13469, 0)
(13529, 16035, 13543, 0)
(13507, 15656, 13521, 0)
(13510, 16626, 13525, 0)
(13543, 15900, 13557, 0)
(13566, 15558, 13581, 0)
(13705, 15698, 13719, 0)
(13552, 15755, 13566, 0)
(13534, 16563, 13551, 0)
(13706, 16057, 13722, 0)
(13664, 15691, 13679, 0)
(13452, 15862, 13482, 0)
(13581, 15604, 13597, 0)
(13592, 15588, 13605, 0)
(13537, 15581, 13551, 0)
(13537, 15950, 13552, 0)
(13547, 15937, 13562, 0)
(13467, 16098, 13574, 0)
(13502, 16046, 13517, 0)
(13571, 15940, 13588, 0)
(13489, 16532, 13504, 0)
(13634, 16138, 13649, 0)
(13465, 15781, 13480, 0)
(13512, 16228, 13529, 0)
(13602, 16521, 13617, 0)
(13378, 15553, 13393, 0)
(13622, 15762, 13636, 0)
(14039, 16396, 14054, 0)
(13384, 15581, 13398, 0)
(13447, 16293, 13462, 0)
(13475, 15769, 13490, 0)
(13399, 16050, 13427, 0)
(13582, 16082, 13598, 0)
(13657, 16098, 13704, 0)
(13719, 16219, 13733, 0)
(13653, 16368, 13669, 0)
(13339, 16360, 13354, 0)
(13601, 15572, 13616, 0)
(13471, 16046, 13485, 0)
(13664, 16225, 13679, 0)
(13568, 15754, 13583, 0)
