(88818, 103130, 89394, 0)
(88741, 98147, 89339, 0)
(90101, 103970, 90947, 0)
(85574, 97278, 86628, 0)
(89977, 114679, 90887, 0)
(84895, 109324, 85730, 0)
(89529, 97676, 90163, 0)
(89519, 101748, 90170, 0)
(91649, 99925, 92146, 0)
(88796, 100527, 89865, 0)
(88829, 100592, 89448, 0)
(88851, 98608, 89986, 0)
(88892, 106958, 89477, 0)
(89535, 178489, 90201, 0)
(92061, 101993, 92817, 0)
(85394, 98282, 86514, 0)
(88704, 98196, 89878, 0)
(85348, 104050, 86529, 0)
(88713, 98824, 89839, 0)
(89561, 104754, 90231, 0)
(88770, 103677, 89861, 0)
(84942, 99206, 85761, 0)
(88767, 104280, 89910, 0)
(89524, 103486, 90233, 0)
(84920, 95681, 85729, 0)
(85311, 102202, 86452, 0)
(85436, 226879, 86612, 0)
(85458, 208768, 86626, 0)
(85348, 130202, 86484, 0)
(84957, 115363, 85875, 0)
(88770, 100268, 89352, 0)
(84884, 96803, 85816, 0)
(94799, 102429, 95597, 0)
(84898, 95823, 85853, 0)
(85568, 324878, 86655, 0)
(88771, 164697, 89475, 0)
(85515, 102386, 86897, 0)
(84942, 95301, 85766, 0)
(92096, 101648, 92823, 0)
(84861, 96670, 85801, 0)
(84917, 104877, 85901, 0)
(84822, 95848, 85753, 0)
(89586, 105145, 90313, 0)
(90184, 118949, 91262, 0)
(89637, 101379, 90297, 0)
(85714, 95261, 86727, 0)
(90021, 132708, 90898, 0)
(88842, 101185, 89419, 0)
(89399, 106072, 90353, 0)
(84864, 106742, 85739, 0)
(89701, 104326, 90418, 0)
(92100, 164030, 92815, 0)
(84957, 133240, 85836, 0)
(91766, 120317, 92520, 0)
(85279, 109501, 86392, 0)
(89581, 167800, 90243, 0)
(89492, 99608, 90136, 0)
(91816, 102719, 92578, 0)
(94809, 106593, 95623, 0)
(89948, 102259, 90786, 0)
(91737, 109760, 92370, 0)
(91769, 132543, 92292, 0)
(85504, 186796, 86615, 0)
(89661, 105111, 90380, 0)
(85375, 123159, 86487, 0)
(85439, 102887, 86617, 0)
(85468, 101140, 86586, 0)
(85525, 96850, 86649, 0)
(88792, 106827, 89414, 0)
(85255, 105014, 86369, 0)
(88761, 143951, 89891, 0)
(84748, 115572, 85749, 0)
(84909, 172190, 85721, 0)
(84905, 102814, 85754, 0)
(91995, 106760, 92690, 0)
(85285, 108510, 86459, 0)
(88798, 107598, 89441, 0)
(84729, 97344, 85574, 0)
(85323, 100427, 86453, 0)
(90062, 103317, 90946, 0)
(84852, 94633, 85677, 0)
(84957, 100659, 86043, 0)
(85408, 100186, 86563, 0)
(85431, 99626, 86581, 0)
