(952, 1224, 997, 0)
(3978, 4877, 3985, 0)
(905, 1191, 952, 0)
(904, 1290, 951, 0)
(942, 1296, 994, 0)
(882, 1288, 946, 0)
(939, 1214, 995, 0)
(893, 1237, 941, 0)
(900, 1189, 953, 0)
(895, 1288, 943, 0)
(1838, 2327, 1876, 0)
(899, 1304, 953, 0)
(1807, 2189, 1844, 0)
(893, 1302, 940, 0)
(892, 1441, 940, 0)
(912, 1268, 962, 0)
(897, 1170, 945, 0)
(900, 1239, 950, 0)
(882, 1284, 931, 0)
(906, 1271, 960, 0)
(903, 1236, 949, 0)
(910, 1196, 961, 0)
(913, 1361, 965, 0)
(878, 1192, 927, 0)
(873, 1236, 936, 0)
(880, 1144, 928, 0)
(915, 1214, 957, 0)
(915, 1270, 969, 0)
(929, 1460, 1006, 0)
(914, 1288, 956, 0)
(884, 1194, 942, 0)
(919, 1373, 974, 0)
(878, 1265, 927, 0)
(900, 1161, 950, 0)
(895, 1203, 943, 0)
(893, 1234, 941, 0)
(879, 1134, 928, 0)
(903, 1276, 952, 0)
(909, 1242, 951, 0)
(910, 1270, 950, 0)
(941, 1339, 996, 0)
(903, 1180, 948, 0)
(891, 1226, 939, 0)
(958, 1247, 1002, 0)
(879, 1186, 927, 0)
(917, 1208, 968, 0)
(899, 1315, 952, 0)
(888, 1205, 937, 0)
(877, 1229, 944, 0)
(900, 1169, 950, 0)
(907, 1239, 955, 0)
(896, 1259, 953, 0)
(895, 1132, 951, 0)
(914, 1285, 960, 0)
(928, 1304, 981, 0)
(892, 1187, 944, 0)
(893, 1176, 945, 0)
(903, 1258, 947, 0)
(928, 1277, 1004, 0)
(890, 1312, 940, 0)
(1826, 2336, 1870, 0)
(913, 1256, 956, 0)
(901, 1213, 951, 0)
(907, 1247, 954, 0)
(905, 1394, 951, 0)
(907, 1485, 955, 0)
(899, 1276, 947, 0)
(892, 1280, 944, 0)
(913, 1343, 966, 0)
(911, 1217, 957, 0)
(941, 1216, 989, 0)
(1817, 2517, 1839, 0)
(874, 1262, 938, 0)
(881, 1171, 931, 0)
(898, 1291, 951, 0)
(892, 1211, 944, 0)
(910, 1168, 951, 0)
(893, 1283, 941, 0)
(916, 1308, 959, 0)
(919, 1373, 972, 0)
(954, 1251, 1002, 0)
(893, 1211, 945, 0)
(1851, 2597, 1877, 0)
(901, 1190, 948, 0)
(901, 1243, 950, 0)
(916, 1205, 962, 0)
(897, 1188, 945, 0)
(879, 1211, 928, 0)
(902, 1212, 948, 0)
(921, 1356, 974, 0)
(908, 1371, 955, 0)
(878, 1320, 929, 0)
(899, 1240, 952, 0)
(874, 1261, 936, 0)
(895, 1270, 950, 0)
(945, 1289, 993, 0)
(883, 1398, 936, 0)
(897, 1197, 946, 0)
(919, 1204, 965, 0)
(905, 1319, 951, 0)
(911, 1221, 957, 0)
(898, 1299, 940, 0)
(920, 1212, 974, 0)
(962, 1328, 1031, 0)
(894, 1239, 951, 0)
(915, 1260, 968, 0)
(916, 1365, 958, 0)
(929, 1371, 986, 0)
(883, 1190, 936, 0)
(913, 1316, 958, 0)
(897, 1273, 947, 0)
(917, 1225, 957, 0)
(885, 1152, 932, 0)
(1862, 2476, 1915, 0)
(941, 1312, 993, 0)
(915, 1258, 957, 0)
(903, 1185, 951, 0)
(1853, 2372, 1881, 0)
(899, 1311, 952, 0)
(907, 1193, 951, 0)
(903, 1201, 951, 0)
(957, 1269, 1002, 0)
(892, 1305, 940, 0)
(1861, 2440, 1883, 0)
(915, 1161, 969, 0)
(911, 1195, 957, 0)
(902, 5626, 953, 0)
(898, 1132, 949, 0)
(922, 1213, 976, 0)
(896, 1324, 946, 0)
(904, 1194, 951, 0)
(895, 1201, 951, 0)
(1830, 2440, 1863, 0)
(870, 1216, 939, 0)
(880, 1302, 943, 0)
(896, 1254, 945, 0)
(896, 1290, 943, 0)
(904, 1210, 948, 0)
(895, 1254, 940, 0)
(953, 1224, 998, 0)
(933, 1268, 978, 0)
(895, 1172, 951, 0)
(893, 1168, 940, 0)
(911, 1295, 950, 0)
(906, 1395, 951, 0)
(902, 1197, 951, 0)
(900, 1213, 947, 0)
(897, 1346, 942, 0)
(902, 1314, 948, 0)
(892, 1124, 939, 0)
(1836, 2268, 1864, 0)
(874, 1277, 940, 0)
(893, 1163, 939, 0)
(916, 1211, 957, 0)
(904, 1210, 947, 0)
(881, 1192, 929, 0)
(882, 1199, 941, 0)
(893, 1276, 941, 0)
(917, 1188, 965, 0)
(870, 1343, 941, 0)
(911, 1209, 957, 0)
(906, 1270, 954, 0)
(911, 1181, 957, 0)
(903, 1273, 951, 0)
(944, 1271, 1004, 0)
(898, 1324, 945, 0)
(917, 1353, 958, 0)
(1801, 2278, 1847, 0)
(918, 1253, 961, 0)
(890, 1198, 939, 0)
(895, 1207, 951, 0)
(893, 1602, 941, 0)
(894, 1297, 941, 0)
(916, 1194, 959, 0)
(930, 1389, 1014, 0)
(913, 1345, 958, 0)
(898, 1300, 946, 0)
(893, 1265, 940, 0)
(880, 1297, 928, 0)
(907, 1207, 954, 0)
(898, 1211, 948, 0)
(903, 1234, 947, 0)
(908, 1225, 956, 0)
(930, 1419, 1015, 0)
(903, 1209, 949, 0)
(903, 1187, 952, 0)
(895, 1225, 949, 0)
(903, 1168, 947, 0)
(912, 1241, 958, 0)
(885, 1284, 933, 0)
(871, 1237, 939, 0)
(908, 1217, 954, 0)
(877, 1161, 927, 0)
(895, 1293, 951, 0)
(897, 1314, 946, 0)
(895, 1172, 943, 0)
(916, 1170, 968, 0)
(911, 1309, 958, 0)
(906, 1334, 952, 0)
(894, 1243, 951, 0)
(890, 1204, 938, 0)
(879, 1268, 928, 0)
(904, 1332, 948, 0)
(937, 1196, 997, 0)
(894, 1212, 945, 0)
(896, 1226, 944, 0)
(884, 1264, 932, 0)
(899, 1253, 949, 0)
(905, 1229, 951, 0)
(893, 1207, 942, 0)
(1836, 2389, 1865, 0)
(895, 1291, 950, 0)
(916, 1401, 959, 0)
(892, 1214, 941, 0)
(950, 1327, 1026, 0)
(884, 1288, 945, 0)
(897, 1270, 945, 0)
(903, 1382, 951, 0)
(893, 1227, 945, 0)
(951, 1323, 1001, 0)
(903, 1219, 947, 0)
(900, 1339, 953, 0)
(894, 1180, 944, 0)
(893, 1239, 939, 0)
(905, 1191, 952, 0)
(954, 1253, 1025, 0)
(898, 1198, 946, 0)
(911, 1230, 958, 0)
(904, 1180, 947, 0)
(900, 1270, 952, 0)
(903, 1207, 950, 0)
(920, 1183, 965, 0)
(895, 1162, 951, 0)
(893, 1233, 946, 0)
(2812, 3439, 2820, 0)
(870, 1220, 939, 0)
(964, 1397, 1008, 0)
(898, 1185, 945, 0)
(883, 1228, 935, 0)
(893, 1203, 939, 0)
(892, 1152, 942, 0)
(904, 1277, 977, 0)
(895, 1252, 949, 0)
(915, 1228, 960, 0)
(893, 1287, 939, 0)
(897, 1253, 947, 0)
(931, 1252, 977, 0)
(1917, 2463, 1947, 0)
(878, 1154, 928, 0)
(905, 1224, 951, 0)
(928, 1274, 1002, 0)
(879, 1298, 928, 0)
(899, 1196, 953, 0)
(892, 1302, 945, 0)
(946, 1244, 998, 0)
(1820, 2541, 1862, 0)
(942, 1307, 1021, 0)
(870, 1233, 939, 0)
(886, 1285, 932, 0)
(908, 1227, 952, 0)
(904, 1204, 951, 0)
(952, 1476, 1002, 0)
(943, 1252, 994, 0)
(892, 1262, 939, 0)
(879, 1152, 932, 0)
(907, 1252, 951, 0)
(943, 1380, 990, 0)
(896, 1195, 947, 0)
(2678, 3160, 2686, 0)
(901, 1357, 953, 0)
(897, 1212, 946, 0)
(883, 1153, 932, 0)
(929, 1361, 1003, 0)
(904, 1182, 947, 0)
(904, 1193, 947, 0)
(904, 1251, 950, 0)
(873, 1386, 937, 0)
(887, 1221, 933, 0)
(898, 1259, 949, 0)
(1816, 2303, 1857, 0)
(903, 1267, 947, 0)
(872, 1329, 941, 0)
(892, 1245, 964, 0)
(1825, 2453, 1854, 0)
(917, 1201, 959, 0)
(880, 1201, 928, 0)
(936, 1222, 994, 0)
(1823, 2572, 1868, 0)
(895, 1202, 951, 0)
(883, 1269, 940, 0)
(940, 1274, 994, 0)
(911, 1460, 957, 0)
(945, 1300, 997, 0)
(907, 1295, 950, 0)
(937, 1278, 999, 0)
(895, 1217, 950, 0)
(882, 1252, 939, 0)
(1825, 2190, 1872, 0)
(896, 1174, 946, 0)
(910, 1251, 953, 0)
(907, 1245, 951, 0)
(941, 1323, 995, 0)
(896, 1215, 947, 0)
(933, 1319, 1009, 0)
(908, 1168, 951, 0)
(897, 1200, 945, 0)
(929, 1381, 1004, 0)
(907, 1308, 955, 0)
(896, 1175, 952, 0)
(884, 1155, 925, 0)
(892, 1421, 939, 0)
(899, 1234, 951, 0)
(899, 1241, 952, 0)
(897, 1249, 947, 0)
(941, 1261, 991, 0)
(912, 1325, 952, 0)
(895, 1128, 944, 0)
(884, 1172, 942, 0)
(895, 1312, 950, 0)
(915, 1356, 958, 0)
(880, 1218, 928, 0)
(932, 1209, 984, 0)
(905, 1275, 952, 0)
(901, 1252, 948, 0)
(904, 1312, 951, 0)
(882, 1135, 932, 0)
(952, 1252, 999, 0)
(911, 1410, 956, 0)
(916, 1187, 959, 0)
(946, 1281, 1004, 0)
(921, 1260, 972, 0)
(909, 1227, 951, 0)
(898, 1456, 951, 0)
(893, 1189, 945, 0)
(881, 1162, 928, 0)
(886, 1213, 947, 0)
(911, 1256, 958, 0)
(870, 1209, 939, 0)
(890, 1207, 940, 0)
(896, 1235, 950, 0)
(874, 1276, 922, 0)
(899, 1251, 951, 0)
(906, 1325, 954, 0)
(899, 1245, 951, 0)
(901, 1324, 952, 0)
(893, 1190, 946, 0)
(908, 1266, 952, 0)
(900, 1279, 953, 0)
(899, 1249, 953, 0)
(909, 1202, 951, 0)
(1849, 2517, 1875, 0)
(877, 1200, 927, 0)
(898, 1215, 944, 0)
(1848, 2286, 1884, 0)
(894, 1204, 941, 0)
(919, 1308, 974, 0)
(900, 1273, 949, 0)
(912, 1365, 960, 0)
(1929, 2451, 1954, 0)
(893, 1307, 940, 0)
(914, 1264, 958, 0)
(880, 1175, 928, 0)
(896, 1333, 947, 0)
(882, 1169, 946, 0)
(896, 1180, 945, 0)
(887, 1299, 947, 0)
(905, 1244, 951, 0)
(972, 1535, 1060, 0)
(897, 1202, 948, 0)
(894, 1145, 951, 0)
(922, 1291, 976, 0)
(894, 1390, 946, 0)
(895, 1242, 951, 0)
(870, 1279, 939, 0)
(1848, 2405, 1893, 0)
(900, 1177, 951, 0)
(896, 1182, 944, 0)
(904, 1225, 951, 0)
(908, 1141, 950, 0)
(911, 1227, 957, 0)
(918, 1297, 974, 0)
(952, 1288, 1002, 0)
(878, 1333, 925, 0)
(894, 1174, 951, 0)
(912, 1303, 960, 0)
(917, 1396, 967, 0)
(891, 1285, 941, 0)
(910, 1185, 949, 0)
(870, 1365, 941, 0)
(891, 1298, 941, 0)
(895, 1192, 946, 0)
(891, 1219, 938, 0)
(904, 1269, 951, 0)
(879, 1142, 928, 0)
(893, 1163, 939, 0)
(917, 1195, 969, 0)
(892, 1214, 939, 0)
(874, 1258, 937, 0)
(953, 1282, 1028, 0)
(896, 1131, 952, 0)
(902, 1179, 951, 0)
(894, 1397, 946, 0)
(902, 1253, 947, 0)
(912, 1220, 962, 0)
(897, 1196, 952, 0)
(1827, 2403, 1859, 0)
(897, 1213, 945, 0)
(940, 1375, 989, 0)
(911, 1292, 958, 0)
(930, 1401, 1013, 0)
(912, 1213, 958, 0)
(951, 1291, 1026, 0)
(925, 1226, 977, 0)
(899, 1185, 948, 0)
(910, 1244, 955, 0)
(896, 1527, 943, 0)
(879, 1097, 927, 0)
(915, 1181, 959, 0)
(876, 1179, 943, 0)
(877, 1280, 942, 0)
(960, 1461, 1007, 0)
(903, 1190, 947, 0)
(912, 1273, 958, 0)
(943, 1307, 1003, 0)
(893, 1262, 945, 0)
(945, 1279, 997, 0)
(1829, 2171, 1853, 0)
(891, 1233, 941, 0)
(902, 1193, 948, 0)
(894, 1202, 951, 0)
(914, 1231, 966, 0)
(880, 1184, 930, 0)
(879, 1152, 926, 0)
(904, 1335, 949, 0)
(904, 1231, 950, 0)
(903, 1264, 973, 0)
(908, 1334, 955, 0)
(897, 1321, 945, 0)
(900, 1171, 951, 0)
(958, 1316, 1006, 0)
(904, 1219, 947, 0)
(1835, 2326, 1876, 0)
(909, 1200, 959, 0)
(897, 1218, 947, 0)
(895, 1136, 944, 0)
(901, 1188, 949, 0)
(880, 1221, 928, 0)
(901, 1180, 950, 0)
(903, 1223, 945, 0)
(871, 1369, 939, 0)
(904, 1196, 947, 0)
(904, 1318, 956, 0)
(897, 1284, 953, 0)
(899, 1137, 953, 0)
(891, 1178, 939, 0)
(911, 1213, 951, 0)
(890, 1373, 939, 0)
(892, 1209, 937, 0)
(1825, 2445, 1847, 0)
(897, 1168, 946, 0)
(899, 1199, 946, 0)
(1827, 2248, 1867, 0)
(881, 1214, 930, 0)
(879, 1239, 940, 0)
(898, 1380, 946, 0)
(902, 1179, 949, 0)
(887, 1262, 966, 0)
(910, 1299, 951, 0)
(893, 1317, 945, 0)
(892, 1222, 940, 0)
(894, 1226, 944, 0)
(891, 1197, 938, 0)
(899, 1376, 954, 0)
(911, 1223, 959, 0)
(889, 1194, 939, 0)
(904, 1248, 951, 0)
(895, 1231, 951, 0)
(880, 1178, 925, 0)
(897, 1276, 945, 0)
(903, 1230, 954, 0)
(939, 1480, 990, 0)
(903, 1142, 947, 0)
(895, 1210, 951, 0)
(920, 1304, 970, 0)
(878, 1326, 927, 0)
(890, 1248, 938, 0)
(1852, 2421, 1874, 0)
(936, 1346, 994, 0)
(907, 1394, 954, 0)
(925, 1282, 977, 0)
(880, 1189, 928, 0)
(880, 1151, 928, 0)
(906, 1220, 958, 0)
(899, 1282, 950, 0)
(904, 1311, 948, 0)
(895, 1190, 944, 0)
(899, 1154, 950, 0)
(956, 1311, 1007, 0)
(895, 1167, 951, 0)
(893, 1165, 939, 0)
(900, 1409, 952, 0)
(928, 1284, 1015, 0)
(883, 1224, 932, 0)
(870, 1232, 939, 0)
(895, 1256, 950, 0)
(917, 1287, 958, 0)
(918, 1593, 960, 0)
(901, 1225, 954, 0)
(917, 1173, 959, 0)
(899, 1295, 952, 0)
(911, 1166, 958, 0)
(898, 1196, 948, 0)
(894, 1241, 945, 0)
(874, 1207, 936, 0)
(893, 1305, 945, 0)
(919, 1354, 945, 0)
(879, 1251, 927, 0)
(914, 1422, 956, 0)
(938, 1268, 994, 0)
(879, 1170, 927, 0)
(880, 1180, 928, 0)
(880, 1203, 928, 0)
(892, 1311, 940, 0)
(1927, 2427, 1973, 0)
(885, 1191, 938, 0)
(905, 1207, 957, 0)
(911, 1235, 958, 0)
(948, 1243, 1025, 0)
(958, 1289, 1002, 0)
(1839, 2523, 1873, 0)
(877, 1507, 939, 0)
(893, 1210, 940, 0)
(1851, 2272, 1877, 0)
(878, 1324, 941, 0)
(955, 1209, 1026, 0)
(919, 1373, 971, 0)
(870, 1210, 939, 0)
(881, 1199, 943, 0)
(898, 1349, 944, 0)
(892, 1337, 939, 0)
(903, 1195, 952, 0)
(874, 1206, 937, 0)
(895, 1293, 950, 0)
(910, 1276, 951, 0)
(916, 1209, 965, 0)
(916, 1202, 958, 0)
(897, 1228, 949, 0)
(893, 1200, 954, 0)
(1876, 2292, 1917, 0)
(920, 1358, 975, 0)
(892, 1211, 946, 0)
(892, 1413, 939, 0)
(902, 1224, 950, 0)
(1827, 2229, 1863, 0)
(911, 1197, 958, 0)
(873, 1311, 936, 0)
(894, 1243, 941, 0)
(909, 1195, 949, 0)
(917, 1241, 962, 0)
(1854, 2591, 1880, 0)
(909, 1200, 952, 0)
(899, 1384, 944, 0)
(911, 1204, 955, 0)
(1837, 2325, 1872, 0)
(1849, 2362, 1872, 0)
(885, 1169, 932, 0)
(895, 1186, 951, 0)
(870, 1229, 939, 0)
(907, 1271, 954, 0)
(913, 1453, 958, 0)
(1844, 2498, 1878, 0)
(911, 1129, 957, 0)
(870, 1244, 938, 0)
(897, 1240, 946, 0)
(895, 1328, 950, 0)
(1831, 2442, 1864, 0)
(882, 1237, 938, 0)
(891, 1194, 939, 0)
(916, 1217, 959, 0)
(891, 1270, 941, 0)
(889, 1278, 942, 0)
(897, 1152, 947, 0)
(904, 1361, 957, 0)
(898, 1256, 946, 0)
(916, 1266, 967, 0)
(903, 1268, 950, 0)
(909, 1197, 950, 0)
(894, 1299, 951, 0)
(902, 1171, 948, 0)
(907, 1240, 955, 0)
(899, 1273, 945, 0)
(894, 1501, 946, 0)
(884, 1177, 940, 0)
(899, 1186, 942, 0)
(918, 1318, 972, 0)
(874, 1209, 942, 0)
(910, 1182, 955, 0)
(907, 1236, 955, 0)
(941, 1317, 992, 0)
(902, 1195, 953, 0)
(894, 1223, 943, 0)
(878, 1185, 928, 0)
(891, 1254, 945, 0)
(892, 1314, 966, 0)
(893, 1240, 941, 0)
(896, 1205, 947, 0)
(942, 1345, 989, 0)
(890, 1342, 940, 0)
(912, 1236, 959, 0)
(915, 1285, 969, 0)
(909, 1403, 954, 0)
(895, 1232, 943, 0)
(902, 1233, 951, 0)
(906, 1207, 954, 0)
(883, 1301, 939, 0)
(899, 1186, 951, 0)
(894, 1405, 951, 0)
(884, 1199, 938, 0)
(912, 1231, 958, 0)
(872, 1267, 940, 0)
(953, 1449, 1025, 0)
(898, 1289, 945, 0)
(907, 1257, 955, 0)
(895, 1216, 951, 0)
(870, 1383, 939, 0)
(916, 1153, 968, 0)
(907, 1198, 955, 0)
(892, 1221, 940, 0)
(2900, 3922, 2909, 0)
(873, 1247, 936, 0)
(944, 1276, 1003, 0)
(906, 1206, 973, 0)
(885, 1300, 939, 0)
(908, 1339, 952, 0)
(904, 1191, 952, 0)
(908, 1220, 955, 0)
(899, 1246, 972, 0)
(870, 1319, 939, 0)
(904, 1170, 947, 0)
(911, 1268, 957, 0)
(966, 1274, 1009, 0)
(870, 1261, 939, 0)
(913, 1458, 956, 0)
(895, 1455, 951, 0)
(1865, 2233, 1882, 0)
(882, 1268, 932, 0)
(929, 1275, 1004, 0)
(1841, 2464, 1872, 0)
(904, 1198, 947, 0)
(896, 1209, 952, 0)
(919, 1333, 942, 0)
(912, 1157, 954, 0)
(893, 1146, 941, 0)
(893, 1211, 939, 0)
(892, 1283, 946, 0)
(919, 1256, 976, 0)
(1822, 2489, 1865, 0)
(882, 1184, 930, 0)
(917, 1284, 960, 0)
(904, 1194, 951, 0)
(883, 1161, 939, 0)
(892, 1198, 963, 0)
(893, 1224, 939, 0)
(917, 1266, 967, 0)
(887, 1249, 931, 0)
(927, 1291, 977, 0)
(919, 1270, 963, 0)
(1817, 2220, 1859, 0)
(893, 1254, 941, 0)
(941, 1318, 993, 0)
(895, 1172, 950, 0)
(910, 1206, 950, 0)
(885, 1336, 939, 0)
(892, 1142, 943, 0)
(895, 1187, 950, 0)
(951, 1285, 1001, 0)
(900, 1242, 952, 0)
(912, 1336, 958, 0)
(897, 1285, 947, 0)
(897, 1254, 966, 0)
(873, 1148, 936, 0)
(891, 1216, 939, 0)
(906, 1232, 972, 0)
(911, 1327, 951, 0)
(893, 1169, 939, 0)
(897, 1197, 945, 0)
(908, 1203, 960, 0)
(873, 1277, 936, 0)
(935, 1400, 985, 0)
(896, 1169, 959, 0)
(896, 1162, 946, 0)
(1829, 2424, 1871, 0)
(873, 1168, 936, 0)
(896, 1221, 946, 0)
(890, 1352, 943, 0)
(901, 1275, 951, 0)
(902, 1220, 951, 0)
(897, 1165, 953, 0)
(881, 1200, 931, 0)
(915, 1143, 951, 0)
(911, 1241, 956, 0)
(906, 1200, 950, 0)
(898, 1450, 951, 0)
(916, 1305, 967, 0)
(878, 1172, 928, 0)
(892, 1156, 938, 0)
(897, 1239, 945, 0)
(895, 1247, 950, 0)
(926, 1456, 982, 0)
(873, 1202, 936, 0)
(892, 1334, 939, 0)
(893, 1254, 945, 0)
(897, 1214, 945, 0)
(893, 1218, 945, 0)
(958, 1315, 1005, 0)
(898, 1245, 947, 0)
(902, 1202, 948, 0)
(892, 1220, 967, 0)
(1816, 2327, 1854, 0)
(873, 1247, 921, 0)
(908, 1273, 950, 0)
(895, 1277, 951, 0)
(909, 1457, 954, 0)
(913, 1204, 953, 0)
(899, 1256, 954, 0)
(892, 1233, 940, 0)
(893, 1305, 945, 0)
(953, 1298, 1025, 0)
(953, 1276, 1003, 0)
(937, 1255, 994, 0)
(890, 1322, 940, 0)
(913, 1234, 961, 0)
(893, 1207, 941, 0)
(903, 1258, 951, 0)
(896, 1165, 947, 0)
(895, 1274, 942, 0)
(1838, 2574, 1872, 0)
(916, 1247, 956, 0)
(888, 1166, 941, 0)
(878, 1214, 928, 0)
(895, 1309, 951, 0)
(897, 1235, 951, 0)
(901, 1194, 954, 0)
(882, 1369, 940, 0)
(916, 1265, 968, 0)
(912, 1233, 957, 0)
(898, 1299, 951, 0)
(919, 1403, 971, 0)
(880, 1256, 942, 0)
(870, 1233, 939, 0)
(952, 1412, 1001, 0)
(951, 1490, 1026, 0)
(915, 1171, 962, 0)
(907, 1245, 954, 0)
(893, 1224, 945, 0)
(1826, 2383, 1869, 0)
(879, 1156, 928, 0)
(916, 1213, 961, 0)
(933, 1238, 986, 0)
(873, 1311, 936, 0)
(899, 1158, 951, 0)
(904, 1211, 950, 0)
(896, 1279, 951, 0)
(901, 1387, 950, 0)
(870, 1223, 939, 0)
(906, 1205, 954, 0)
(896, 1308, 945, 0)
(892, 1205, 939, 0)
(904, 1187, 950, 0)
(2692, 3335, 2699, 0)
(886, 1155, 942, 0)
(880, 1185, 927, 0)
(892, 1203, 944, 0)
(903, 1179, 957, 0)
(874, 1155, 936, 0)
(902, 1167, 957, 0)
(903, 1201, 947, 0)
(870, 1229, 939, 0)
(894, 1205, 950, 0)
(898, 1180, 945, 0)
(916, 1209, 954, 0)
(951, 1253, 1001, 0)
(900, 1188, 952, 0)
(950, 1279, 1026, 0)
(913, 1192, 951, 0)
(895, 1178, 950, 0)
(887, 1135, 936, 0)
(900, 1180, 949, 0)
(895, 1175, 942, 0)
(906, 1154, 957, 0)
(897, 1223, 953, 0)
(946, 1236, 1000, 0)
(905, 1161, 950, 0)
(896, 1166, 946, 0)
(901, 1173, 948, 0)
(904, 1200, 956, 0)
(870, 1172, 939, 0)
(918, 1557, 973, 0)
(957, 1248, 1002, 0)
(889, 1177, 937, 0)
(904, 1173, 948, 0)
(897, 1161, 947, 0)
(904, 1195, 947, 0)
(950, 1320, 1009, 0)
(892, 1187, 945, 0)
(893, 1200, 945, 0)
(926, 1270, 978, 0)
(947, 1254, 1005, 0)
(883, 1153, 936, 0)
(944, 1243, 1004, 0)
(1827, 2175, 1861, 0)
(917, 1203, 958, 0)
(879, 1129, 929, 0)
(895, 1198, 950, 0)
(917, 1180, 959, 0)
(1806, 2237, 1849, 0)
(893, 1200, 941, 0)
(929, 1328, 1003, 0)
(895, 1121, 951, 0)
(904, 1194, 950, 0)
(878, 1114, 927, 0)
(893, 1300, 943, 0)
(890, 1200, 941, 0)
(870, 1169, 938, 0)
(902, 1232, 948, 0)
(879, 1152, 928, 0)
(895, 1231, 951, 0)
(897, 1162, 946, 0)
(1828, 2197, 1871, 0)
(946, 1237, 994, 0)
(882, 1158, 930, 0)
(892, 1145, 941, 0)
(892, 1169, 938, 0)
(896, 1171, 946, 0)
(892, 1131, 939, 0)
(904, 1199, 956, 0)
(899, 1228, 956, 0)
(881, 1169, 930, 0)
(880, 1164, 927, 0)
(879, 1152, 928, 0)
(895, 1156, 950, 0)
(891, 1244, 941, 0)
(907, 1230, 954, 0)
(902, 1168, 948, 0)
(904, 1161, 947, 0)
(915, 1192, 961, 0)
(905, 1190, 951, 0)
(898, 1196, 951, 0)
(907, 1172, 953, 0)
(1838, 2244, 1868, 0)
(893, 1235, 940, 0)
(899, 1168, 951, 0)
(877, 1167, 928, 0)
(943, 1449, 1003, 0)
(940, 1244, 989, 0)
(907, 1163, 955, 0)
(897, 1159, 947, 0)
(879, 1316, 930, 0)
(910, 1166, 952, 0)
(883, 1168, 947, 0)
(892, 1175, 941, 0)
(896, 1172, 946, 0)
(891, 1150, 938, 0)
(911, 1144, 958, 0)
(895, 1189, 950, 0)
(1832, 2177, 1865, 0)
(891, 1166, 941, 0)
(879, 1183, 929, 0)
(907, 1430, 954, 0)
(893, 1140, 945, 0)
(871, 1186, 941, 0)
(902, 1185, 948, 0)
(902, 1416, 950, 0)
(892, 1294, 941, 0)
(900, 1167, 949, 0)
(911, 1210, 958, 0)
(894, 1185, 951, 0)
(912, 1201, 962, 0)
(896, 1195, 947, 0)
(907, 1206, 954, 0)
(895, 1138, 951, 0)
(896, 1180, 944, 0)
(879, 1170, 928, 0)
(910, 1181, 956, 0)
(938, 1229, 994, 0)
(917, 1477, 958, 0)
(896, 1142, 951, 0)
(909, 1183, 952, 0)
(900, 1141, 951, 0)
(958, 1204, 1002, 0)
(912, 1100, 958, 0)
(878, 1185, 929, 0)
(891, 1191, 943, 0)
(916, 1193, 968, 0)
(897, 1184, 945, 0)
(2718, 3145, 2726, 0)
(895, 1182, 949, 0)
(929, 1242, 986, 0)
(945, 1242, 997, 0)
(884, 1344, 941, 0)
(892, 1210, 939, 0)
(899, 1193, 953, 0)
(885, 1207, 942, 0)
(909, 1290, 962, 0)
(895, 1203, 950, 0)
(897, 1225, 947, 0)
(896, 1173, 949, 0)
(883, 1134, 932, 0)
(891, 1231, 941, 0)
(899, 1150, 946, 0)
(891, 1226, 943, 0)
(1802, 2170, 1846, 0)
(900, 1140, 948, 0)
(873, 1203, 936, 0)
(870, 1185, 939, 0)
(893, 1193, 945, 0)
(895, 1187, 944, 0)
(894, 1177, 951, 0)
(3973, 4607, 3981, 0)
(894, 1248, 941, 0)
(899, 1216, 953, 0)
(907, 1217, 954, 0)
(932, 1228, 977, 0)
(937, 1222, 985, 0)
(900, 1231, 952, 0)
(884, 1205, 941, 0)
(930, 1235, 979, 0)
(943, 1234, 989, 0)
(909, 1156, 952, 0)
(917, 1175, 957, 0)
(928, 1242, 1014, 0)
(911, 1210, 957, 0)
(879, 1157, 929, 0)
(905, 1202, 950, 0)
(930, 1257, 987, 0)
(891, 1203, 939, 0)
(911, 1210, 958, 0)
(901, 1132, 947, 0)
(926, 1186, 946, 0)
(893, 1174, 944, 0)
(894, 1193, 947, 0)
(889, 1156, 939, 0)
(895, 1151, 951, 0)
(910, 1193, 964, 0)
(915, 1130, 956, 0)
(898, 1153, 948, 0)
(897, 1181, 947, 0)
(897, 1154, 944, 0)
(902, 1214, 948, 0)
(916, 1208, 970, 0)
(870, 1184, 939, 0)
(906, 1152, 949, 0)
(929, 1254, 986, 0)
(952, 1238, 997, 0)
(910, 1151, 953, 0)
(895, 1251, 943, 0)
(890, 1146, 939, 0)
(882, 1150, 929, 0)
(947, 1295, 999, 0)
(1836, 2222, 1871, 0)
(916, 1126, 959, 0)
(878, 1210, 929, 0)
(902, 1181, 948, 0)
(905, 1170, 953, 0)
(908, 1169, 949, 0)
(892, 1271, 934, 0)
(911, 1205, 955, 0)
(898, 1230, 945, 0)
(877, 1241, 928, 0)
(894, 1227, 951, 0)
(915, 1173, 961, 0)
(935, 1199, 984, 0)
(874, 1157, 936, 0)
(876, 1206, 934, 0)
(893, 1161, 941, 0)
(919, 1224, 971, 0)
(907, 1180, 954, 0)
(883, 1156, 941, 0)
(899, 1332, 951, 0)
(870, 1183, 939, 0)
(923, 1187, 963, 0)
(894, 1145, 945, 0)
(907, 1160, 954, 0)
(891, 1172, 938, 0)
(916, 1191, 958, 0)
(911, 1226, 958, 0)
(904, 1222, 947, 0)
(900, 1205, 951, 0)
(895, 1238, 951, 0)
(903, 1183, 950, 0)
(902, 1162, 948, 0)
(895, 1226, 944, 0)
(883, 1167, 934, 0)
(892, 1172, 939, 0)
(892, 1214, 941, 0)
(907, 1193, 957, 0)
(906, 1174, 954, 0)
(911, 1148, 957, 0)
(879, 1187, 928, 0)
(917, 1150, 957, 0)
