(17995, 22242, 18168, 0)
(18029, 21408, 18188, 0)
(18830, 22336, 19173, 0)
(18261, 22161, 18548, 0)
(18080, 23741, 18269, 0)
(18077, 23995, 18234, 0)
(21285, 26963, 21485, 0)
(18823, 22973, 19196, 0)
(18250, 25972, 18423, 0)
(18771, 25566, 19208, 0)
(18726, 22712, 19055, 0)
(18022, 21781, 18172, 0)
(18045, 21618, 18213, 0)
(18004, 21510, 18158, 0)
(18050, 21545, 18242, 0)
(18018, 21854, 18175, 0)
(18273, 21646, 18451, 0)
(18248, 22167, 18420, 0)
(18746, 22508, 19177, 0)
(18240, 22870, 18467, 0)
(18743, 22433, 19012, 0)
(18039, 22626, 18235, 0)
(18053, 22294, 18216, 0)
(18032, 26063, 18241, 0)
(18274, 23334, 18449, 0)
(18254, 22049, 18427, 0)
(18724, 22360, 19174, 0)
(17996, 26932, 18159, 0)
(20488, 24648, 20807, 0)
(18816, 23154, 19143, 0)
(18084, 27420, 18242, 0)
(18728, 22441, 19074, 0)
(18828, 22462, 19162, 0)
(18026, 21549, 18177, 0)
(18255, 21517, 18429, 0)
(18718, 22786, 19067, 0)
(18234, 27615, 18406, 0)
(18066, 22206, 18223, 0)
(18034, 21881, 18185, 0)
(18014, 21552, 18171, 0)
(18022, 21321, 18183, 0)
(18007, 21679, 18176, 0)
(18014, 21800, 18165, 0)
(18038, 21049, 18183, 0)
(18788, 22122, 19071, 0)
(18021, 27161, 18179, 0)
(18253, 23580, 18429, 0)
(18011, 28624, 18166, 0)
(18735, 22958, 19046, 0)
(18229, 23289, 18404, 0)
(18098, 21634, 18259, 0)
(18027, 21547, 18174, 0)
(18256, 23029, 18442, 0)
(18032, 22115, 18189, 0)
(18218, 22427, 18394, 0)
(18048, 22550, 18230, 0)
(18144, 21984, 18308, 0)
(18099, 27132, 18256, 0)
(18011, 21233, 18170, 0)
(20774, 24542, 21102, 0)
(18016, 26786, 18163, 0)
(18067, 21741, 18277, 0)
(18747, 23115, 19144, 0)
(18011, 22180, 18170, 0)
(18074, 21425, 18223, 0)
(18028, 21436, 18186, 0)
(18757, 23359, 19115, 0)
(18261, 21958, 18439, 0)
(18831, 25087, 19416, 0)
(23417, 28652, 23772, 0)
(18118, 21238, 18307, 0)
(18017, 22046, 18175, 0)
(18273, 22353, 18506, 0)
(18084, 21080, 18245, 0)
(18026, 22443, 18185, 0)
(18232, 23338, 18419, 0)
(18730, 22761, 19129, 0)
(18062, 22043, 18288, 0)
(18780, 22792, 19086, 0)
(17992, 26619, 18147, 0)
(18012, 21269, 18163, 0)
(18095, 28167, 18255, 0)
(18083, 27962, 18239, 0)
(18703, 22518, 18965, 0)
(17995, 21836, 18149, 0)
(18063, 21681, 18254, 0)
(18040, 21463, 18231, 0)
(18786, 23018, 19141, 0)
(18060, 21395, 18227, 0)
(18735, 22829, 19086, 0)
(18029, 27835, 18209, 0)
(18316, 22313, 18729, 0)
(18237, 23764, 18427, 0)
(18083, 22747, 18248, 0)
(18038, 22061, 18190, 0)
(18225, 21963, 18397, 0)
(18247, 21571, 18417, 0)
(18788, 22389, 19197, 0)
(18745, 22784, 19122, 0)
(18002, 21839, 18155, 0)
(18086, 23733, 18237, 0)
(18031, 21365, 18336, 0)
(18262, 21631, 18440, 0)
(18263, 25687, 18645, 0)
(18010, 21266, 18165, 0)
(18040, 21776, 18214, 0)
(18739, 22213, 19032, 0)
(18258, 22030, 18431, 0)
(18281, 21783, 18452, 0)
(18749, 22637, 19072, 0)
(18053, 21745, 18263, 0)
(18567, 23098, 19182, 0)
(18121, 21626, 18412, 0)
(18780, 22592, 19131, 0)
(20094, 24643, 20434, 0)
(18701, 23174, 18981, 0)
(18224, 21587, 18403, 0)
(18016, 21903, 18174, 0)
(18078, 22046, 18238, 0)
(18797, 23031, 19442, 0)
(18001, 21175, 18155, 0)
(18022, 21246, 18255, 0)
(18796, 22770, 19113, 0)
(18047, 21786, 18258, 0)
(23835, 29355, 24152, 0)
(18054, 22677, 18213, 0)
(17997, 21191, 18152, 0)
(18010, 21703, 18167, 0)
(18061, 23468, 18223, 0)
(18747, 23086, 19153, 0)
(18272, 22318, 18470, 0)
(18008, 21182, 18189, 0)
(18718, 22460, 19011, 0)
(18271, 24052, 18455, 0)
(18032, 21763, 18207, 0)
(18719, 22872, 19074, 0)
(18337, 23990, 18517, 0)
(18078, 21524, 18227, 0)
(18738, 23365, 19136, 0)
(18009, 21833, 18169, 0)
(18035, 22082, 18217, 0)
(18013, 22631, 18167, 0)
(18044, 22447, 18200, 0)
(18050, 21409, 18235, 0)
(18046, 21412, 18217, 0)
(18259, 22046, 18433, 0)
(18759, 23592, 19156, 0)
(18096, 21685, 18273, 0)
(18037, 21804, 18209, 0)
(18235, 23453, 18411, 0)
(18271, 23662, 18455, 0)
(18055, 21310, 18217, 0)
(18031, 22439, 18205, 0)
(18265, 23957, 18439, 0)
(18255, 23629, 18429, 0)
(18815, 23701, 19196, 0)
(18250, 22932, 18426, 0)
(18028, 23079, 18195, 0)
(18750, 25070, 19174, 0)
(18191, 21767, 18347, 0)
(18065, 21956, 18268, 0)
(18116, 21547, 18315, 0)
(18023, 23050, 18286, 0)
(18742, 23851, 19133, 0)
(18008, 22750, 18160, 0)
(18223, 22246, 18397, 0)
(18063, 23151, 18225, 0)
(18044, 22700, 18221, 0)
(18114, 23966, 18299, 0)
(18014, 22696, 18175, 0)
(18017, 22525, 18180, 0)
(17982, 26654, 18147, 0)
(18020, 21704, 18181, 0)
(18037, 21772, 18196, 0)
(18727, 23324, 19161, 0)
(18220, 22675, 18394, 0)
(18228, 22930, 18400, 0)
(18097, 22522, 18260, 0)
(18022, 23082, 18191, 0)
(18064, 22282, 18216, 0)
(18222, 22018, 18394, 0)
(18242, 21735, 18416, 0)
(18024, 22760, 18189, 0)
(18226, 22523, 18401, 0)
(18241, 23583, 18437, 0)
(18241, 21834, 18416, 0)
(18055, 26023, 18213, 0)
(18718, 22634, 18997, 0)
(18812, 22501, 19284, 0)
(18188, 21470, 18344, 0)
(18282, 22148, 18466, 0)
(18731, 22940, 19122, 0)
(18832, 27767, 19510, 0)
(18252, 23052, 18424, 0)
(18788, 23122, 19149, 0)
(18733, 26888, 19169, 0)
(18000, 22787, 18155, 0)
(17997, 21865, 18153, 0)
(18247, 28110, 18500, 0)
(17953, 26248, 18126, 0)
(18246, 22256, 18425, 0)
(18732, 28242, 19150, 0)
(18091, 22838, 18244, 0)
(18249, 23066, 18422, 0)
(18210, 22092, 18387, 0)
(18216, 28592, 18438, 0)
(18130, 21840, 18303, 0)
(18035, 23238, 18229, 0)
(18743, 25009, 19234, 0)
(18011, 25488, 18198, 0)
(17990, 22861, 18149, 0)
(18802, 28469, 19037, 0)
(18130, 27374, 18469, 0)
(18781, 24587, 19605, 0)
(18295, 26825, 18481, 0)
(18053, 25853, 18323, 0)
(18738, 23387, 19149, 0)
(18096, 29217, 18499, 0)
(18074, 21678, 18224, 0)
(18699, 29675, 19016, 0)
(18249, 22960, 18492, 0)
(18713, 23011, 19066, 0)
(18004, 27019, 18178, 0)
(18330, 34061, 18628, 0)
(18230, 21984, 18402, 0)
(18124, 27631, 18296, 0)
(18236, 22536, 18405, 0)
(18718, 24165, 19135, 0)
(18064, 25802, 18255, 0)
(18268, 21863, 18440, 0)
(18153, 22416, 18321, 0)
(18143, 22600, 18476, 0)
(18287, 22972, 18467, 0)
(18232, 23971, 18427, 0)
(18113, 21406, 18275, 0)
(17994, 21585, 18151, 0)
(18007, 22350, 18162, 0)
(18088, 21513, 18255, 0)
(18736, 23428, 19147, 0)
(18256, 21525, 18431, 0)
(18027, 21201, 18175, 0)
(18722, 23410, 19110, 0)
(18073, 26698, 18589, 0)
(18296, 22593, 18568, 0)
(18254, 25418, 18432, 0)
(18003, 23682, 18161, 0)
(18731, 23949, 19094, 0)
(18768, 23154, 19161, 0)
(18017, 21456, 18177, 0)
(18012, 21843, 18168, 0)
(18046, 21730, 18422, 0)
(18264, 21750, 18437, 0)
(18749, 22665, 19165, 0)
(18077, 22014, 18283, 0)
(18261, 22134, 18435, 0)
(18010, 21581, 18169, 0)
(18031, 21416, 18284, 0)
(18077, 21828, 18227, 0)
(18057, 21462, 18229, 0)
(18009, 21522, 18159, 0)
(18675, 22357, 18942, 0)
(18052, 22087, 18218, 0)
(18150, 21485, 18308, 0)
(18754, 23389, 19180, 0)
(18745, 23202, 19208, 0)
(18245, 22434, 18417, 0)
(18235, 23034, 18408, 0)
(18715, 23016, 19008, 0)
(18080, 23352, 18243, 0)
(18016, 21445, 18164, 0)
(18064, 23255, 18234, 0)
(18042, 22967, 18261, 0)
(18098, 22419, 18257, 0)
(18774, 23093, 19147, 0)
(18764, 22805, 19105, 0)
(18036, 22351, 18282, 0)
(18065, 21102, 18216, 0)
(18090, 22011, 18251, 0)
(18096, 21638, 18269, 0)
(18726, 22293, 19133, 0)
(18065, 21360, 18215, 0)
(18097, 22196, 18256, 0)
(18734, 23719, 19174, 0)
(18101, 21894, 18272, 0)
(18116, 21644, 18300, 0)
(18746, 23134, 19074, 0)
(18783, 22157, 19238, 0)
(18697, 22354, 19133, 0)
(18127, 21890, 18295, 0)
(18035, 21774, 18199, 0)
(18250, 22001, 18426, 0)
(18030, 21565, 18194, 0)
(18776, 22460, 19167, 0)
(18239, 21662, 18414, 0)
(18701, 23119, 19086, 0)
(18034, 22114, 18193, 0)
(18243, 22750, 18420, 0)
(17996, 22451, 18165, 0)
(18029, 22085, 18174, 0)
(18202, 21922, 18385, 0)
(18249, 22191, 18423, 0)
(18071, 23245, 18229, 0)
(18102, 22582, 18287, 0)
(18735, 29470, 19153, 0)
(18824, 28853, 19398, 0)
(23318, 28139, 23707, 0)
(18031, 21425, 18194, 0)
(18753, 24825, 19245, 0)
(18063, 21456, 18216, 0)
(18146, 22061, 18329, 0)
(18742, 28425, 19100, 0)
(18030, 21295, 18189, 0)
(18840, 24285, 19520, 0)
(18753, 24123, 19390, 0)
(18256, 23089, 18470, 0)
(18031, 21308, 18199, 0)
(18013, 21093, 18157, 0)
(18160, 21332, 18326, 0)
(18030, 21780, 18191, 0)
(23762, 27710, 24031, 0)
(18023, 21176, 18182, 0)
(18088, 22175, 18269, 0)
(18281, 22147, 18453, 0)
(18232, 26361, 18408, 0)
(18269, 23116, 18443, 0)
(18035, 22952, 18233, 0)
(18285, 22454, 18520, 0)
(18237, 22294, 18518, 0)
(18259, 22049, 18429, 0)
(18057, 21113, 18206, 0)
(18000, 21302, 18154, 0)
(18749, 22304, 19053, 0)
(18033, 21429, 18192, 0)
(18272, 21895, 18441, 0)
(18137, 22148, 18462, 0)
(18231, 21972, 18429, 0)
(18313, 29037, 18732, 0)
(18802, 29774, 19136, 0)
(18254, 21605, 18426, 0)
(18232, 21761, 18415, 0)
(18085, 21563, 18247, 0)
(18237, 23075, 18412, 0)
(18329, 22048, 18540, 0)
(18018, 22652, 18174, 0)
(18748, 22858, 19031, 0)
(18250, 24238, 18421, 0)
(17979, 28896, 18144, 0)
(18244, 22666, 18467, 0)
(18036, 21528, 18213, 0)
(18033, 21604, 18194, 0)
(18861, 23399, 19633, 0)
(18054, 22112, 18202, 0)
(18735, 23635, 19105, 0)
(18255, 22544, 18430, 0)
(18014, 24988, 18192, 0)
(18101, 21246, 18254, 0)
(18239, 22058, 18441, 0)
(18259, 21926, 18430, 0)
(18001, 21427, 18157, 0)
(18027, 22321, 18187, 0)
(18030, 22464, 18194, 0)
(18071, 28982, 18233, 0)
(18090, 21370, 18241, 0)
(18251, 22294, 18458, 0)
(18809, 22428, 19284, 0)
(18086, 21638, 18239, 0)
(18063, 21231, 18225, 0)
(18796, 22932, 19177, 0)
(18024, 21815, 18174, 0)
(18011, 21978, 18169, 0)
(18771, 22466, 19072, 0)
(18769, 22877, 19199, 0)
(18076, 21411, 18237, 0)
(18730, 22601, 19029, 0)
(18097, 24856, 18346, 0)
(18061, 21731, 18246, 0)
(18266, 23047, 18439, 0)
(18006, 22014, 18160, 0)
(18032, 21639, 18181, 0)
(18702, 23485, 19048, 0)
(18264, 22312, 18475, 0)
(23770, 29737, 24025, 0)
(18082, 21658, 18229, 0)
(18245, 21742, 18419, 0)
(18033, 22337, 18224, 0)
(18004, 21899, 18160, 0)
(18866, 22733, 19245, 0)
(18234, 22060, 18406, 0)
(17986, 21528, 18143, 0)
(18258, 21485, 18427, 0)
(18039, 21763, 18188, 0)
(18111, 21809, 18272, 0)
(18004, 22203, 18165, 0)
(18060, 22062, 18214, 0)
(18047, 22108, 18224, 0)
(18232, 21823, 18405, 0)
(18261, 22397, 18432, 0)
(18247, 21912, 18421, 0)
(18090, 22943, 18267, 0)
(18105, 22661, 18269, 0)
(18034, 21602, 18182, 0)
(18223, 22091, 18395, 0)
(18827, 23333, 19535, 0)
(18211, 23579, 18389, 0)
(18101, 21979, 18258, 0)
(18327, 22176, 18543, 0)
(17992, 25971, 18162, 0)
(18085, 21291, 18236, 0)
(18850, 27109, 19604, 0)
(18249, 22348, 18422, 0)
(18023, 22028, 18220, 0)
(18032, 22735, 18206, 0)
(18757, 23744, 19155, 0)
(18760, 22948, 19147, 0)
(18045, 21581, 18211, 0)
(18046, 21697, 18207, 0)
(18074, 21930, 18267, 0)
(18226, 22390, 18416, 0)
(18233, 21598, 18425, 0)
(18037, 21425, 18206, 0)
(18258, 22098, 18430, 0)
(18699, 23256, 19132, 0)
(18103, 21465, 18252, 0)
(20163, 24765, 20389, 0)
(18724, 28341, 19049, 0)
(18082, 22022, 18238, 0)
(18546, 22950, 19017, 0)
(18819, 22332, 19200, 0)
(18045, 22560, 18232, 0)
(18760, 25878, 19161, 0)
(18251, 22246, 18425, 0)
(18057, 25215, 18320, 0)
(18249, 22021, 18425, 0)
(18083, 21507, 18237, 0)
(18750, 23466, 19135, 0)
(18773, 22964, 19149, 0)
(18104, 21161, 18300, 0)
(18222, 21944, 18395, 0)
(18041, 22137, 18246, 0)
(18034, 21887, 18188, 0)
(18071, 21464, 18255, 0)
(18010, 21226, 18176, 0)
(18226, 21436, 18400, 0)
(18052, 21695, 18209, 0)
(18718, 22323, 19093, 0)
(18075, 21452, 18244, 0)
(18058, 21704, 18215, 0)
(18018, 21447, 18176, 0)
(18072, 23520, 18243, 0)
(20380, 25403, 20683, 0)
(18262, 21755, 18435, 0)
(18755, 22365, 19120, 0)
(18256, 22288, 18428, 0)
(18734, 22694, 19001, 0)
(18024, 22538, 18202, 0)
(18016, 21761, 18173, 0)
(18743, 22589, 19027, 0)
(18720, 22555, 19169, 0)
(18242, 21604, 18418, 0)
(18231, 21477, 18406, 0)
(18097, 21303, 18279, 0)
(18740, 25456, 19063, 0)
(18114, 21998, 18290, 0)
(18238, 21784, 18413, 0)
(18039, 21868, 18185, 0)
(18031, 21923, 18225, 0)
(18138, 22358, 18362, 0)
(18700, 22522, 19010, 0)
(18032, 22471, 18256, 0)
(18745, 22826, 19064, 0)
(18228, 21935, 18427, 0)
(18273, 21767, 18445, 0)
(21015, 24657, 21200, 0)
(18791, 23743, 19160, 0)
(18756, 23548, 19117, 0)
(18065, 22190, 18218, 0)
(18800, 22569, 19153, 0)
(18041, 21759, 18187, 0)
(17982, 25462, 18159, 0)
(18723, 22204, 19096, 0)
(18179, 21606, 18364, 0)
(18154, 21719, 18451, 0)
(18887, 23248, 19208, 0)
(18220, 22386, 18448, 0)
(18108, 22515, 18291, 0)
(18739, 24447, 19184, 0)
(17985, 22098, 18141, 0)
(18750, 23387, 19023, 0)
(18244, 21485, 18414, 0)
(18084, 21080, 18238, 0)
(18254, 21374, 18430, 0)
(18748, 22785, 19136, 0)
(18235, 22096, 18426, 0)
(18876, 23053, 19214, 0)
(18783, 22561, 19117, 0)
(18004, 21651, 18159, 0)
(18000, 21262, 18159, 0)
(18052, 21200, 18210, 0)
(18262, 21710, 18436, 0)
(17981, 21706, 18166, 0)
(18256, 22038, 18432, 0)
(18249, 21688, 18425, 0)
(23821, 27681, 24059, 0)
(18228, 22097, 18401, 0)
(18275, 22158, 18454, 0)
(18090, 21356, 18288, 0)
(18261, 21764, 18430, 0)
(18087, 21206, 18237, 0)
(18734, 22606, 19096, 0)
(18025, 22231, 18181, 0)
(18689, 22842, 19075, 0)
(18020, 21798, 18180, 0)
(18001, 21388, 18155, 0)
(18004, 22438, 18163, 0)
(18172, 22017, 18322, 0)
(18733, 23397, 19083, 0)
(18086, 22602, 18241, 0)
(18085, 22314, 18251, 0)
(18111, 22407, 18289, 0)
(18008, 22028, 18159, 0)
(18043, 21314, 18203, 0)
(18292, 21888, 18874, 0)
(18235, 21928, 18404, 0)
(18761, 22440, 19136, 0)
(18252, 21570, 18422, 0)
(18711, 22666, 19107, 0)
(18324, 22746, 18517, 0)
(18757, 22986, 19133, 0)
(18202, 21505, 18365, 0)
(18096, 21868, 18277, 0)
(18108, 22683, 18286, 0)
(18080, 22361, 18245, 0)
(18051, 22548, 18218, 0)
(18082, 21602, 18232, 0)
(18024, 21459, 18180, 0)
(18805, 22711, 19275, 0)
(18100, 21637, 18251, 0)
(18169, 21805, 18376, 0)
(18226, 21551, 18398, 0)
(18022, 21366, 18184, 0)
(18773, 22135, 19080, 0)
(18724, 22848, 19128, 0)
(18238, 22111, 18413, 0)
(18251, 21841, 18424, 0)
(18006, 21018, 18161, 0)
(18271, 23058, 18445, 0)
(18062, 21785, 18225, 0)
(18302, 22514, 18544, 0)
(18043, 22533, 18251, 0)
(18065, 22667, 18224, 0)
(18229, 22315, 18406, 0)
(18067, 22546, 18229, 0)
(18057, 21554, 18258, 0)
(18065, 21882, 18218, 0)
(18258, 21687, 18430, 0)
(18008, 21290, 18167, 0)
(18260, 21841, 18435, 0)
(18717, 22618, 19001, 0)
(18223, 22334, 18405, 0)
(18718, 24213, 19021, 0)
(18251, 23307, 18447, 0)
(18078, 23252, 18259, 0)
(18240, 21732, 18429, 0)
(17987, 21605, 18141, 0)
(18257, 21855, 18444, 0)
(18797, 22595, 19297, 0)
(18032, 21361, 18190, 0)
(18228, 22661, 18404, 0)
(17989, 21456, 18148, 0)
(18080, 21469, 18230, 0)
(18238, 21669, 18433, 0)
(18237, 21765, 18410, 0)
(18084, 22000, 18255, 0)
(18125, 21638, 18286, 0)
(18083, 21969, 18243, 0)
(21013, 24942, 21192, 0)
(18150, 22127, 18364, 0)
(18072, 21886, 18240, 0)
(18063, 22352, 18221, 0)
(18258, 22923, 18442, 0)
(18138, 21800, 18404, 0)
(18017, 21605, 18164, 0)
(18872, 22486, 19162, 0)
(18067, 21763, 18223, 0)
(18756, 23095, 19148, 0)
(18032, 21915, 18473, 0)
(18250, 22113, 18425, 0)
(18247, 23012, 18425, 0)
(18269, 22292, 18444, 0)
(18027, 21929, 18189, 0)
(18254, 22134, 18425, 0)
(18259, 21707, 18431, 0)
(18009, 21882, 18168, 0)
(18244, 21689, 18417, 0)
(18020, 21409, 18181, 0)
(18028, 21616, 18195, 0)
(18045, 21916, 18200, 0)
(18037, 21970, 18222, 0)
(18255, 22275, 18425, 0)
(17990, 21455, 18144, 0)
(18785, 23178, 19067, 0)
(18226, 23422, 18405, 0)
(18839, 22459, 19098, 0)
(18246, 21657, 18419, 0)
(18728, 22709, 19115, 0)
(18802, 22665, 19137, 0)
(18236, 22329, 18410, 0)
(18246, 22512, 18431, 0)
(18882, 24615, 19240, 0)
(18854, 23967, 19349, 0)
(17994, 21230, 18147, 0)
(18763, 22567, 19102, 0)
(18225, 22375, 18398, 0)
(18035, 22809, 18466, 0)
(18042, 22460, 18204, 0)
(18032, 21903, 18198, 0)
(17993, 21519, 18145, 0)
(18846, 22416, 19162, 0)
(18252, 21655, 18423, 0)
(18028, 21552, 18187, 0)
(18273, 21672, 18445, 0)
(17974, 23948, 18149, 0)
(18268, 22517, 18441, 0)
(17986, 24971, 18153, 0)
(18083, 22917, 18245, 0)
(18745, 23606, 19127, 0)
(18716, 22880, 19163, 0)
(18325, 22465, 18520, 0)
(18254, 22159, 18425, 0)
(18236, 21703, 18410, 0)
(18054, 21840, 18209, 0)
(18736, 24262, 19105, 0)
(18112, 22005, 18267, 0)
(18241, 22355, 18418, 0)
(19749, 23864, 19977, 0)
(18259, 23185, 18432, 0)
(18102, 22571, 18275, 0)
(18163, 21723, 18462, 0)
(18153, 21438, 18394, 0)
(18226, 21815, 18395, 0)
(18299, 22674, 18578, 0)
(18274, 21833, 18444, 0)
(17996, 21244, 18149, 0)
(18245, 22045, 18417, 0)
(18261, 21733, 18435, 0)
(18014, 21621, 18201, 0)
(18005, 21792, 18166, 0)
(18054, 22426, 18236, 0)
(18799, 27572, 19173, 0)
(18246, 22653, 18421, 0)
(18040, 22279, 18205, 0)
(18008, 23563, 18163, 0)
(18250, 21831, 18423, 0)
(18233, 22609, 18403, 0)
(18245, 21572, 18416, 0)
(18235, 22383, 18410, 0)
(18085, 21699, 18236, 0)
(18013, 21746, 18174, 0)
(18110, 21818, 18290, 0)
(18256, 22725, 18430, 0)
(18025, 21264, 18201, 0)
(18279, 21672, 18455, 0)
(20982, 25076, 21170, 0)
(23517, 27953, 23793, 0)
(18516, 22789, 18730, 0)
(18841, 23469, 19598, 0)
(18072, 21876, 18245, 0)
(18001, 23060, 18165, 0)
(18718, 22367, 19115, 0)
(18016, 22565, 18173, 0)
(18028, 22567, 18181, 0)
(18076, 22231, 18237, 0)
(18091, 21346, 18241, 0)
(18094, 21486, 18276, 0)
(18034, 21803, 18238, 0)
(18693, 22376, 18952, 0)
(18741, 22788, 19103, 0)
(18020, 21087, 18168, 0)
(19835, 23958, 20128, 0)
(18016, 22273, 18239, 0)
(18327, 22245, 18506, 0)
(18252, 22944, 18427, 0)
(18024, 21922, 18212, 0)
(18017, 30678, 18185, 0)
(19009, 23552, 19261, 0)
(18761, 22410, 19177, 0)
(18019, 21510, 18167, 0)
(18017, 21588, 18174, 0)
(18770, 22339, 19099, 0)
(18046, 22946, 18210, 0)
(18764, 22432, 19176, 0)
(18202, 22158, 18377, 0)
(18080, 22513, 18263, 0)
(18258, 21685, 18439, 0)
(18027, 21505, 18205, 0)
(18817, 22696, 19607, 0)
(18845, 22466, 19135, 0)
(18066, 21167, 18222, 0)
(18030, 21728, 18210, 0)
(18006, 21414, 18204, 0)
(18225, 22526, 18400, 0)
(18706, 22556, 19113, 0)
(18079, 21408, 18264, 0)
(18061, 21454, 18218, 0)
(18260, 21981, 18440, 0)
(18183, 21493, 18382, 0)
(18073, 22050, 18224, 0)
(18023, 21304, 18184, 0)
(18016, 21868, 18174, 0)
(18803, 22942, 19525, 0)
(18085, 22191, 18246, 0)
(18750, 22273, 19134, 0)
(18796, 24046, 19532, 0)
(18072, 22463, 18232, 0)
(18720, 22387, 19082, 0)
(18270, 21742, 18444, 0)
(18834, 23096, 19466, 0)
(18262, 22332, 18436, 0)
(18227, 21630, 18405, 0)
(18715, 23119, 19128, 0)
(18246, 21819, 18425, 0)
(17999, 22659, 18171, 0)
(18027, 26503, 18192, 0)
(18234, 22824, 18413, 0)
(18016, 22571, 18183, 0)
(18247, 22694, 18423, 0)
(18037, 21407, 18197, 0)
(18232, 21611, 18408, 0)
(18017, 21622, 18174, 0)
(18788, 22605, 19176, 0)
(18076, 21079, 18229, 0)
(18731, 22895, 19029, 0)
(18710, 23248, 19008, 0)
(17996, 21444, 18150, 0)
(17994, 21765, 18162, 0)
(18088, 22232, 18254, 0)
(18097, 21394, 18270, 0)
(18272, 21931, 18446, 0)
(18755, 24860, 19054, 0)
(18251, 22121, 18423, 0)
(18031, 21297, 18187, 0)
(18786, 22741, 19522, 0)
(18019, 22121, 18186, 0)
(18004, 21343, 18166, 0)
(18080, 21347, 18232, 0)
(18005, 21755, 18164, 0)
(18728, 23823, 19004, 0)
(18005, 21995, 18163, 0)
(18242, 24019, 18419, 0)
(18739, 23443, 19133, 0)
(18743, 23954, 19059, 0)
(18248, 22511, 18430, 0)
(18784, 24053, 19147, 0)
(18068, 22412, 18251, 0)
(18753, 22235, 19086, 0)
(18229, 21631, 18405, 0)
(18919, 26643, 19230, 0)
(17997, 21346, 18155, 0)
(18006, 22378, 18164, 0)
(18077, 21659, 18279, 0)
(18134, 22280, 18313, 0)
(18031, 22785, 18344, 0)
(18056, 21184, 18215, 0)
(18059, 21304, 18221, 0)
(18824, 23002, 19171, 0)
(18223, 22433, 18397, 0)
(18030, 21474, 18190, 0)
(18233, 22022, 18407, 0)
(18784, 22824, 19138, 0)
(18033, 22593, 18285, 0)
(17993, 22592, 18149, 0)
(18016, 22796, 18173, 0)
(18059, 26219, 18324, 0)
(18033, 21778, 18183, 0)
(17994, 21950, 18148, 0)
(18719, 22940, 19124, 0)
(18228, 22073, 18402, 0)
(18239, 22596, 18411, 0)
(18845, 22431, 19128, 0)
(18088, 21654, 18257, 0)
(18264, 22487, 18550, 0)
(18010, 22625, 18311, 0)
(18069, 21905, 18221, 0)
(18831, 23533, 19179, 0)
(18760, 22583, 19138, 0)
(18039, 21389, 18226, 0)
(18091, 21568, 18240, 0)
(18784, 23194, 19163, 0)
(18242, 21531, 18415, 0)
(18037, 21663, 18233, 0)
(18847, 22671, 19252, 0)
(18043, 21870, 18465, 0)
(18891, 22929, 19223, 0)
(18331, 22443, 18721, 0)
(18029, 22214, 18209, 0)
(19920, 23822, 20162, 0)
(18760, 22391, 19061, 0)
(18697, 23557, 19044, 0)
(18071, 21335, 18228, 0)
(18086, 21309, 18237, 0)
(18267, 24027, 18441, 0)
(18078, 21662, 18232, 0)
(18089, 21515, 18251, 0)
(17999, 21622, 18152, 0)
(18237, 21674, 18433, 0)
(18107, 21483, 18268, 0)
(18404, 21901, 18580, 0)
(18036, 21940, 18188, 0)
(18062, 21350, 18229, 0)
(18228, 21469, 18400, 0)
(18029, 21548, 18205, 0)
(18125, 21790, 18289, 0)
(18067, 21648, 18270, 0)
(18074, 21680, 18224, 0)
(18846, 22602, 19280, 0)
(18067, 21911, 18238, 0)
(18763, 22661, 19129, 0)
(18044, 21525, 18318, 0)
(18238, 21516, 18412, 0)
(23339, 27675, 23689, 0)
(17983, 22103, 18141, 0)
(18279, 22774, 18453, 0)
(18063, 25622, 18223, 0)
(18259, 21782, 18430, 0)
(18083, 21613, 18251, 0)
(18015, 21551, 18176, 0)
(18118, 21189, 18286, 0)
(18788, 23032, 19150, 0)
(18099, 23479, 18346, 0)
(18746, 22524, 19134, 0)
(18238, 21816, 18411, 0)
(18695, 22138, 19041, 0)
(18013, 21347, 18168, 0)
(18024, 21639, 18226, 0)
(18257, 22047, 18430, 0)
(18105, 21441, 18287, 0)
(18271, 21700, 18446, 0)
(18137, 21619, 18299, 0)
(18255, 21567, 18437, 0)
(18010, 22551, 18173, 0)
(18253, 21630, 18426, 0)
(18058, 22182, 18215, 0)
(18045, 22907, 18203, 0)
(19751, 23799, 19966, 0)
(18033, 21708, 18214, 0)
(18018, 21530, 18168, 0)
(18085, 21420, 18242, 0)
(18233, 21727, 18411, 0)
(18235, 24103, 18407, 0)
(18243, 23037, 18421, 0)
(17992, 22344, 18152, 0)
(18009, 22299, 18167, 0)
(18171, 21770, 18369, 0)
(23241, 28894, 23588, 0)
(18259, 21514, 18431, 0)
(18003, 21765, 18158, 0)
(18026, 21859, 18200, 0)
(18144, 21484, 18330, 0)
(18710, 22733, 19142, 0)
(18248, 21931, 18447, 0)
(18735, 23007, 19167, 0)
(18779, 23073, 19163, 0)
(17989, 21857, 18143, 0)
(20475, 24196, 20684, 0)
(18828, 23466, 19594, 0)
(18214, 22460, 18407, 0)
(18718, 23609, 19008, 0)
(18699, 23069, 18986, 0)
(18249, 21581, 18417, 0)
(18275, 21853, 18445, 0)
(18076, 21726, 18225, 0)
(18254, 21462, 18428, 0)
(18262, 21897, 18436, 0)
(18029, 21484, 18173, 0)
(18095, 22059, 18267, 0)
(18117, 21483, 18277, 0)
(18030, 21410, 18177, 0)
(18737, 21999, 18996, 0)
(18256, 22032, 18427, 0)
(18048, 21544, 18358, 0)
(18252, 22738, 18440, 0)
(18248, 21515, 18421, 0)
(18102, 22007, 18255, 0)
(18057, 21212, 18213, 0)
(18115, 21512, 18298, 0)
(18327, 23103, 18629, 0)
(18148, 22054, 18336, 0)
(18792, 23712, 19180, 0)
(18108, 21413, 18260, 0)
(18072, 23185, 18230, 0)
(23889, 30498, 24159, 0)
(18028, 21397, 18190, 0)
(18052, 21208, 18205, 0)
(18705, 22732, 19170, 0)
(18713, 22632, 19127, 0)
(18726, 23188, 19121, 0)
(18242, 21546, 18418, 0)
(18246, 22486, 18419, 0)
(18042, 21611, 18231, 0)
(18713, 22770, 19012, 0)
(18236, 23167, 18432, 0)
(18017, 22098, 18185, 0)
(18008, 21515, 18164, 0)
(18190, 26451, 18433, 0)
(18708, 23566, 18991, 0)
(18740, 22464, 19120, 0)
(18020, 21682, 18261, 0)
(18701, 22413, 19069, 0)
(18009, 21286, 18167, 0)
(18067, 21319, 18226, 0)
(18057, 22198, 18227, 0)
(18258, 26618, 18435, 0)
(18031, 21771, 18178, 0)
(18233, 22112, 18406, 0)
(18051, 22169, 18254, 0)
(18747, 23932, 19194, 0)
(18026, 21052, 18189, 0)
(18265, 21477, 18437, 0)
(18083, 21135, 18236, 0)
(18247, 22245, 18423, 0)
(18074, 21078, 18223, 0)
(18241, 21822, 18412, 0)
(18303, 21862, 18470, 0)
(17995, 21876, 18148, 0)
(18721, 22596, 19049, 0)
(18324, 23678, 18748, 0)
(18006, 26566, 18165, 0)
(18810, 24282, 19281, 0)
(18230, 22136, 18398, 0)
(18781, 23117, 19136, 0)
(18824, 22748, 19609, 0)
(18044, 21567, 18248, 0)
(18076, 21281, 18229, 0)
(18263, 22242, 18435, 0)
(18062, 22111, 18213, 0)
(18078, 22498, 18234, 0)
(18205, 21586, 18381, 0)
(18065, 21535, 18218, 0)
(18257, 21496, 18429, 0)
(18036, 21509, 18179, 0)
(18067, 21523, 18262, 0)
(18024, 21878, 18174, 0)
(18264, 21805, 18436, 0)
(18069, 21700, 18236, 0)
(18819, 23072, 19187, 0)
(18836, 22662, 19164, 0)
(18741, 22741, 19104, 0)
(18106, 21447, 18267, 0)
(18709, 23010, 19110, 0)
(18796, 22496, 19238, 0)
(18082, 21239, 18233, 0)
(23303, 27511, 23683, 0)
(18049, 21589, 18241, 0)
(18024, 21373, 18229, 0)
(18247, 21487, 18417, 0)
(18055, 21350, 18266, 0)
(18086, 21356, 18246, 0)
(18223, 21678, 18397, 0)
(18846, 22718, 19173, 0)
(18725, 22410, 19123, 0)
(18716, 22561, 19095, 0)
(18762, 22520, 19176, 0)
(18033, 21390, 18201, 0)
(18064, 21301, 18220, 0)
(18015, 21238, 18161, 0)
(18774, 22569, 19134, 0)
(18667, 22291, 18972, 0)
(18815, 22802, 19253, 0)
(18004, 21280, 18163, 0)
(18011, 21764, 18168, 0)
(18244, 22062, 18418, 0)
(18735, 22521, 19007, 0)
(18761, 22941, 19149, 0)
(18085, 22228, 18232, 0)
(18230, 22220, 18419, 0)
(18188, 21832, 18361, 0)
(18084, 21877, 18245, 0)
(18076, 21569, 18227, 0)
(18055, 21454, 18265, 0)
(18294, 21949, 18471, 0)
(18741, 22568, 19088, 0)
(20229, 24104, 20522, 0)
(18233, 22458, 18404, 0)
(18025, 21913, 18184, 0)
(18060, 21417, 18255, 0)
(18224, 25945, 18446, 0)
(18820, 22384, 19190, 0)
(18013, 22074, 18160, 0)
(18007, 21508, 18168, 0)
(18745, 22343, 19082, 0)
(18739, 22473, 19166, 0)
(18749, 22612, 19111, 0)
(18106, 21289, 18260, 0)
(18102, 21950, 18276, 0)
(18024, 21868, 18169, 0)
(18059, 21818, 18209, 0)
(18229, 21805, 18400, 0)
(18241, 25880, 18413, 0)
(18847, 22918, 19188, 0)
(18107, 21538, 18279, 0)
