(53829, 73003, 54645, 0)
(55043, 64347, 55275, 0)
(52811, 70963, 53022, 0)
(53149, 73074, 53365, 0)
(52809, 62348, 53145, 0)
(52193, 67996, 52399, 0)
(52630, 60774, 52873, 0)
(53272, 70627, 53485, 0)
(53159, 63441, 53552, 0)
(52820, 61481, 53021, 0)
(54010, 63633, 54224, 0)
(53193, 63052, 53411, 0)
(54044, 67348, 54268, 0)
(51624, 61059, 51807, 0)
(54350, 67097, 54607, 0)
(52814, 67213, 53213, 0)
(52896, 65892, 53353, 0)
(54062, 66150, 54273, 0)
(51559, 60897, 51748, 0)
(52689, 62643, 52913, 0)
(54417, 69172, 54651, 0)
(54455, 75442, 56795, 0)
(54508, 64379, 54734, 0)
(52658, 59901, 52874, 0)
(54518, 64169, 54757, 0)
(53599, 73246, 53816, 0)
(54180, 66358, 54634, 0)
(53082, 90395, 53337, 0)
(52808, 66207, 53030, 0)
(52785, 72124, 53019, 0)
(53782, 66126, 53990, 0)
(53543, 201514, 53786, 0)
(54891, 70237, 55151, 0)
(52138, 59606, 52357, 0)
(53862, 75211, 54254, 0)
(54523, 71885, 54833, 0)
(53173, 60356, 53381, 0)
(54581, 71150, 54805, 0)
(53074, 65102, 53300, 0)
(52953, 66146, 53365, 0)
(52268, 62565, 52572, 0)
(51338, 71558, 51568, 0)
(53507, 64827, 53720, 0)
(52424, 139327, 52686, 0)
(54845, 66047, 55097, 0)
(61390, 74044, 61643, 0)
(51937, 66764, 52434, 0)
(51867, 59049, 52063, 0)
(54020, 62988, 54342, 0)
(51821, 59244, 52026, 0)
(53549, 113769, 53779, 0)
(54299, 145585, 54577, 0)
(51386, 72211, 51921, 0)
(52751, 75583, 53107, 0)
(55429, 71979, 55833, 0)
(52592, 60753, 52796, 0)
(53090, 66521, 53342, 0)
(53387, 61516, 54284, 0)
(52342, 64151, 52573, 0)
(52085, 78607, 52504, 0)
(53436, 60919, 53668, 0)
(52120, 61664, 52345, 0)
(53401, 86698, 53786, 0)
(53541, 76433, 53843, 0)
(54185, 72058, 54673, 0)
(53504, 78090, 53958, 0)
(52407, 117423, 52683, 0)
(52134, 60317, 52360, 0)
(53440, 73720, 53846, 0)
(53465, 64377, 53823, 0)
(55205, 66902, 55445, 0)
(52942, 66026, 53386, 0)
(55424, 67272, 55665, 0)
(51328, 67398, 51534, 0)
(55294, 67192, 55539, 0)
(53001, 66628, 53510, 0)
(52525, 64493, 52733, 0)
(54020, 97350, 54277, 0)
(54196, 69169, 54469, 0)
(53405, 63766, 53614, 0)
(52600, 63247, 52811, 0)
(53745, 64000, 53967, 0)
(53471, 73211, 53709, 0)
(52749, 67255, 52938, 0)
(54525, 72862, 54735, 0)
(54086, 69818, 54447, 0)
(52682, 62373, 52910, 0)
(52415, 65032, 52690, 0)
(53212, 59712, 53431, 0)
(53578, 75654, 54726, 0)
(53527, 64192, 55198, 0)
(54368, 67717, 54602, 0)
(53130, 77599, 53346, 0)
(53917, 72632, 54286, 0)
(51598, 68898, 51894, 0)
(53065, 61572, 53402, 0)
(55225, 83708, 55586, 0)
(52262, 69819, 52575, 0)
