(428, 808, 448, 0)
(424, 706, 443, 0)
(417, 651, 433, 0)
(416, 800, 432, 0)
(416, 721, 431, 0)
(415, 717, 432, 0)
(416, 759, 435, 0)
(1030, 1609, 1062, 0)
(416, 736, 433, 0)
(417, 762, 435, 0)
(417, 746, 433, 0)
(421, 736, 440, 0)
(418, 798, 437, 0)
(416, 755, 434, 0)
(1043, 1629, 1082, 0)
(424, 729, 443, 0)
(416, 719, 433, 0)
(416, 803, 433, 0)
(416, 777, 432, 0)
(418, 806, 436, 0)
(417, 785, 435, 0)
(418, 816, 436, 0)
(416, 885, 432, 0)
(415, 764, 432, 0)
(416, 696, 431, 0)
(416, 750, 432, 0)
(433, 750, 459, 0)
(417, 712, 433, 0)
(416, 663, 432, 0)
(1028, 1702, 1064, 0)
(420, 788, 436, 0)
(417, 715, 434, 0)
(416, 752, 432, 0)
(417, 754, 435, 0)
(429, 823, 454, 0)
(417, 839, 435, 0)
(417, 759, 434, 0)
(417, 784, 435, 0)
(417, 682, 433, 0)
(416, 782, 433, 0)
(431, 758, 449, 0)
(429, 835, 446, 0)
(423, 710, 442, 0)
(425, 871, 442, 0)
(427, 749, 444, 0)
(416, 800, 434, 0)
(417, 863, 434, 0)
(424, 879, 441, 0)
(416, 765, 433, 0)
(423, 728, 441, 0)
(417, 779, 435, 0)
(417, 772, 435, 0)
(417, 750, 435, 0)
(417, 738, 432, 0)
(417, 740, 436, 0)
(417, 879, 435, 0)
(417, 721, 433, 0)
(416, 793, 434, 0)
(417, 784, 434, 0)
(416, 867, 434, 0)
(416, 798, 433, 0)
(2062, 3100, 2193, 0)
(415, 783, 432, 0)
(417, 758, 435, 0)
(416, 733, 432, 0)
(417, 752, 433, 0)
(417, 778, 435, 0)
(417, 678, 433, 0)
(416, 700, 431, 0)
(416, 766, 433, 0)
(417, 790, 435, 0)
(423, 741, 443, 0)
(417, 727, 434, 0)
(418, 682, 434, 0)
(417, 674, 433, 0)
(417, 713, 433, 0)
(416, 719, 434, 0)
(1034, 1703, 1076, 0)
(425, 793, 444, 0)
(424, 867, 443, 0)
(417, 795, 435, 0)
(426, 780, 444, 0)
(416, 694, 431, 0)
(417, 686, 433, 0)
(416, 768, 433, 0)
(428, 707, 446, 0)
(430, 784, 451, 0)
(417, 657, 433, 0)
(416, 758, 433, 0)
(416, 736, 433, 0)
(418, 713, 434, 0)
(424, 679, 443, 0)
(432, 807, 451, 0)
(417, 701, 433, 0)
(417, 710, 432, 0)
(418, 763, 437, 0)
(415, 703, 431, 0)
(416, 785, 433, 0)
(416, 757, 433, 0)
(1046, 1567, 1084, 0)
(427, 873, 447, 0)
(425, 726, 443, 0)
(428, 804, 445, 0)
(427, 731, 446, 0)
(417, 726, 435, 0)
(416, 765, 434, 0)
(417, 709, 432, 0)
(430, 742, 449, 0)
(416, 731, 433, 0)
(418, 769, 436, 0)
(418, 739, 436, 0)
(416, 804, 434, 0)
(416, 771, 434, 0)
(417, 673, 434, 0)
(424, 727, 442, 0)
(418, 799, 436, 0)
(415, 755, 432, 0)
(417, 798, 435, 0)
(416, 779, 432, 0)
(415, 747, 432, 0)
(424, 732, 443, 0)
(417, 737, 433, 0)
(416, 749, 433, 0)
(416, 658, 431, 0)
(416, 734, 434, 0)
(424, 771, 443, 0)
(416, 815, 432, 0)
(418, 677, 434, 0)
(416, 680, 433, 0)
(417, 726, 434, 0)
(418, 814, 437, 0)
(418, 698, 434, 0)
(426, 707, 445, 0)
(416, 698, 433, 0)
(416, 777, 434, 0)
(416, 757, 435, 0)
(417, 699, 433, 0)
(430, 787, 448, 0)
(416, 727, 432, 0)
(418, 740, 434, 0)
(416, 750, 432, 0)
(424, 805, 444, 0)
(417, 669, 433, 0)
(423, 877, 440, 0)
(422, 761, 439, 0)
(417, 823, 435, 0)
(417, 789, 435, 0)
(419, 757, 437, 0)
(416, 774, 432, 0)
(420, 831, 439, 0)
(417, 792, 434, 0)
(417, 735, 435, 0)
(416, 743, 432, 0)
(418, 830, 436, 0)
(417, 788, 435, 0)
(416, 749, 431, 0)
(419, 782, 436, 0)
(416, 847, 434, 0)
(417, 715, 433, 0)
(429, 839, 446, 0)
(417, 683, 435, 0)
(417, 813, 434, 0)
(417, 784, 435, 0)
(415, 753, 432, 0)
(416, 726, 432, 0)
(416, 821, 432, 0)
(417, 741, 434, 0)
(416, 747, 434, 0)
(415, 779, 431, 0)
(416, 767, 432, 0)
(431, 792, 452, 0)
(417, 713, 433, 0)
(419, 757, 436, 0)
(418, 731, 436, 0)
(416, 883, 434, 0)
(430, 776, 449, 0)
(417, 823, 434, 0)
(416, 732, 432, 0)
(417, 740, 436, 0)
(416, 735, 432, 0)
(428, 756, 451, 0)
(418, 792, 436, 0)
(416, 797, 432, 0)
(431, 782, 450, 0)
(416, 741, 434, 0)
(419, 781, 437, 0)
(417, 742, 435, 0)
(416, 764, 434, 0)
(424, 775, 443, 0)
(423, 716, 440, 0)
(416, 830, 434, 0)
(417, 761, 435, 0)
(418, 715, 432, 0)
(1026, 2001, 1061, 0)
(425, 768, 445, 0)
(416, 738, 434, 0)
(416, 790, 433, 0)
(416, 781, 433, 0)
(1043, 1702, 1081, 0)
(424, 800, 443, 0)
(429, 761, 452, 0)
(417, 759, 433, 0)
(417, 720, 433, 0)
(416, 738, 433, 0)
(416, 813, 433, 0)
(416, 752, 432, 0)
(417, 794, 435, 0)
(416, 747, 434, 0)
(418, 708, 435, 0)
(419, 663, 435, 0)
(416, 756, 433, 0)
(417, 760, 435, 0)
(417, 665, 433, 0)
(415, 782, 432, 0)
(416, 716, 432, 0)
(416, 676, 433, 0)
(415, 753, 432, 0)
(417, 821, 436, 0)
(2072, 3227, 2180, 0)
(417, 785, 435, 0)
(417, 842, 436, 0)
(417, 771, 435, 0)
(417, 795, 433, 0)
(419, 703, 436, 0)
(416, 762, 434, 0)
(415, 775, 432, 0)
(417, 674, 432, 0)
(416, 904, 433, 0)
(419, 720, 439, 0)
(425, 768, 444, 0)
(416, 767, 432, 0)
(416, 710, 432, 0)
(417, 778, 433, 0)
(1039, 1586, 1070, 0)
(416, 778, 432, 0)
(415, 734, 431, 0)
(416, 899, 433, 0)
(416, 743, 432, 0)
(417, 769, 434, 0)
(417, 819, 433, 0)
(417, 716, 432, 0)
(417, 754, 434, 0)
(1028, 1687, 1063, 0)
(416, 790, 433, 0)
(417, 674, 433, 0)
(416, 789, 434, 0)
(417, 773, 434, 0)
(427, 730, 443, 0)
(417, 713, 433, 0)
(417, 680, 433, 0)
(417, 773, 435, 0)
(416, 772, 432, 0)
(417, 699, 433, 0)
(416, 772, 433, 0)
(418, 765, 436, 0)
(417, 826, 435, 0)
(417, 776, 435, 0)
(424, 703, 444, 0)
(424, 811, 443, 0)
(416, 710, 431, 0)
(418, 661, 434, 0)
(419, 677, 433, 0)
(416, 735, 432, 0)
(417, 722, 433, 0)
(415, 785, 431, 0)
(416, 808, 434, 0)
(415, 709, 431, 0)
(417, 896, 435, 0)
(429, 702, 435, 0)
(2058, 3121, 2195, 0)
(1026, 1659, 1061, 0)
(416, 769, 434, 0)
(1052, 1620, 1084, 0)
(416, 838, 433, 0)
(417, 715, 432, 0)
(424, 815, 444, 0)
(416, 746, 432, 0)
(417, 789, 432, 0)
(417, 743, 434, 0)
(416, 664, 432, 0)
(416, 715, 433, 0)
(418, 710, 435, 0)
(417, 713, 433, 0)
(417, 698, 433, 0)
(1028, 1756, 1064, 0)
(417, 725, 433, 0)
(417, 671, 432, 0)
(417, 778, 435, 0)
(417, 734, 435, 0)
(419, 728, 436, 0)
(417, 767, 434, 0)
(417, 830, 436, 0)
(420, 793, 438, 0)
(427, 728, 443, 0)
(416, 807, 432, 0)
(418, 763, 436, 0)
(416, 779, 432, 0)
(417, 762, 433, 0)
(416, 805, 434, 0)
(415, 702, 431, 0)
(418, 811, 435, 0)
(1028, 1526, 1062, 0)
(422, 752, 440, 0)
(419, 735, 437, 0)
(416, 714, 431, 0)
(427, 723, 448, 0)
(417, 759, 433, 0)
(418, 769, 437, 0)
(416, 751, 433, 0)
(417, 685, 432, 0)
(426, 689, 445, 0)
(416, 748, 432, 0)
(417, 816, 432, 0)
(416, 772, 434, 0)
(417, 812, 434, 0)
(417, 750, 432, 0)
(416, 728, 432, 0)
(418, 726, 435, 0)
(417, 863, 434, 0)
(417, 740, 435, 0)
(418, 756, 436, 0)
(421, 756, 437, 0)
(431, 742, 451, 0)
(424, 757, 442, 0)
(416, 703, 431, 0)
(417, 786, 435, 0)
(430, 782, 448, 0)
(417, 837, 434, 0)
(417, 790, 435, 0)
(417, 693, 433, 0)
(428, 776, 447, 0)
(416, 763, 432, 0)
(424, 849, 444, 0)
(416, 792, 433, 0)
(429, 733, 446, 0)
(417, 818, 435, 0)
(427, 738, 444, 0)
(425, 703, 444, 0)
(430, 743, 446, 0)
(430, 740, 448, 0)
(415, 715, 432, 0)
(417, 710, 433, 0)
(416, 760, 433, 0)
(417, 802, 436, 0)
(421, 694, 439, 0)
(417, 743, 434, 0)
(416, 758, 434, 0)
(1026, 1563, 1057, 0)
(429, 785, 450, 0)
(432, 801, 452, 0)
(416, 746, 433, 0)
(417, 782, 435, 0)
(1029, 1515, 1064, 0)
(416, 816, 434, 0)
(419, 766, 436, 0)
(417, 808, 435, 0)
(430, 759, 448, 0)
(426, 771, 444, 0)
(426, 803, 442, 0)
(416, 701, 432, 0)
(428, 779, 446, 0)
(417, 748, 433, 0)
(417, 757, 435, 0)
(415, 868, 431, 0)
(417, 746, 435, 0)
(432, 780, 452, 0)
(424, 706, 442, 0)
(417, 739, 433, 0)
(416, 692, 432, 0)
(417, 837, 435, 0)
(417, 750, 434, 0)
(418, 747, 436, 0)
(416, 746, 432, 0)
(417, 766, 435, 0)
(1030, 1584, 1064, 0)
(424, 789, 444, 0)
(417, 679, 433, 0)
(417, 778, 434, 0)
(417, 713, 434, 0)
(417, 756, 434, 0)
(418, 768, 435, 0)
(417, 770, 435, 0)
(416, 709, 432, 0)
(414, 776, 431, 0)
(417, 796, 434, 0)
(416, 770, 433, 0)
(416, 755, 432, 0)
(416, 740, 431, 0)
(416, 736, 432, 0)
(416, 725, 433, 0)
(417, 767, 436, 0)
(417, 831, 434, 0)
(417, 706, 434, 0)
(417, 684, 434, 0)
(417, 781, 433, 0)
(433, 767, 454, 0)
(1029, 1671, 1071, 0)
(417, 753, 435, 0)
(416, 778, 433, 0)
(416, 741, 432, 0)
(415, 738, 431, 0)
(1044, 1664, 1087, 0)
(430, 713, 447, 0)
(1029, 1604, 1065, 0)
(417, 1076, 435, 0)
(416, 685, 431, 0)
(422, 801, 441, 0)
(417, 717, 432, 0)
(417, 733, 434, 0)
(423, 747, 444, 0)
(415, 812, 432, 0)
(416, 788, 432, 0)
(416, 775, 435, 0)
(418, 737, 436, 0)
(416, 824, 432, 0)
(415, 744, 431, 0)
(417, 755, 435, 0)
(417, 706, 434, 0)
(417, 732, 434, 0)
(418, 760, 437, 0)
(417, 701, 433, 0)
(417, 669, 433, 0)
(417, 773, 434, 0)
(418, 721, 436, 0)
(417, 721, 432, 0)
(418, 691, 434, 0)
(417, 741, 435, 0)
(417, 696, 433, 0)
(418, 790, 436, 0)
(416, 755, 432, 0)
(417, 750, 434, 0)
(417, 732, 434, 0)
(416, 778, 434, 0)
(1055, 1691, 1095, 0)
(420, 677, 437, 0)
(418, 784, 436, 0)
(427, 780, 444, 0)
(417, 816, 435, 0)
(415, 786, 432, 0)
(436, 806, 462, 0)
(416, 797, 433, 0)
(416, 675, 432, 0)
(417, 791, 434, 0)
(420, 5157, 437, 0)
(415, 744, 431, 0)
(428, 763, 443, 0)
(422, 781, 438, 0)
(427, 712, 442, 0)
(417, 729, 433, 0)
(416, 706, 432, 0)
(418, 738, 436, 0)
(415, 766, 431, 0)
(416, 756, 433, 0)
(417, 727, 434, 0)
(423, 726, 441, 0)
(417, 751, 434, 0)
(417, 833, 435, 0)
(416, 826, 433, 0)
(416, 690, 431, 0)
(417, 782, 436, 0)
(416, 768, 432, 0)
(431, 768, 452, 0)
(417, 728, 433, 0)
(418, 745, 436, 0)
(426, 810, 446, 0)
(416, 732, 433, 0)
(417, 741, 435, 0)
(417, 808, 435, 0)
(421, 738, 440, 0)
(416, 754, 432, 0)
(425, 740, 442, 0)
(417, 775, 435, 0)
(422, 730, 439, 0)
(416, 748, 432, 0)
(416, 751, 433, 0)
(419, 785, 439, 0)
(431, 785, 451, 0)
(417, 757, 433, 0)
(415, 771, 432, 0)
(416, 811, 433, 0)
(419, 713, 437, 0)
(417, 710, 433, 0)
(417, 719, 433, 0)
(418, 791, 436, 0)
(434, 765, 456, 0)
(434, 797, 456, 0)
(417, 669, 433, 0)
(417, 764, 435, 0)
(416, 675, 433, 0)
(423, 796, 441, 0)
(416, 780, 434, 0)
(415, 804, 432, 0)
(415, 738, 431, 0)
(424, 735, 443, 0)
(417, 743, 435, 0)
(417, 817, 434, 0)
(417, 792, 434, 0)
(418, 790, 435, 0)
(415, 753, 432, 0)
(417, 743, 436, 0)
(417, 702, 432, 0)
(416, 700, 432, 0)
(417, 779, 435, 0)
(417, 767, 435, 0)
(417, 796, 435, 0)
(423, 798, 441, 0)
(416, 680, 432, 0)
(417, 748, 435, 0)
(416, 707, 432, 0)
(424, 684, 441, 0)
(417, 716, 432, 0)
(432, 761, 450, 0)
(417, 722, 434, 0)
(417, 764, 435, 0)
(429, 735, 447, 0)
(416, 794, 432, 0)
(418, 867, 436, 0)
(417, 769, 434, 0)
(418, 721, 435, 0)
(417, 790, 436, 0)
(416, 764, 432, 0)
(418, 779, 434, 0)
(416, 718, 433, 0)
(418, 756, 436, 0)
(417, 713, 433, 0)
(418, 737, 436, 0)
(416, 774, 432, 0)
(424, 725, 441, 0)
(415, 748, 432, 0)
(416, 782, 435, 0)
(418, 787, 436, 0)
(417, 824, 435, 0)
(417, 706, 433, 0)
(428, 813, 448, 0)
(428, 764, 448, 0)
(428, 722, 448, 0)
(417, 674, 433, 0)
(419, 695, 437, 0)
(422, 806, 439, 0)
(420, 842, 440, 0)
(431, 743, 451, 0)
(417, 729, 433, 0)
(417, 744, 435, 0)
(416, 756, 432, 0)
(416, 709, 431, 0)
(432, 843, 450, 0)
(416, 722, 431, 0)
(417, 851, 436, 0)
(417, 717, 435, 0)
(416, 700, 432, 0)
(416, 759, 433, 0)
(416, 710, 431, 0)
(416, 852, 433, 0)
(415, 764, 431, 0)
(416, 749, 433, 0)
(417, 755, 435, 0)
(417, 826, 435, 0)
(422, 751, 439, 0)
(417, 730, 433, 0)
(429, 800, 447, 0)
(416, 816, 432, 0)
(1026, 1490, 1057, 0)
(417, 667, 433, 0)
(417, 740, 432, 0)
(417, 745, 433, 0)
(417, 774, 436, 0)
(416, 745, 432, 0)
(429, 698, 448, 0)
(429, 746, 449, 0)
(416, 744, 431, 0)
(417, 839, 434, 0)
(430, 782, 447, 0)
(416, 718, 431, 0)
(416, 782, 432, 0)
(429, 852, 448, 0)
(416, 785, 435, 0)
(416, 813, 432, 0)
(429, 744, 448, 0)
(416, 721, 432, 0)
(418, 767, 436, 0)
(424, 800, 442, 0)
(417, 771, 434, 0)
(418, 780, 436, 0)
(416, 800, 434, 0)
(1056, 1669, 1104, 0)
(437, 779, 461, 0)
(417, 784, 435, 0)
(418, 754, 436, 0)
(430, 788, 450, 0)
(420, 715, 438, 0)
(423, 754, 441, 0)
(416, 711, 431, 0)
(417, 771, 435, 0)
(417, 674, 433, 0)
(417, 811, 435, 0)
(421, 640, 438, 0)
(417, 711, 432, 0)
(416, 773, 433, 0)
(416, 751, 432, 0)
(416, 820, 432, 0)
(417, 787, 435, 0)
(417, 685, 432, 0)
(417, 766, 432, 0)
(416, 688, 432, 0)
(416, 718, 432, 0)
(429, 785, 452, 0)
(416, 728, 433, 0)
(416, 715, 434, 0)
(417, 756, 433, 0)
(418, 726, 436, 0)
(417, 670, 433, 0)
(430, 766, 448, 0)
(416, 744, 433, 0)
(425, 758, 444, 0)
(418, 749, 436, 0)
(417, 770, 436, 0)
(415, 765, 432, 0)
(417, 719, 434, 0)
(426, 780, 446, 0)
(418, 814, 436, 0)
(416, 728, 432, 0)
(416, 690, 432, 0)
(417, 813, 435, 0)
(435, 747, 456, 0)
(415, 721, 431, 0)
(417, 771, 434, 0)
(1036, 1659, 1073, 0)
(417, 681, 433, 0)
(417, 800, 436, 0)
(417, 752, 434, 0)
(416, 794, 434, 0)
(417, 731, 436, 0)
(418, 713, 434, 0)
(422, 774, 438, 0)
(416, 809, 433, 0)
(428, 807, 453, 0)
(418, 854, 434, 0)
(1058, 1588, 1100, 0)
(417, 669, 434, 0)
(417, 734, 435, 0)
(433, 769, 452, 0)
(417, 755, 435, 0)
(429, 761, 456, 0)
(415, 751, 431, 0)
(1027, 1698, 1061, 0)
(416, 728, 433, 0)
(416, 782, 434, 0)
(417, 742, 434, 0)
(415, 771, 433, 0)
(417, 776, 435, 0)
(417, 826, 435, 0)
(416, 802, 432, 0)
(435, 777, 461, 0)
(416, 779, 432, 0)
(416, 669, 432, 0)
(416, 746, 431, 0)
(425, 823, 442, 0)
(427, 755, 447, 0)
(416, 807, 432, 0)
(416, 782, 432, 0)
(417, 669, 433, 0)
(418, 676, 434, 0)
(1044, 1634, 1081, 0)
(417, 711, 432, 0)
(416, 726, 433, 0)
(416, 766, 432, 0)
(419, 700, 434, 0)
(432, 823, 450, 0)
(416, 741, 432, 0)
(417, 772, 435, 0)
(418, 759, 437, 0)
(417, 712, 433, 0)
(416, 750, 433, 0)
(417, 762, 435, 0)
(433, 794, 455, 0)
(417, 891, 435, 0)
(418, 804, 435, 0)
(419, 708, 435, 0)
(416, 781, 432, 0)
(416, 761, 433, 0)
(420, 682, 437, 0)
(416, 683, 432, 0)
(425, 755, 443, 0)
(417, 677, 434, 0)
(418, 747, 435, 0)
(419, 753, 442, 0)
(426, 807, 445, 0)
(417, 739, 434, 0)
(424, 757, 441, 0)
(415, 694, 431, 0)
(417, 691, 433, 0)
(417, 676, 433, 0)
(417, 703, 433, 0)
(417, 757, 435, 0)
(416, 750, 433, 0)
(415, 779, 432, 0)
(417, 1046, 433, 0)
(416, 775, 433, 0)
(416, 728, 432, 0)
(417, 669, 433, 0)
(416, 844, 432, 0)
(1029, 1582, 1063, 0)
(417, 659, 433, 0)
(417, 823, 434, 0)
(429, 859, 447, 0)
(417, 785, 435, 0)
(429, 740, 447, 0)
(416, 702, 431, 0)
(433, 776, 449, 0)
(417, 768, 434, 0)
(416, 797, 431, 0)
(417, 757, 432, 0)
(423, 799, 440, 0)
(430, 801, 451, 0)
(416, 825, 432, 0)
(417, 1061, 433, 0)
(1033, 1478, 1066, 0)
(420, 708, 438, 0)
(417, 839, 435, 0)
(417, 764, 432, 0)
(416, 719, 432, 0)
(417, 784, 436, 0)
(416, 830, 433, 0)
(417, 774, 435, 0)
(416, 680, 433, 0)
(417, 671, 433, 0)
(417, 829, 435, 0)
(417, 827, 435, 0)
(417, 700, 434, 0)
(428, 800, 447, 0)
(418, 816, 436, 0)
(425, 823, 448, 0)
(418, 843, 436, 0)
(415, 744, 431, 0)
(417, 778, 435, 0)
(429, 734, 437, 0)
(427, 865, 448, 0)
(416, 731, 432, 0)
(417, 747, 434, 0)
(427, 706, 444, 0)
(417, 713, 434, 0)
(416, 711, 432, 0)
(418, 686, 434, 0)
(416, 780, 432, 0)
(416, 802, 433, 0)
(419, 781, 438, 0)
(418, 922, 437, 0)
(417, 739, 435, 0)
(417, 748, 434, 0)
(417, 776, 436, 0)
(416, 753, 431, 0)
(419, 733, 438, 0)
(417, 775, 435, 0)
(419, 796, 437, 0)
(416, 752, 434, 0)
(424, 771, 443, 0)
(417, 803, 434, 0)
(417, 784, 436, 0)
(417, 832, 435, 0)
(425, 812, 447, 0)
(417, 741, 434, 0)
(417, 682, 433, 0)
(434, 777, 454, 0)
(418, 780, 436, 0)
(417, 719, 435, 0)
(415, 727, 431, 0)
(417, 692, 433, 0)
(416, 743, 432, 0)
(417, 785, 435, 0)
(418, 750, 437, 0)
(417, 702, 433, 0)
(416, 792, 432, 0)
(417, 748, 435, 0)
(417, 722, 432, 0)
(416, 722, 432, 0)
(438, 751, 463, 0)
(417, 668, 433, 0)
(417, 736, 435, 0)
(417, 673, 432, 0)
(417, 752, 435, 0)
(417, 728, 436, 0)
(416, 719, 433, 0)
(415, 727, 431, 0)
(416, 714, 433, 0)
(418, 727, 433, 0)
(419, 739, 438, 0)
(420, 660, 436, 0)
(417, 742, 435, 0)
(417, 717, 434, 0)
(419, 722, 435, 0)
(416, 716, 434, 0)
(416, 678, 431, 0)
(416, 695, 431, 0)
(416, 661, 431, 0)
(418, 747, 436, 0)
(1029, 1504, 1062, 0)
(416, 732, 432, 0)
(416, 769, 433, 0)
(418, 729, 436, 0)
(418, 779, 436, 0)
(416, 710, 432, 0)
(416, 783, 433, 0)
(419, 664, 436, 0)
(417, 638, 433, 0)
(417, 753, 433, 0)
(418, 738, 433, 0)
(417, 696, 433, 0)
(424, 772, 442, 0)
(416, 731, 432, 0)
(438, 773, 466, 0)
(427, 639, 444, 0)
(417, 750, 436, 0)
(417, 779, 435, 0)
(416, 750, 432, 0)
(417, 737, 435, 0)
(416, 728, 433, 0)
(417, 760, 435, 0)
(427, 735, 436, 0)
(417, 706, 433, 0)
(421, 835, 445, 0)
(1027, 1425, 1058, 0)
(416, 735, 432, 0)
(417, 653, 433, 0)
(431, 800, 450, 0)
(416, 666, 432, 0)
(434, 695, 452, 0)
(421, 730, 439, 0)
(419, 673, 435, 0)
(418, 772, 436, 0)
(416, 719, 432, 0)
(417, 690, 433, 0)
(417, 796, 435, 0)
(429, 700, 446, 0)
(417, 703, 433, 0)
(422, 658, 439, 0)
(423, 754, 441, 0)
(420, 813, 444, 0)
(418, 723, 435, 0)
(417, 760, 433, 0)
(417, 758, 434, 0)
(417, 801, 433, 0)
(418, 715, 435, 0)
(417, 739, 433, 0)
(416, 736, 432, 0)
(417, 707, 433, 0)
(418, 682, 434, 0)
(417, 700, 433, 0)
(416, 769, 432, 0)
(421, 698, 439, 0)
(418, 715, 436, 0)
(417, 710, 434, 0)
(433, 756, 460, 0)
(417, 741, 433, 0)
(420, 719, 438, 0)
(417, 683, 433, 0)
(425, 741, 444, 0)
(1028, 1634, 1064, 0)
(417, 666, 433, 0)
(416, 694, 432, 0)
(416, 647, 432, 0)
(420, 731, 439, 0)
(417, 728, 434, 0)
(424, 761, 443, 0)
(417, 864, 435, 0)
(417, 714, 435, 0)
(417, 745, 435, 0)
(418, 695, 434, 0)
(416, 644, 432, 0)
(418, 736, 438, 0)
(417, 699, 434, 0)
(427, 802, 448, 0)
(417, 636, 432, 0)
(416, 707, 431, 0)
(416, 720, 432, 0)
(417, 790, 434, 0)
(418, 664, 434, 0)
(417, 729, 433, 0)
(418, 759, 438, 0)
(430, 762, 451, 0)
(415, 736, 431, 0)
(417, 700, 433, 0)
(417, 780, 436, 0)
(417, 714, 433, 0)
(417, 666, 434, 0)
(417, 790, 436, 0)
(426, 788, 446, 0)
(418, 752, 435, 0)
(417, 756, 433, 0)
(417, 731, 435, 0)
(417, 694, 434, 0)
(417, 721, 433, 0)
(425, 760, 444, 0)
(421, 695, 438, 0)
(434, 795, 462, 0)
(417, 759, 433, 0)
(423, 744, 442, 0)
(417, 782, 435, 0)
(417, 668, 433, 0)
(434, 688, 451, 0)
(423, 723, 441, 0)
(427, 725, 445, 0)
(427, 687, 446, 0)
(417, 735, 433, 0)
(416, 738, 433, 0)
(417, 722, 435, 0)
(418, 844, 437, 0)
(416, 756, 432, 0)
(417, 763, 435, 0)
(419, 718, 437, 0)
(417, 702, 432, 0)
(417, 770, 433, 0)
(1052, 1706, 1093, 0)
(416, 804, 432, 0)
(416, 728, 434, 0)
(416, 816, 432, 0)
(417, 658, 433, 0)
(417, 766, 435, 0)
(1047, 1710, 1096, 0)
(420, 685, 439, 0)
(417, 760, 435, 0)
(418, 724, 436, 0)
(1042, 1546, 1078, 0)
(420, 766, 438, 0)
(434, 798, 454, 0)
(416, 729, 434, 0)
(418, 728, 436, 0)
(417, 772, 436, 0)
(419, 693, 436, 0)
(424, 769, 442, 0)
(423, 738, 443, 0)
(416, 742, 432, 0)
(416, 675, 431, 0)
(421, 775, 442, 0)
(418, 753, 437, 0)
(431, 759, 448, 0)
(416, 754, 434, 0)
(417, 662, 433, 0)
(427, 749, 446, 0)
(416, 723, 432, 0)
(416, 723, 431, 0)
(417, 759, 435, 0)
(417, 703, 432, 0)
(418, 741, 436, 0)
(416, 745, 432, 0)
(416, 743, 433, 0)
(417, 750, 435, 0)
(416, 754, 434, 0)
(424, 676, 443, 0)
(417, 793, 433, 0)
(434, 745, 456, 0)
(431, 699, 440, 0)
(417, 786, 433, 0)
(417, 736, 434, 0)
(417, 743, 435, 0)
(417, 757, 435, 0)
(417, 795, 435, 0)
(416, 767, 431, 0)
(418, 790, 435, 0)
(417, 810, 435, 0)
(1029, 1535, 1061, 0)
(416, 732, 433, 0)
(417, 750, 435, 0)
(416, 742, 433, 0)
(416, 749, 432, 0)
(417, 746, 435, 0)
(416, 653, 431, 0)
(417, 806, 435, 0)
(418, 736, 435, 0)
(416, 703, 432, 0)
(424, 738, 443, 0)
(417, 716, 433, 0)
(428, 783, 446, 0)
(419, 759, 438, 0)
(417, 656, 433, 0)
(417, 652, 433, 0)
(417, 760, 435, 0)
(416, 713, 433, 0)
(1029, 1514, 1061, 0)
(416, 761, 432, 0)
(416, 709, 433, 0)
(416, 714, 432, 0)
(430, 686, 449, 0)
(432, 756, 456, 0)
(416, 749, 433, 0)
(418, 763, 436, 0)
(418, 834, 436, 0)
(417, 661, 435, 0)
(416, 781, 434, 0)
(417, 690, 433, 0)
(439, 775, 464, 0)
(417, 665, 432, 0)
(417, 712, 435, 0)
(418, 744, 435, 0)
(425, 772, 442, 0)
(417, 722, 435, 0)
(416, 730, 432, 0)
(416, 749, 433, 0)
(417, 670, 434, 0)
(416, 792, 433, 0)
(417, 739, 435, 0)
