(237090, 270264, 237908, 0)
(245497, 285438, 257794, 0)
(246236, 277884, 247076, 0)
(240871, 261869, 241506, 0)
(234499, 309531, 235094, 0)
(259547, 304755, 260184, 0)
(246037, 321050, 246648, 0)
(234703, 258455, 235408, 0)
(259401, 298510, 260054, 0)
(246569, 309257, 247183, 0)
(290184, 319469, 298101, 0)
(267750, 307233, 270323, 0)
(260868, 308296, 261652, 0)
(259447, 330842, 260085, 0)
(241452, 290064, 242058, 0)
(233993, 309854, 234585, 0)
(270987, 306338, 271691, 0)
(242055, 304114, 242660, 0)
(245891, 281377, 252919, 0)
(254788, 308477, 255433, 0)
(267191, 319686, 267839, 0)
(246924, 291303, 247544, 0)
(233937, 309187, 234550, 0)
(243940, 310170, 245695, 0)
(299271, 346606, 303902, 0)
(247217, 320549, 247945, 0)
(256422, 286769, 258201, 0)
(253749, 280778, 254368, 0)
(247054, 282584, 247798, 0)
(246036, 280318, 246648, 0)
(247479, 312400, 248246, 0)
(245903, 353763, 246492, 0)
(234996, 272934, 235705, 0)
(233986, 277782, 234583, 0)
(250449, 286037, 251142, 0)
(250427, 308592, 251369, 0)
(262934, 303559, 263560, 0)
(234237, 322045, 234835, 0)
(235854, 290618, 236575, 0)
(234818, 271791, 235522, 0)
(245789, 276927, 246393, 0)
(234328, 253041, 234932, 0)
(235050, 267044, 235757, 0)
(247244, 278748, 247858, 0)
(258992, 289417, 259601, 0)
(259907, 295520, 260640, 0)
(246802, 326279, 247450, 0)
(241010, 278513, 241602, 0)
(246898, 297420, 247500, 0)
(234056, 263487, 234641, 0)
(246168, 280230, 246802, 0)
(246459, 343586, 247073, 0)
(245950, 318611, 246540, 0)
(233534, 274594, 234132, 0)
(245971, 284120, 246590, 0)
(241362, 266974, 241951, 0)
(234582, 259575, 235288, 0)
(234794, 270266, 235512, 0)
(234795, 261351, 235505, 0)
(246942, 271333, 247554, 0)
(246869, 277505, 247488, 0)
(246579, 347033, 247214, 0)
(247470, 285717, 248217, 0)
(259142, 305854, 259764, 0)
(234071, 260319, 234761, 0)
(259004, 286041, 259610, 0)
(246624, 346092, 247234, 0)
(241240, 289952, 241839, 0)
(233329, 304815, 233916, 0)
(240502, 272927, 241098, 0)
(246396, 284493, 247013, 0)
(259176, 291835, 259799, 0)
(237378, 291926, 237986, 0)
(246957, 282107, 247683, 0)
(246994, 270844, 247632, 0)
(233677, 296180, 234275, 0)
(234511, 267762, 235197, 0)
(260161, 303817, 260789, 0)
(234689, 286134, 235391, 0)
(241961, 276909, 242561, 0)
(254001, 284320, 254624, 0)
(259683, 316254, 260312, 0)
(273531, 317673, 274210, 0)
(234578, 269654, 235179, 0)
(263356, 296311, 263994, 0)
(235713, 286922, 236427, 0)
(260193, 301942, 260870, 0)
(247289, 270941, 248011, 0)
(234791, 266905, 235492, 0)
(259658, 303162, 260293, 0)
(273936, 303698, 274589, 0)
(237164, 305045, 237779, 0)
(247778, 360174, 248532, 0)
(242432, 275028, 243118, 0)
(260424, 311832, 261072, 0)
(260258, 300322, 260883, 0)
(247759, 280825, 248485, 0)
(260298, 300846, 261206, 0)
(247029, 275760, 247672, 0)
(255840, 312654, 256841, 0)
(246966, 269725, 247587, 0)
(258554, 303114, 259189, 0)
(234385, 280471, 234974, 0)
(258485, 291493, 259180, 0)
(241523, 272285, 242143, 0)
(241072, 270412, 241656, 0)
(246824, 284919, 247533, 0)
(233993, 316390, 235031, 0)
(234441, 264150, 235154, 0)
(241251, 268395, 241870, 0)
(241279, 275996, 241876, 0)
