(50530, 62886, 51437, 0)
(51282, 61467, 52137, 0)
(49940, 62005, 50532, 0)
(50691, 62265, 51397, 0)
(49832, 59826, 50443, 0)
(50592, 62288, 51908, 0)
(50495, 61964, 51126, 0)
(50517, 61994, 51457, 0)
(49829, 130231, 50711, 0)
(51574, 60162, 52605, 0)
(50888, 59594, 51786, 0)
(50980, 60676, 51991, 0)
(50322, 61270, 51257, 0)
(50224, 57406, 51086, 0)
(50568, 57473, 51219, 0)
(49841, 59825, 50565, 0)
(50902, 63114, 52053, 0)
(51987, 60226, 52970, 0)
(50437, 65258, 51480, 0)
(50907, 63773, 51709, 0)
(51012, 57925, 51834, 0)
(50493, 61574, 51417, 0)
(50641, 68469, 51952, 0)
(51931, 65728, 52864, 0)
(50288, 61209, 51420, 0)
(51003, 67883, 52124, 0)
(50426, 69102, 51360, 0)
(50588, 65353, 51668, 0)
(51771, 70181, 52725, 0)
(49349, 152024, 50486, 0)
(50567, 128701, 51502, 0)
(51025, 68973, 52241, 0)
(50525, 57408, 51257, 0)
(50219, 66735, 51369, 0)
(50234, 64980, 51355, 0)
(51626, 110643, 52586, 0)
(50694, 61083, 51657, 0)
(50931, 83650, 51825, 0)
(50084, 179711, 50727, 0)
(50544, 72103, 51388, 0)
(50042, 60330, 50636, 0)
(49184, 59124, 49851, 0)
(51609, 59226, 52550, 0)
(50875, 60461, 51807, 0)
(50484, 104466, 51055, 0)
(56617, 78218, 57114, 0)
(50648, 60386, 51720, 0)
(50207, 60877, 50981, 0)
(50916, 75115, 51854, 0)
(50223, 56925, 51128, 0)
(51880, 61837, 52778, 0)
(51793, 71600, 52566, 0)
(50122, 64919, 51206, 0)
(51436, 60302, 52368, 0)
(51276, 62538, 52439, 0)
(50783, 58704, 51674, 0)
(51129, 66798, 52230, 0)
(50044, 57100, 50639, 0)
(50219, 63999, 51352, 0)
(50584, 59176, 51398, 0)
(51202, 63804, 52312, 0)
(51036, 68382, 51852, 0)
(50627, 67677, 51492, 0)
(50612, 67211, 51432, 0)
(50611, 59188, 51423, 0)
(51174, 64091, 51969, 0)
(50614, 63903, 51418, 0)
(50883, 58500, 51689, 0)
(50631, 62733, 51448, 0)
(50723, 64949, 51683, 0)
(51532, 62565, 52513, 0)
(51011, 56803, 51796, 0)
(50538, 99029, 51344, 0)
(50530, 62918, 51637, 0)
(51434, 63134, 52280, 0)
(50917, 64442, 51839, 0)
(51320, 115227, 52332, 0)
(52426, 68880, 53492, 0)
(50846, 91761, 52210, 0)
(50890, 59174, 51701, 0)
(49810, 65734, 50381, 0)
(51150, 60111, 52104, 0)
(50295, 62867, 51240, 0)
(51883, 69990, 52852, 0)
(51663, 61128, 52572, 0)
(49897, 63369, 50612, 0)
(50231, 60876, 51188, 0)
(51141, 67080, 52154, 0)
(51227, 58022, 51872, 0)
(51096, 98608, 51938, 0)
(50747, 58367, 51603, 0)
(51217, 63346, 52362, 0)
(51377, 61815, 52269, 0)
(50429, 63021, 51542, 0)
(51093, 61084, 52486, 0)
(51352, 106169, 52325, 0)
(50500, 70760, 51717, 0)
(49891, 67942, 50709, 0)
