(419530, 437330, 420943, 0)
(417290, 443735, 418572, 0)
(416925, 473889, 418340, 0)
(429378, 451908, 432102, 0)
(424317, 443703, 425661, 0)
(416527, 443129, 417905, 0)
(420914, 435731, 423657, 0)
(422766, 485832, 425355, 0)
(427353, 464914, 428623, 0)
(419831, 442686, 421305, 0)
(417380, 441358, 418941, 0)
(419784, 442550, 421542, 0)
(427562, 519699, 429274, 0)
(419827, 442214, 421135, 0)
(419868, 467500, 421125, 0)
(419775, 465843, 421068, 0)
(419450, 464696, 420675, 0)
(418899, 442177, 420932, 0)
(416580, 442971, 417996, 0)
(421452, 458163, 424284, 0)
(424841, 455990, 426401, 0)
(419595, 546837, 421119, 0)
(419639, 453678, 421217, 0)
(409194, 426895, 410551, 0)
(414868, 437868, 416091, 0)
(419485, 464488, 420865, 0)
(416962, 447805, 418284, 0)
