(46049, 64293, 46443, 0)
(46107, 57996, 46394, 0)
(46827, 63113, 47254, 0)
(42924, 53817, 43186, 0)
(46774, 55118, 47071, 0)
(43323, 53648, 43892, 0)
(45913, 54909, 46186, 0)
(45559, 57103, 45868, 0)
(47795, 69125, 48416, 0)
(44944, 58119, 45316, 0)
(45835, 56022, 46078, 0)
(44487, 56985, 44804, 0)
(44629, 52893, 44882, 0)
(44114, 57324, 44529, 0)
(47458, 54498, 47777, 0)
(42633, 56616, 42887, 0)
(46599, 66711, 47324, 0)
(42550, 58193, 42906, 0)
(45230, 55997, 45479, 0)
(46466, 56471, 46725, 0)
(46006, 56950, 46263, 0)
(44683, 56723, 44922, 0)
(44861, 60470, 45134, 0)
(45032, 104438, 45961, 0)
(42301, 52196, 42581, 0)
(41652, 139899, 42196, 0)
(42730, 70610, 42991, 0)
(44198, 61599, 44475, 0)
(44339, 52071, 44589, 0)
(42225, 61367, 42575, 0)
(46903, 63956, 47563, 0)
(43944, 63610, 44199, 0)
(49822, 68783, 50564, 0)
(42441, 84513, 42945, 0)
(43450, 102570, 43760, 0)
(46415, 62670, 46674, 0)
(42679, 54805, 42985, 0)
(44154, 51137, 44433, 0)
(48282, 66770, 48599, 0)
(43917, 55734, 44483, 0)
(44992, 71130, 46162, 0)
(43675, 58730, 44274, 0)
(45136, 168630, 45432, 0)
(47498, 61220, 47817, 0)
(46382, 52972, 46636, 0)
(43191, 52728, 43490, 0)
(48182, 54926, 48557, 0)
(45329, 55328, 45598, 0)
(45434, 89292, 45778, 0)
(44454, 57023, 45056, 0)
(46863, 64195, 47180, 0)
(47719, 75195, 48089, 0)
(44666, 61670, 44943, 0)
(48619, 65349, 48983, 0)
(42553, 84728, 42832, 0)
(44900, 105257, 45240, 0)
(44699, 58986, 44979, 0)
(47364, 88204, 47802, 0)
(49940, 130927, 50494, 0)
(48966, 57581, 49276, 0)
(47844, 61171, 48126, 0)
(47475, 92230, 47801, 0)
(43448, 55249, 43726, 0)
(46220, 64579, 46618, 0)
(42407, 61904, 42733, 0)
(44279, 57740, 44785, 0)
(44029, 62369, 44593, 0)
(43541, 56229, 44030, 0)
(47349, 64547, 47625, 0)
(44723, 54150, 45020, 0)
(45531, 54676, 45834, 0)
(42760, 90849, 43042, 0)
(42582, 59223, 42955, 0)
(43514, 73112, 44340, 0)
(47440, 59028, 47864, 0)
(43786, 58760, 44058, 0)
(46548, 56551, 47769, 0)
(43812, 54295, 44045, 0)
(44192, 54354, 44438, 0)
(47176, 66800, 47564, 0)
(43847, 56091, 44109, 0)
(43901, 64679, 44632, 0)
(42375, 48371, 42623, 0)
