(8807, 10365, 8894, 0)
(8797, 10376, 8887, 0)
(8806, 11407, 8904, 0)
(8784, 10862, 8879, 0)
(8795, 13854, 8944, 0)
(8775, 10538, 8884, 0)
(9651, 11677, 9763, 0)
(8867, 10250, 8954, 0)
(8807, 10430, 8895, 0)
(8789, 19532, 8892, 0)
(8821, 10802, 8928, 0)
(8816, 10562, 8903, 0)
(8762, 10445, 8872, 0)
(8799, 10266, 8889, 0)
(8787, 10464, 8880, 0)
(9070, 10864, 9207, 0)
(8821, 10448, 8908, 0)
(8821, 11089, 8920, 0)
(8807, 12719, 8900, 0)
(8817, 12121, 8918, 0)
(8831, 10372, 8917, 0)
(8814, 10636, 8906, 0)
(8776, 10405, 8888, 0)
(8813, 10403, 8917, 0)
(8840, 11031, 8924, 0)
(8833, 10430, 8918, 0)
(8851, 10446, 8954, 0)
(8840, 13282, 8926, 0)
(9714, 14515, 9800, 0)
(8770, 10531, 8862, 0)
(8791, 10770, 8910, 0)
(8735, 10884, 8847, 0)
(8843, 14467, 8933, 0)
(8793, 10576, 8912, 0)
(8843, 10489, 8947, 0)
(8753, 10468, 8873, 0)
(8819, 12071, 8924, 0)
(8850, 10401, 8935, 0)
(8810, 10337, 8899, 0)
(8818, 10330, 8903, 0)
(8786, 10360, 8889, 0)
(8827, 10634, 8914, 0)
(8807, 13051, 8917, 0)
(8899, 11749, 9020, 0)
(8830, 10897, 8939, 0)
(8765, 10362, 8855, 0)
(8857, 10501, 8945, 0)
(8808, 10524, 8925, 0)
(8811, 13265, 8914, 0)
(8765, 10199, 8856, 0)
(8782, 10383, 8873, 0)
(8786, 15114, 8912, 0)
(8805, 11768, 8897, 0)
(8828, 10612, 8914, 0)
(8824, 10285, 8910, 0)
(8791, 10380, 8884, 0)
(8806, 10357, 8895, 0)
(8786, 10550, 8905, 0)
(8830, 10298, 8915, 0)
(9629, 11338, 9763, 0)
(8765, 10607, 8878, 0)
(8772, 10693, 8887, 0)
(8815, 10941, 8906, 0)
(8817, 10976, 8905, 0)
(8861, 11299, 8979, 0)
(8769, 11210, 8864, 0)
(8809, 12256, 8914, 0)
(8807, 10475, 8896, 0)
(8806, 10551, 8894, 0)
(10540, 12578, 10662, 0)
(8851, 10550, 8947, 0)
(8800, 10413, 8887, 0)
(8777, 10258, 8869, 0)
(8810, 10369, 8900, 0)
(8897, 10538, 8975, 0)
(8758, 10228, 8851, 0)
(8733, 10494, 8849, 0)
(8772, 11072, 8887, 0)
(8829, 13446, 8917, 0)
(8782, 13260, 8874, 0)
(8941, 10615, 9018, 0)
(8868, 10354, 8986, 0)
(8784, 10302, 8874, 0)
(8818, 10388, 8916, 0)
(8840, 13017, 8925, 0)
(8820, 10464, 8911, 0)
(8825, 10419, 8916, 0)
(8817, 10507, 8905, 0)
(8787, 11824, 8912, 0)
(8871, 13466, 8954, 0)
(8806, 10348, 8895, 0)
(8782, 10234, 8873, 0)
(8833, 10429, 8918, 0)
(8768, 10409, 8872, 0)
(8744, 10548, 8854, 0)
(8797, 10331, 8886, 0)
(8832, 10206, 8919, 0)
(8836, 10316, 8922, 0)
(8796, 10332, 8887, 0)
(8729, 10220, 8821, 0)
(8787, 10256, 8892, 0)
(8846, 10576, 8954, 0)
(8781, 10816, 8872, 0)
(8821, 10638, 8915, 0)
(8777, 10856, 8871, 0)
(8754, 10501, 8853, 0)
(8815, 11250, 8905, 0)
(8747, 10482, 8842, 0)
(8794, 10163, 8885, 0)
(8778, 10566, 8868, 0)
(8923, 10677, 9032, 0)
(8874, 10952, 8959, 0)
(8826, 10683, 8935, 0)
(8822, 10601, 8909, 0)
(9760, 11594, 9842, 0)
(8809, 10376, 8897, 0)
(8819, 10319, 8906, 0)
(8864, 10490, 8947, 0)
(8917, 11066, 9036, 0)
(8842, 10433, 8927, 0)
(8814, 10263, 8903, 0)
(8816, 10787, 8904, 0)
(8830, 13185, 8917, 0)
(8783, 11380, 8896, 0)
(10579, 15095, 10721, 0)
(8817, 10502, 8924, 0)
(8837, 10660, 8943, 0)
(8774, 10415, 8864, 0)
(8758, 14717, 8871, 0)
(8830, 10392, 8915, 0)
(8872, 14715, 8962, 0)
(8846, 10325, 8931, 0)
(8764, 13144, 8853, 0)
(8825, 10659, 8913, 0)
(8768, 14687, 8879, 0)
(8790, 10338, 8901, 0)
(8776, 11232, 8869, 0)
(8774, 10517, 8866, 0)
(8852, 11217, 8935, 0)
(8794, 11275, 8903, 0)
(8755, 11350, 8878, 0)
(8828, 10319, 8932, 0)
(8798, 10355, 8890, 0)
(8838, 10881, 8922, 0)
(8779, 10199, 8870, 0)
(8813, 10510, 8901, 0)
(8806, 11046, 8894, 0)
(8764, 10255, 8871, 0)
(8823, 11198, 8943, 0)
(8765, 11073, 8857, 0)
(8781, 11169, 8881, 0)
(8866, 11635, 8962, 0)
(8722, 10975, 8840, 0)
(8842, 10643, 8930, 0)
(8846, 14704, 8930, 0)
(8816, 11314, 8906, 0)
(8895, 10326, 8975, 0)
(8773, 10259, 8863, 0)
(8831, 10689, 8920, 0)
(8793, 10256, 8882, 0)
(8790, 10527, 8889, 0)
(8768, 10238, 8863, 0)
(8782, 10415, 8886, 0)
(8913, 11488, 9046, 0)
(8781, 10184, 8895, 0)
(8852, 12051, 8948, 0)
(8806, 10448, 8894, 0)
(8810, 10362, 8918, 0)
(8785, 10513, 8877, 0)
(8805, 10654, 8896, 0)
(8767, 10478, 8859, 0)
(8779, 10343, 8887, 0)
(8798, 10304, 8888, 0)
(8820, 10539, 8908, 0)
(8814, 11281, 8902, 0)
(8818, 11033, 8907, 0)
(8792, 10444, 8882, 0)
(8827, 10398, 8926, 0)
(8850, 12146, 8945, 0)
(8759, 12211, 8895, 0)
(8765, 11521, 8864, 0)
(8782, 11272, 8875, 0)
(8767, 10805, 8882, 0)
(8800, 10381, 8887, 0)
(8826, 10517, 8915, 0)
(8841, 10246, 8927, 0)
(8792, 14473, 8964, 0)
(8834, 10924, 8921, 0)
(8769, 10521, 8875, 0)
(8848, 10256, 8957, 0)
(8811, 10409, 8898, 0)
(8833, 12494, 8949, 0)
(8811, 14171, 8899, 0)
(8841, 11298, 8930, 0)
(8850, 12522, 8940, 0)
(8794, 11596, 8914, 0)
(8838, 13726, 8929, 0)
(8774, 10215, 8883, 0)
(8767, 14361, 8888, 0)
(8765, 10429, 8878, 0)
(8783, 10351, 8874, 0)
(8823, 10817, 8925, 0)
(8869, 10421, 8950, 0)
(8766, 13101, 8858, 0)
(8816, 10695, 8905, 0)
(8854, 20219, 8938, 0)
(8798, 11511, 8917, 0)
(8887, 15716, 9225, 0)
(8814, 14203, 8961, 0)
(8830, 11053, 9008, 0)
(8732, 12599, 8893, 0)
(8907, 12152, 9039, 0)
(8806, 11634, 8924, 0)
(8829, 27307, 8970, 0)
(8773, 11134, 8892, 0)
(8778, 11967, 8880, 0)
(8780, 13926, 8929, 0)
(8735, 12094, 8860, 0)
(9024, 12447, 9150, 0)
(8786, 13409, 8950, 0)
(8836, 10339, 8921, 0)
(8781, 10820, 8884, 0)
(8749, 10657, 8853, 0)
(8784, 12808, 8888, 0)
(8804, 11964, 8908, 0)
(8828, 10605, 8928, 0)
(8760, 10448, 8852, 0)
(8875, 10964, 8959, 0)
(8848, 10425, 8933, 0)
(8854, 10853, 8942, 0)
(8753, 11008, 8864, 0)
(8739, 10668, 8880, 0)
(8838, 10487, 8936, 0)
(8771, 10420, 8861, 0)
(8816, 10417, 8919, 0)
(8794, 10482, 8894, 0)
(8788, 10459, 8907, 0)
(8781, 10390, 8893, 0)
(8844, 11868, 8951, 0)
(8805, 11161, 8896, 0)
(8789, 10256, 8890, 0)
(8838, 11008, 8935, 0)
(8818, 11854, 8927, 0)
(8836, 16546, 8925, 0)
(8807, 10288, 8896, 0)
(8802, 10658, 8906, 0)
(8739, 11024, 8856, 0)
(8715, 13256, 8837, 0)
(8833, 10628, 8926, 0)
(8831, 10825, 8934, 0)
(8821, 10433, 8940, 0)
(8859, 11782, 8964, 0)
(8826, 10624, 8918, 0)
(8760, 10533, 8882, 0)
(8813, 10599, 8905, 0)
(8804, 10795, 8922, 0)
(8816, 10506, 8902, 0)
(8756, 10757, 8877, 0)
(8794, 12060, 8911, 0)
(8822, 11823, 8944, 0)
(8738, 10944, 8846, 0)
(8799, 12481, 8929, 0)
(8740, 11849, 8867, 0)
(8807, 12208, 8940, 0)
(8837, 11953, 8934, 0)
(8805, 10658, 8899, 0)
(8831, 10353, 8915, 0)
(8789, 10511, 8889, 0)
(8810, 10266, 8902, 0)
(8817, 10489, 8921, 0)
(8805, 10446, 8896, 0)
(8795, 10525, 8887, 0)
(8798, 10531, 8902, 0)
(8887, 10440, 8974, 0)
(8794, 10424, 8886, 0)
(8849, 10296, 8935, 0)
(8795, 10535, 8885, 0)
(8752, 10550, 8860, 0)
(8821, 11851, 8942, 0)
(8805, 10510, 8894, 0)
(8841, 11793, 8955, 0)
(8804, 11688, 8918, 0)
(8804, 10330, 8906, 0)
(8845, 10659, 8934, 0)
(8772, 10506, 8865, 0)
(8767, 10694, 8878, 0)
(8775, 10299, 8867, 0)
(8750, 10226, 8863, 0)
(8842, 10454, 8929, 0)
(9071, 11723, 9205, 0)
(8791, 10871, 8883, 0)
(8773, 10235, 8877, 0)
(8771, 11439, 8895, 0)
(8855, 11369, 8944, 0)
(8780, 10494, 8882, 0)
(8777, 10345, 8883, 0)
(8813, 10345, 8905, 0)
(8723, 10185, 8834, 0)
(8832, 10423, 8918, 0)
(8962, 10768, 9037, 0)
(8801, 10345, 8892, 0)
(8848, 10416, 8937, 0)
(8824, 10767, 8915, 0)
(8819, 10418, 8907, 0)
(8807, 10735, 8896, 0)
(10558, 12327, 10653, 0)
(8782, 10255, 8881, 0)
(8759, 10473, 8883, 0)
(8791, 10546, 8891, 0)
(8816, 10642, 8929, 0)
(8819, 11286, 8912, 0)
(8769, 10992, 8887, 0)
(8842, 10411, 8927, 0)
(8809, 10472, 8898, 0)
(8768, 10419, 8859, 0)
(8840, 10645, 8924, 0)
(8745, 10887, 8867, 0)
(8764, 10310, 8867, 0)
(8803, 10584, 8892, 0)
(10563, 13616, 10664, 0)
(8732, 10235, 8855, 0)
(8785, 11464, 8879, 0)
(8819, 11026, 8915, 0)
(8809, 10366, 8899, 0)
(8821, 10326, 8911, 0)
(8795, 10345, 8901, 0)
(8816, 10381, 8902, 0)
(8777, 10632, 8874, 0)
(8794, 10236, 8882, 0)
(8830, 10481, 8956, 0)
(8717, 10364, 8836, 0)
(8925, 10402, 9002, 0)
(8802, 10329, 8892, 0)
(8853, 10537, 8938, 0)
(8800, 12116, 8922, 0)
(8944, 10602, 9023, 0)
(8782, 10211, 8872, 0)
(8843, 10895, 8930, 0)
(8836, 10251, 8922, 0)
(8799, 10385, 8901, 0)
(8796, 11220, 8914, 0)
(8830, 10420, 8917, 0)
(8779, 14630, 8899, 0)
(8753, 12045, 8883, 0)
(8780, 10375, 8887, 0)
(8873, 13164, 8955, 0)
(8750, 10277, 8850, 0)
(8821, 10323, 8909, 0)
(8851, 10423, 8947, 0)
(8771, 10470, 8863, 0)
(8812, 10549, 8925, 0)
(8796, 10738, 8903, 0)
(8818, 10333, 8908, 0)
(8823, 11529, 8954, 0)
(8790, 11630, 8901, 0)
(8788, 11068, 8913, 0)
(8801, 11384, 8900, 0)
(8842, 12645, 8950, 0)
(8837, 10290, 8925, 0)
(8808, 10931, 8897, 0)
(8786, 10269, 8878, 0)
(8802, 10456, 8923, 0)
(8816, 10518, 8929, 0)
(8846, 10218, 8933, 0)
(8757, 10362, 8860, 0)
(8778, 10460, 8896, 0)
(8778, 10419, 8891, 0)
(8773, 10562, 8896, 0)
(8822, 10568, 8921, 0)
(8846, 10758, 8934, 0)
(8776, 10715, 8879, 0)
(8776, 11464, 8891, 0)
(8800, 10636, 8908, 0)
(8780, 10667, 8896, 0)
(8904, 11317, 8996, 0)
(8780, 11682, 8897, 0)
(8785, 11879, 8889, 0)
(8784, 10696, 8888, 0)
(8805, 11470, 8922, 0)
(8811, 11735, 8929, 0)
(8816, 10664, 8911, 0)
(10517, 12453, 10615, 0)
(8804, 10198, 8909, 0)
(8809, 10307, 8896, 0)
(8808, 10636, 8898, 0)
(8757, 10437, 8874, 0)
(8793, 10400, 8908, 0)
(8808, 10663, 8896, 0)
(8745, 10635, 8855, 0)
(8875, 10575, 8958, 0)
(8804, 11125, 8924, 0)
(8770, 10568, 8860, 0)
(8841, 10604, 8930, 0)
(8812, 11360, 8916, 0)
(8769, 12666, 8902, 0)
(8820, 10970, 8909, 0)
(8826, 10737, 8915, 0)
(8796, 10418, 8887, 0)
(8905, 10564, 9018, 0)
(8765, 10360, 8862, 0)
(8810, 10363, 8915, 0)
(8781, 10400, 8877, 0)
(8740, 10310, 8851, 0)
(8765, 10302, 8856, 0)
(8792, 10577, 8886, 0)
(8812, 10845, 8918, 0)
(8768, 10448, 8880, 0)
(8748, 10414, 8859, 0)
(8772, 10537, 8881, 0)
(8897, 12358, 8996, 0)
(8822, 10434, 8910, 0)
(8831, 10326, 8922, 0)
(8796, 15036, 8896, 0)
(8845, 10473, 8932, 0)
(8890, 10403, 8993, 0)
(8902, 10319, 8980, 0)
(8778, 10644, 8885, 0)
(8804, 10229, 8892, 0)
(8792, 10312, 8882, 0)
(8791, 10567, 8880, 0)
(8918, 10907, 8998, 0)
(8785, 11299, 8904, 0)
(8803, 10621, 8915, 0)
(9653, 11519, 9751, 0)
(8770, 10427, 8875, 0)
(8786, 10308, 8900, 0)
(8877, 11075, 8973, 0)
(8744, 10716, 8855, 0)
(8813, 10681, 8934, 0)
(8787, 10424, 8885, 0)
(8763, 10303, 8857, 0)
(8811, 10776, 8913, 0)
(8828, 11322, 8917, 0)
(8740, 10466, 8857, 0)
(8825, 10276, 8911, 0)
(8856, 11631, 8940, 0)
(8756, 11465, 8864, 0)
(8769, 10352, 8859, 0)
(8759, 10176, 8873, 0)
(8794, 10561, 8884, 0)
(8785, 10927, 8890, 0)
(8757, 10785, 8882, 0)
(8841, 10511, 8926, 0)
(8786, 10468, 8892, 0)
(8803, 10357, 8890, 0)
(8782, 12014, 8898, 0)
(8792, 10282, 8887, 0)
(8792, 10336, 8881, 0)
(8762, 10398, 8880, 0)
(9642, 11377, 9736, 0)
(8869, 10647, 8954, 0)
(8848, 10651, 8933, 0)
(8849, 10897, 8936, 0)
(8790, 10360, 8882, 0)
(8834, 10819, 8922, 0)
(8780, 10247, 8871, 0)
(8824, 10900, 8912, 0)
(8789, 10614, 8903, 0)
(8804, 10454, 8895, 0)
(8827, 10319, 8913, 0)
(8738, 10838, 8852, 0)
(8838, 13164, 8936, 0)
(8778, 12350, 8910, 0)
(8769, 12124, 8864, 0)
(8775, 11605, 8898, 0)
(8786, 11468, 8886, 0)
(8818, 11345, 8925, 0)
(8826, 10426, 8915, 0)
(8752, 12203, 8858, 0)
(8789, 12208, 8912, 0)
(8798, 12251, 8903, 0)
(8850, 10370, 8940, 0)
(9638, 11254, 9731, 0)
(8798, 10284, 8887, 0)
(8814, 10378, 8901, 0)
(8788, 10373, 8879, 0)
(8833, 10541, 8921, 0)
(8813, 10262, 8903, 0)
(8771, 10467, 8886, 0)
(8802, 10424, 8907, 0)
(8763, 10391, 8855, 0)
(8825, 11098, 8937, 0)
(8840, 11192, 8933, 0)
(8851, 10706, 8938, 0)
(8785, 10406, 8899, 0)
(8766, 10280, 8874, 0)
(8779, 10401, 8876, 0)
(8768, 10258, 8858, 0)
(8829, 12042, 8914, 0)
(8819, 10268, 8932, 0)
(8788, 10526, 8878, 0)
(8761, 10242, 8871, 0)
(8825, 10471, 8913, 0)
(8755, 10217, 8871, 0)
(8785, 10333, 8875, 0)
(8763, 10180, 8866, 0)
(8786, 10360, 8876, 0)
(8835, 10299, 8922, 0)
(8885, 11133, 8964, 0)
(8805, 10539, 8902, 0)
(8850, 10271, 8934, 0)
(8827, 11262, 8925, 0)
(10541, 12356, 10639, 0)
(8820, 10753, 8909, 0)
(8804, 10482, 8906, 0)
(8816, 10587, 8926, 0)
(8809, 10530, 8902, 0)
(8796, 10394, 8891, 0)
(8869, 10710, 9016, 0)
(8790, 10544, 8880, 0)
(8816, 10417, 8920, 0)
(8759, 10514, 8850, 0)
(8794, 12081, 8930, 0)
(8823, 10848, 8931, 0)
(8742, 10615, 8855, 0)
(8870, 10495, 8952, 0)
(8796, 10577, 8910, 0)
(8780, 10252, 8878, 0)
(8788, 10608, 8906, 0)
(8742, 10311, 8858, 0)
(8817, 10391, 8904, 0)
(8785, 10318, 8878, 0)
(8775, 10381, 8866, 0)
(8895, 10710, 8976, 0)
(8860, 10514, 8946, 0)
(8826, 11617, 8925, 0)
(8823, 12447, 8929, 0)
(8856, 10763, 8939, 0)
(8828, 10724, 8944, 0)
(8745, 10535, 8860, 0)
(8765, 10513, 8881, 0)
(8779, 10341, 8870, 0)
(8783, 10355, 8889, 0)
(8782, 10366, 8875, 0)
(8811, 10376, 8901, 0)
(8761, 11377, 8864, 0)
(8962, 11114, 9110, 0)
(8828, 10954, 8920, 0)
(8861, 10461, 8946, 0)
(8810, 10368, 8899, 0)
(8797, 10363, 8888, 0)
(8850, 12332, 8948, 0)
(8771, 11249, 8866, 0)
(8813, 10502, 8901, 0)
(8768, 10777, 8891, 0)
(8909, 10542, 8989, 0)
(8820, 10260, 8907, 0)
(8730, 10337, 8842, 0)
(8749, 10285, 8869, 0)
(8829, 10398, 8917, 0)
(8763, 10825, 8854, 0)
(8768, 10338, 8883, 0)
(8782, 14709, 8876, 0)
(8749, 10487, 8863, 0)
(8842, 10542, 8927, 0)
(8843, 10501, 8926, 0)
(8804, 10387, 8891, 0)
(8742, 11704, 8866, 0)
(8803, 10618, 8894, 0)
(8833, 10378, 8919, 0)
(8811, 10561, 8902, 0)
(8806, 10324, 8920, 0)
(8827, 11337, 8913, 0)
(8804, 10451, 8912, 0)
(8871, 10630, 8960, 0)
(8767, 11009, 8859, 0)
(8803, 10959, 8914, 0)
(8827, 10909, 8954, 0)
(8755, 10652, 8861, 0)
(8776, 10427, 8891, 0)
(8792, 10414, 8882, 0)
(8851, 11635, 8945, 0)
(8765, 12066, 8902, 0)
(8820, 12528, 8932, 0)
(8715, 10483, 8833, 0)
(9683, 11799, 9779, 0)
(8849, 12325, 8951, 0)
(8790, 11820, 8955, 0)
(8862, 10762, 8966, 0)
(8858, 10651, 8957, 0)
(8798, 11598, 8890, 0)
(8800, 10709, 8916, 0)
(8828, 10647, 8938, 0)
(8827, 10547, 8929, 0)
(8770, 10695, 8876, 0)
(8783, 11374, 8911, 0)
(8867, 12365, 8965, 0)
(8842, 10489, 8929, 0)
(8831, 10363, 8918, 0)
(8809, 10297, 8897, 0)
(8828, 10297, 8918, 0)
(8841, 11100, 8926, 0)
(9026, 11744, 9108, 0)
(8807, 11853, 8925, 0)
(8756, 11377, 8858, 0)
(8718, 11825, 8838, 0)
(8774, 11301, 8891, 0)
(8807, 12116, 8911, 0)
(8811, 11042, 8902, 0)
(8726, 12174, 8857, 0)
(8839, 10488, 8924, 0)
(8828, 10248, 8918, 0)
(8826, 10289, 8936, 0)
(8815, 10239, 8905, 0)
(8813, 10455, 8901, 0)
(8815, 10470, 8905, 0)
(8796, 14759, 8885, 0)
(8802, 10289, 8891, 0)
(8781, 11142, 8898, 0)
(8931, 10400, 9009, 0)
(8734, 10745, 8853, 0)
(8766, 12053, 8874, 0)
(8994, 10619, 9070, 0)
(8773, 10302, 8881, 0)
(8795, 10354, 8887, 0)
(8813, 10307, 8923, 0)
(8789, 10672, 8887, 0)
(8798, 10734, 8889, 0)
(8842, 10641, 8927, 0)
(8798, 10788, 8887, 0)
(8844, 12023, 8938, 0)
(8841, 10457, 8927, 0)
(8834, 10189, 8920, 0)
(8755, 10328, 8847, 0)
(8783, 10367, 8892, 0)
(8767, 10476, 8876, 0)
(8790, 10618, 8889, 0)
(8818, 10196, 8905, 0)
(8837, 10587, 8920, 0)
(8781, 10202, 8873, 0)
(8780, 10223, 8880, 0)
(8865, 11695, 8984, 0)
(8810, 11980, 8922, 0)
(8846, 11471, 8941, 0)
(9679, 11991, 9777, 0)
(8836, 10367, 8922, 0)
(8849, 10417, 8938, 0)
(8803, 10294, 8893, 0)
(8839, 10332, 8942, 0)
(8835, 10342, 8922, 0)
(8798, 10623, 8896, 0)
(8783, 10333, 8874, 0)
(8806, 10361, 8895, 0)
(8879, 11124, 8958, 0)
(8845, 10362, 8930, 0)
(8808, 12219, 8906, 0)
(8770, 11807, 8872, 0)
(8732, 11848, 8856, 0)
(8791, 11939, 8895, 0)
(8877, 10660, 8960, 0)
(8821, 10665, 8911, 0)
(8774, 10469, 8883, 0)
(8915, 10431, 8994, 0)
(8788, 10585, 8878, 0)
(8771, 10377, 8862, 0)
(8794, 10832, 8887, 0)
(8842, 10325, 8932, 0)
(9040, 11364, 9165, 0)
(8763, 10495, 8875, 0)
(8773, 10358, 8865, 0)
(8773, 10516, 8864, 0)
(8815, 10398, 8918, 0)
(9643, 11666, 9738, 0)
(10617, 16013, 10729, 0)
(8764, 11365, 8859, 0)
(8934, 11996, 9053, 0)
(8802, 10380, 8916, 0)
(8800, 10670, 8889, 0)
(8810, 10398, 8901, 0)
(8837, 10608, 8925, 0)
(8776, 10281, 8890, 0)
(8790, 10402, 8903, 0)
(8780, 10229, 8890, 0)
(8757, 10611, 8847, 0)
(8834, 10788, 8919, 0)
(8805, 10280, 8895, 0)
(8818, 10583, 8906, 0)
(8770, 10182, 8867, 0)
(9653, 11897, 9745, 0)
(8816, 10414, 8903, 0)
(8830, 10496, 8944, 0)
(8757, 10366, 8847, 0)
(8710, 10471, 8826, 0)
(8793, 10177, 8885, 0)
(8833, 10644, 8922, 0)
(8789, 10534, 8915, 0)
(8777, 10341, 8885, 0)
(8798, 10373, 8888, 0)
(8832, 11019, 8917, 0)
(8798, 10672, 8888, 0)
(8803, 11959, 8925, 0)
(8812, 11493, 8910, 0)
(8751, 10571, 8881, 0)
(8838, 10454, 8923, 0)
(8819, 10579, 8921, 0)
(8768, 10710, 8877, 0)
(8835, 10276, 8924, 0)
(8770, 10243, 8863, 0)
(8824, 11246, 8915, 0)
(8769, 10640, 8859, 0)
(9009, 10673, 9093, 0)
(8757, 10203, 8849, 0)
(8757, 10345, 8862, 0)
(8815, 11447, 8923, 0)
(8780, 10395, 8869, 0)
(8842, 10314, 8928, 0)
(8772, 12014, 8908, 0)
(8778, 10802, 8869, 0)
(8896, 11185, 8977, 0)
(8810, 11035, 8900, 0)
(8821, 10666, 8935, 0)
(8816, 10896, 8907, 0)
(8928, 10440, 9004, 0)
(8789, 10590, 8901, 0)
(8939, 10760, 9016, 0)
(8817, 10261, 8906, 0)
(8774, 10722, 8892, 0)
(8916, 11593, 9002, 0)
(8769, 11991, 8873, 0)
(8832, 12753, 8959, 0)
(8893, 10435, 8970, 0)
(8773, 10266, 8864, 0)
(8811, 10302, 8920, 0)
(8809, 10390, 8896, 0)
(8811, 10485, 8902, 0)
(8869, 10518, 8951, 0)
(8776, 10611, 8906, 0)
(8846, 10507, 8932, 0)
(8825, 10315, 8915, 0)
(8738, 10171, 8829, 0)
(8846, 10450, 8942, 0)
(8804, 11684, 8902, 0)
(8814, 12249, 8918, 0)
(8768, 11022, 8888, 0)
(8809, 10607, 8898, 0)
(8820, 10516, 8907, 0)
(8713, 11751, 8850, 0)
(8753, 10347, 8861, 0)
(8791, 10423, 8882, 0)
(8810, 10507, 8902, 0)
(8885, 10996, 9002, 0)
(8842, 10561, 8927, 0)
(8810, 11968, 8903, 0)
(8794, 10236, 8885, 0)
(8784, 10291, 8873, 0)
(8800, 10748, 8890, 0)
(8786, 10307, 8876, 0)
(8735, 10359, 8848, 0)
(8844, 10364, 8930, 0)
(8778, 10351, 8870, 0)
(8810, 10780, 8899, 0)
(8871, 10596, 8974, 0)
(8757, 10490, 8868, 0)
(8737, 10400, 8852, 0)
(8847, 10565, 8959, 0)
(8852, 10360, 8938, 0)
(8793, 10638, 8901, 0)
(8754, 10306, 8877, 0)
(8854, 11987, 8952, 0)
(8773, 10395, 8884, 0)
(8814, 10363, 8922, 0)
(8815, 10435, 8906, 0)
(8839, 10799, 8944, 0)
(8785, 10792, 8893, 0)
(8773, 10380, 8874, 0)
(8852, 10482, 8940, 0)
(8773, 10359, 8865, 0)
(8808, 11029, 8896, 0)
(8841, 11635, 8931, 0)
(8805, 10562, 8917, 0)
(8784, 10557, 8885, 0)
(8803, 10409, 8898, 0)
(8824, 10263, 8913, 0)
(8830, 10916, 8941, 0)
(8784, 10431, 8884, 0)
(8931, 10551, 9008, 0)
(8779, 10403, 8869, 0)
(8767, 10731, 8859, 0)
(8810, 11531, 8907, 0)
(8766, 11680, 8885, 0)
(8838, 10333, 8924, 0)
(8820, 10585, 8919, 0)
(8772, 10403, 8888, 0)
(8797, 11966, 8889, 0)
(8785, 10738, 8896, 0)
(8793, 10303, 8882, 0)
(8794, 10704, 8903, 0)
(8773, 10463, 8881, 0)
(8864, 10907, 8947, 0)
(8801, 11765, 8901, 0)
(8783, 10459, 8876, 0)
(8744, 10421, 8841, 0)
(8795, 10551, 8900, 0)
(8850, 10530, 8933, 0)
(8791, 10191, 8882, 0)
(9636, 12018, 9742, 0)
(8789, 11084, 8902, 0)
(8887, 10356, 8969, 0)
(8751, 10347, 8867, 0)
(8769, 10589, 8883, 0)
(8792, 10714, 8887, 0)
(8777, 10273, 8886, 0)
(8800, 10418, 8897, 0)
(8776, 10278, 8880, 0)
(8832, 10250, 8917, 0)
(8767, 10217, 8863, 0)
(8783, 10402, 8873, 0)
(8796, 10978, 8900, 0)
(8783, 10333, 8897, 0)
(8852, 10799, 8939, 0)
(8794, 10230, 8886, 0)
(8832, 10462, 8924, 0)
(8794, 10282, 8890, 0)
(8771, 10796, 8891, 0)
(8849, 10313, 8932, 0)
(8868, 10766, 8984, 0)
(8787, 11320, 8905, 0)
(8770, 11817, 8895, 0)
(8802, 11768, 8901, 0)
(10503, 13674, 10634, 0)
(8836, 10262, 8926, 0)
(8802, 10766, 8893, 0)
(8853, 11959, 8978, 0)
(8818, 10393, 8908, 0)
(8748, 12220, 8874, 0)
(8839, 10337, 8924, 0)
(8772, 10918, 8869, 0)
(8781, 10360, 8887, 0)
(8833, 10313, 8937, 0)
(8812, 10240, 8901, 0)
(8845, 10300, 8931, 0)
(8826, 10353, 8915, 0)
(8783, 10379, 8874, 0)
(8731, 10623, 8867, 0)
(8793, 10343, 8888, 0)
(8807, 10407, 8919, 0)
(8862, 10580, 8950, 0)
(8750, 10292, 8841, 0)
(8812, 11148, 8900, 0)
(8760, 10938, 8863, 0)
(8868, 11745, 8962, 0)
(8823, 10502, 8925, 0)
(8745, 10281, 8855, 0)
(9784, 11748, 9877, 0)
(8845, 10653, 8957, 0)
(8807, 10350, 8896, 0)
(8835, 10402, 8933, 0)
(8823, 11636, 8921, 0)
(8888, 10531, 8968, 0)
(8835, 10847, 8940, 0)
(8839, 10555, 8945, 0)
(8786, 11258, 8906, 0)
(8764, 10269, 8854, 0)
(10551, 12415, 10646, 0)
(8911, 10488, 8989, 0)
(8759, 10206, 8851, 0)
(8798, 10587, 8899, 0)
(8814, 10462, 8925, 0)
(8794, 10798, 8908, 0)
(8818, 10540, 8905, 0)
(8823, 10574, 8912, 0)
(8809, 12272, 8907, 0)
(8895, 10989, 9014, 0)
(9681, 11572, 9777, 0)
(8844, 10394, 8931, 0)
(8786, 10251, 8877, 0)
(8826, 10450, 8922, 0)
(8761, 10431, 8874, 0)
(8788, 10664, 8894, 0)
(8823, 10287, 8910, 0)
(8800, 10238, 8890, 0)
(8858, 10366, 8944, 0)
(8838, 10561, 8931, 0)
(8834, 10260, 8937, 0)
(8783, 10291, 8905, 0)
(8770, 10306, 8873, 0)
(8764, 10497, 8878, 0)
(8831, 11269, 8918, 0)
(8835, 11584, 8930, 0)
(8740, 11212, 8860, 0)
(8788, 11665, 8890, 0)
(8776, 10651, 8868, 0)
(8770, 11956, 8901, 0)
(8799, 11102, 8906, 0)
(8773, 11220, 8888, 0)
(8779, 11013, 8876, 0)
(8808, 11157, 8915, 0)
(8875, 10559, 8959, 0)
(8773, 11468, 8865, 0)
(8854, 10746, 8962, 0)
(10487, 12403, 10588, 0)
(9115, 10926, 9216, 0)
(8771, 10463, 8886, 0)
(8797, 10530, 8902, 0)
(8905, 12317, 9026, 0)
(8808, 12955, 8904, 0)
(8838, 11364, 8926, 0)
(8823, 11138, 8915, 0)
(8802, 11266, 8914, 0)
(8797, 11971, 8898, 0)
(8751, 10856, 8843, 0)
(8822, 10391, 8910, 0)
(8803, 10423, 8915, 0)
(8787, 10701, 8878, 0)
(8813, 10395, 8904, 0)
(8863, 10413, 8947, 0)
(8807, 10345, 8896, 0)
(8817, 10909, 8906, 0)
(8802, 11382, 8893, 0)
(8781, 10555, 8948, 0)
(8797, 12112, 8930, 0)
(8834, 11304, 8927, 0)
(8785, 11625, 8909, 0)
(8878, 10432, 8958, 0)
(8793, 10238, 8883, 0)
(8789, 10448, 8889, 0)
(8832, 10382, 8938, 0)
(8875, 10312, 8960, 0)
(8877, 10951, 8964, 0)
(8813, 10580, 8901, 0)
(8817, 10269, 8928, 0)
(8775, 10618, 8868, 0)
(8825, 10779, 8917, 0)
(8780, 11758, 8909, 0)
(8815, 11231, 8910, 0)
(8879, 10391, 8964, 0)
(8849, 10268, 8950, 0)
(8787, 10224, 8879, 0)
(8860, 10263, 8943, 0)
(8880, 10390, 8967, 0)
(8823, 10630, 8910, 0)
(8778, 10272, 8896, 0)
(8809, 10453, 8915, 0)
(8815, 12335, 8925, 0)
(8784, 10313, 8883, 0)
(8778, 10891, 8898, 0)
(8758, 10429, 8885, 0)
(8761, 10220, 8863, 0)
(8770, 10288, 8862, 0)
(8825, 10553, 8934, 0)
(8796, 10573, 8906, 0)
(8733, 10594, 8845, 0)
(8811, 10658, 8901, 0)
(8888, 10544, 8969, 0)
(8771, 10557, 8882, 0)
(8833, 10250, 8920, 0)
(8764, 10688, 8855, 0)
(8809, 10693, 8895, 0)
(8796, 10444, 8885, 0)
(8777, 10159, 8866, 0)
(8772, 10292, 8893, 0)
(10550, 12390, 10645, 0)
(8821, 10612, 8909, 0)
(8800, 10434, 8913, 0)
(8771, 10458, 8862, 0)
(8827, 10298, 8911, 0)
(8811, 10365, 8923, 0)
(8826, 10409, 8916, 0)
(8823, 10342, 8912, 0)
(8892, 10311, 8972, 0)
(8809, 10330, 8900, 0)
(8786, 10732, 8883, 0)
(8828, 10324, 8940, 0)
(8856, 10561, 8966, 0)
(8803, 10457, 8915, 0)
(8827, 10631, 8914, 0)
(8850, 10699, 8933, 0)
(8856, 10335, 8943, 0)
(8744, 10336, 8864, 0)
(8811, 10707, 8898, 0)
(8813, 10322, 8904, 0)
(8786, 10433, 8880, 0)
(8814, 10486, 8902, 0)
(8807, 10262, 8945, 0)
(8821, 10286, 8908, 0)
(8862, 10356, 8968, 0)
(8797, 10213, 8888, 0)
(8750, 10532, 8871, 0)
(8728, 10247, 8852, 0)
(8806, 10755, 8896, 0)
(8842, 10375, 8927, 0)
(9703, 11357, 9794, 0)
(8842, 10604, 8927, 0)
(8909, 10414, 8986, 0)
(8780, 10293, 8892, 0)
(8862, 10307, 8947, 0)
(8802, 10279, 8901, 0)
(8827, 10447, 8924, 0)
(8911, 10422, 8988, 0)
(8790, 10507, 8880, 0)
(8833, 10301, 8919, 0)
(8774, 10417, 8875, 0)
(8784, 10554, 8899, 0)
(8781, 10460, 8887, 0)
(8813, 10299, 8916, 0)
(8845, 10672, 8954, 0)
(8777, 10746, 8867, 0)
(8839, 10364, 8925, 0)
(8884, 10419, 8966, 0)
(8786, 10209, 8878, 0)
