(280148, 310418, 280988, 0)
(301490, 337498, 313039, 0)
(273037, 295309, 273793, 0)
(284909, 322686, 285724, 0)
(270902, 304074, 271913, 0)
(281478, 330062, 285719, 0)
(292907, 341343, 294907, 0)
(309181, 349634, 313200, 0)
(267506, 342541, 268304, 0)
(266263, 300624, 267295, 0)
(265865, 294573, 266831, 0)
(266047, 286811, 267526, 0)
(277785, 311041, 278519, 0)
(266032, 290512, 267061, 0)
(274841, 322865, 275720, 0)
(273113, 311013, 274134, 0)
(262840, 352565, 263679, 0)
(267053, 292835, 268106, 0)
(321871, 449851, 332718, 0)
(279763, 346768, 280554, 0)
(270615, 306284, 271621, 0)
(262260, 367731, 263003, 0)
(265091, 294569, 266081, 0)
(267163, 316704, 267907, 0)
(260207, 323104, 261185, 0)
(262332, 359010, 263074, 0)
(272492, 305112, 273826, 0)
