(165, 223, 169, 0)
(159, 189, 163, 0)
(157, 204, 164, 0)
(157, 234, 166, 0)
(161, 239, 165, 0)
(153, 215, 157, 0)
(164, 209, 167, 0)
(163, 252, 169, 0)
(160, 195, 164, 0)
(155, 207, 159, 0)
(160, 209, 164, 0)
(159, 204, 163, 0)
(163, 264, 168, 0)
(164, 246, 167, 0)
(249, 351, 263, 0)
(160, 194, 166, 0)
(159, 239, 165, 0)
(162, 235, 166, 0)
(161, 268, 165, 0)
(156, 216, 161, 0)
(160, 205, 167, 0)
(164, 208, 168, 0)
(159, 218, 163, 0)
(158, 202, 168, 0)
(157, 194, 161, 0)
(160, 182, 164, 0)
(162, 220, 167, 0)
(162, 227, 169, 0)
(158, 197, 161, 0)
(159, 200, 163, 0)
(159, 216, 165, 0)
(158, 186, 166, 0)
(159, 200, 162, 0)
(159, 199, 163, 0)
(159, 207, 166, 0)
(160, 214, 164, 0)
(163, 255, 168, 0)
(162, 215, 170, 0)
(155, 214, 159, 0)
(159, 209, 162, 0)
(161, 255, 168, 0)
(159, 208, 164, 0)
(155, 219, 160, 0)
(162, 199, 166, 0)
(161, 216, 165, 0)
(159, 199, 166, 0)
(162, 251, 166, 0)
(161, 233, 166, 0)
(159, 214, 164, 0)
(165, 213, 170, 0)
(161, 202, 165, 0)
(155, 237, 159, 0)
(161, 211, 167, 0)
(162, 218, 169, 0)
(160, 204, 166, 0)
(160, 198, 167, 0)
(161, 181, 165, 0)
(164, 200, 168, 0)
(160, 217, 163, 0)
(152, 253, 158, 0)
(164, 210, 167, 0)
(159, 202, 165, 0)
(156, 210, 166, 0)
(255, 315, 262, 0)
(163, 216, 168, 0)
(157, 227, 162, 0)
(159, 304, 164, 0)
(159, 210, 163, 0)
(151, 203, 154, 0)
(254, 477, 264, 0)
(158, 242, 162, 0)
(166, 235, 176, 0)
(160, 255, 166, 0)
(154, 232, 159, 0)
(163, 222, 167, 0)
(163, 211, 169, 0)
(159, 201, 162, 0)
(159, 200, 164, 0)
(162, 261, 167, 0)
(161, 196, 166, 0)
(161, 206, 164, 0)
(161, 326, 168, 0)
(158, 191, 163, 0)
(159, 217, 162, 0)
(157, 231, 165, 0)
(156, 208, 159, 0)
(158, 215, 162, 0)
(157, 220, 164, 0)
(158, 227, 163, 0)
(158, 237, 162, 0)
(161, 212, 165, 0)
(158, 237, 162, 0)
(167, 285, 176, 0)
(160, 249, 164, 0)
(158, 198, 162, 0)
(159, 229, 164, 0)
(247, 562, 257, 0)
(165, 194, 169, 0)
(159, 197, 168, 0)
(155, 203, 159, 0)
(156, 221, 162, 0)
(159, 188, 165, 0)
(161, 227, 165, 0)
(158, 198, 162, 0)
(157, 219, 161, 0)
(159, 199, 162, 0)
(160, 202, 166, 0)
(163, 271, 167, 0)
(161, 268, 165, 0)
(163, 192, 170, 0)
(163, 214, 167, 0)
(161, 227, 165, 0)
(162, 200, 167, 0)
(159, 201, 164, 0)
(161, 226, 164, 0)
(156, 196, 161, 0)
(162, 198, 166, 0)
(162, 231, 168, 0)
(249, 409, 260, 0)
(161, 196, 165, 0)
(159, 231, 166, 0)
(160, 222, 164, 0)
(259, 412, 270, 0)
(159, 222, 162, 0)
(163, 207, 168, 0)
(155, 225, 160, 0)
(161, 218, 166, 0)
(161, 228, 166, 0)
(155, 231, 159, 0)
(161, 207, 165, 0)
(154, 234, 159, 0)
(159, 217, 163, 0)
(158, 220, 163, 0)
(159, 216, 164, 0)
(156, 233, 160, 0)
(162, 229, 171, 0)
(161, 216, 165, 0)
(162, 226, 168, 0)
(161, 260, 166, 0)
(167, 256, 171, 0)
(163, 205, 168, 0)
(159, 231, 162, 0)
(158, 199, 164, 0)
(160, 203, 164, 0)
(159, 240, 163, 0)
(157, 258, 162, 0)
(250, 307, 262, 0)
(160, 192, 166, 0)
(157, 202, 163, 0)
(165, 200, 169, 0)
(159, 250, 163, 0)
(161, 215, 164, 0)
(162, 225, 167, 0)
(162, 217, 168, 0)
(159, 271, 163, 0)
(163, 215, 168, 0)
(247, 329, 258, 0)
(158, 196, 162, 0)
(160, 221, 164, 0)
(155, 205, 159, 0)
(158, 237, 162, 0)
(163, 193, 166, 0)
(159, 236, 166, 0)
(164, 226, 170, 0)
(157, 239, 163, 0)
(159, 200, 163, 0)
(163, 198, 167, 0)
(163, 219, 166, 0)
(155, 191, 158, 0)
(157, 231, 162, 0)
(157, 218, 162, 0)
(163, 199, 168, 0)
(164, 201, 169, 0)
(161, 196, 168, 0)
(160, 221, 168, 0)
(161, 194, 165, 0)
(161, 279, 165, 0)
(160, 224, 173, 0)
(160, 252, 168, 0)
(160, 223, 168, 0)
(162, 208, 168, 0)
(159, 204, 164, 0)
(161, 188, 166, 0)
(163, 206, 167, 0)
(162, 231, 167, 0)
(160, 193, 164, 0)
(163, 200, 168, 0)
(157, 259, 162, 0)
(158, 187, 162, 0)
(157, 241, 161, 0)
(158, 277, 162, 0)
(161, 210, 166, 0)
(162, 209, 169, 0)
(161, 212, 166, 0)
(159, 191, 163, 0)
(159, 218, 163, 0)
(163, 213, 168, 0)
(159, 207, 163, 0)
(159, 212, 163, 0)
(162, 196, 166, 0)
(159, 182, 162, 0)
(162, 298, 168, 0)
(159, 197, 164, 0)
(162, 206, 167, 0)
(160, 184, 165, 0)
(159, 217, 162, 0)
(161, 214, 169, 0)
(160, 206, 164, 0)
(160, 218, 164, 0)
(160, 215, 173, 0)
(161, 226, 168, 0)
(158, 224, 164, 0)
(160, 191, 163, 0)
(161, 533, 165, 0)
(158, 230, 163, 0)
(165, 234, 171, 0)
(163, 215, 167, 0)
(152, 205, 157, 0)
(161, 221, 166, 0)
(162, 177, 166, 0)
(155, 184, 159, 0)
(155, 192, 160, 0)
(158, 228, 163, 0)
(160, 227, 164, 0)
(161, 232, 165, 0)
(160, 259, 164, 0)
(157, 208, 164, 0)
(151, 208, 154, 0)
(161, 211, 170, 0)
(160, 234, 164, 0)
(165, 222, 171, 0)
(163, 233, 168, 0)
(158, 190, 162, 0)
(162, 215, 166, 0)
(158, 188, 162, 0)
(157, 181, 161, 0)
(162, 210, 168, 0)
(161, 226, 164, 0)
(157, 199, 162, 0)
(250, 341, 260, 0)
(159, 190, 163, 0)
(157, 215, 163, 0)
(390, 511, 403, 0)
(162, 205, 167, 0)
(163, 268, 171, 0)
(162, 228, 170, 0)
(155, 189, 160, 0)
(155, 177, 160, 0)
(161, 234, 165, 0)
(151, 192, 155, 0)
(163, 257, 169, 0)
(161, 247, 165, 0)
(161, 222, 165, 0)
(155, 225, 159, 0)
(162, 189, 166, 0)
(161, 205, 165, 0)
(159, 237, 164, 0)
(160, 215, 164, 0)
(163, 228, 167, 0)
(162, 196, 166, 0)
(254, 342, 264, 0)
(160, 206, 164, 0)
(157, 195, 168, 0)
(157, 208, 160, 0)
(159, 249, 167, 0)
(161, 264, 166, 0)
(160, 192, 165, 0)
(160, 236, 163, 0)
(253, 338, 260, 0)
(160, 196, 168, 0)
(160, 182, 164, 0)
(158, 204, 162, 0)
(160, 194, 164, 0)
(159, 201, 163, 0)
(160, 199, 165, 0)
(381, 604, 399, 0)
(159, 209, 162, 0)
(166, 200, 172, 0)
(160, 257, 164, 0)
(162, 193, 167, 0)
(258, 377, 271, 0)
(151, 214, 155, 0)
(157, 228, 168, 0)
(159, 213, 167, 0)
(152, 200, 158, 0)
(162, 224, 166, 0)
(160, 199, 164, 0)
(161, 181, 163, 0)
(249, 310, 259, 0)
(162, 198, 166, 0)
(159, 200, 164, 0)
(163, 258, 170, 0)
(157, 207, 160, 0)
(161, 186, 168, 0)
(155, 239, 159, 0)
(151, 211, 154, 0)
(160, 200, 169, 0)
(165, 209, 168, 0)
(153, 207, 156, 0)
(157, 191, 162, 0)
(157, 232, 161, 0)
(248, 338, 258, 0)
(160, 243, 164, 0)
(156, 191, 159, 0)
(159, 233, 165, 0)
(155, 201, 160, 0)
(161, 252, 164, 0)
(159, 232, 163, 0)
(163, 197, 166, 0)
(159, 202, 163, 0)
(160, 196, 166, 0)
(164, 215, 169, 0)
(160, 191, 164, 0)
(159, 221, 162, 0)
(161, 230, 167, 0)
(158, 196, 162, 0)
(160, 202, 164, 0)
(162, 238, 168, 0)
(155, 250, 159, 0)
(162, 206, 166, 0)
(158, 210, 162, 0)
(163, 200, 168, 0)
(161, 200, 165, 0)
(160, 187, 164, 0)
(160, 246, 164, 0)
(164, 261, 168, 0)
(163, 311, 168, 0)
(157, 189, 160, 0)
(156, 218, 159, 0)
(160, 208, 165, 0)
(153, 210, 157, 0)
(160, 177, 165, 0)
(256, 354, 267, 0)
(161, 216, 165, 0)
(159, 272, 163, 0)
(151, 204, 155, 0)
(163, 248, 169, 0)
(252, 381, 263, 0)
(162, 223, 165, 0)
(159, 209, 162, 0)
(162, 211, 167, 0)
(157, 261, 161, 0)
(157, 212, 165, 0)
(153, 194, 158, 0)
(159, 226, 162, 0)
(252, 364, 258, 0)
(162, 184, 168, 0)
(160, 211, 165, 0)
(163, 210, 169, 0)
(159, 240, 164, 0)
(158, 211, 161, 0)
(163, 202, 167, 0)
(159, 189, 164, 0)
(158, 200, 163, 0)
(156, 215, 160, 0)
(160, 214, 164, 0)
(161, 197, 165, 0)
(160, 235, 172, 0)
(159, 221, 166, 0)
(151, 247, 154, 0)
(159, 226, 165, 0)
(168, 285, 173, 0)
(161, 206, 164, 0)
(162, 199, 165, 0)
(159, 203, 164, 0)
(155, 185, 159, 0)
(162, 399, 167, 0)
(158, 209, 162, 0)
(157, 193, 161, 0)
(159, 197, 162, 0)
(160, 197, 164, 0)
(161, 216, 165, 0)
(157, 213, 161, 0)
(165, 242, 171, 0)
(160, 218, 163, 0)
(258, 330, 265, 0)
(163, 207, 168, 0)
(159, 211, 163, 0)
(160, 197, 163, 0)
(252, 376, 261, 0)
(155, 232, 161, 0)
(163, 209, 167, 0)
(158, 223, 162, 0)
(159, 194, 163, 0)
(163, 204, 166, 0)
(160, 232, 170, 0)
(163, 201, 168, 0)
(166, 202, 175, 0)
(163, 224, 168, 0)
(163, 234, 170, 0)
(161, 260, 168, 0)
(162, 181, 167, 0)
(162, 222, 167, 0)
(159, 218, 162, 0)
(162, 210, 167, 0)
(160, 212, 165, 0)
(159, 228, 164, 0)
(151, 242, 154, 0)
(163, 206, 169, 0)
(159, 247, 162, 0)
(159, 204, 163, 0)
(161, 266, 167, 0)
(159, 187, 162, 0)
(162, 213, 166, 0)
(164, 204, 169, 0)
(155, 224, 161, 0)
(157, 267, 161, 0)
(164, 202, 167, 0)
(159, 192, 163, 0)
(163, 207, 170, 0)
(160, 234, 164, 0)
(163, 210, 168, 0)
(163, 214, 167, 0)
(163, 197, 168, 0)
(165, 224, 170, 0)
(161, 200, 165, 0)
(158, 192, 162, 0)
(161, 239, 168, 0)
(162, 211, 167, 0)
(159, 203, 164, 0)
(161, 206, 168, 0)
(161, 201, 166, 0)
(161, 197, 165, 0)
(162, 234, 166, 0)
(158, 204, 163, 0)
(154, 199, 160, 0)
(151, 209, 154, 0)
(161, 245, 165, 0)
(165, 222, 171, 0)
(160, 227, 164, 0)
(255, 337, 265, 0)
(158, 205, 163, 0)
(161, 210, 166, 0)
(159, 218, 162, 0)
(159, 188, 164, 0)
(157, 203, 162, 0)
(158, 258, 165, 0)
(160, 204, 166, 0)
(161, 198, 165, 0)
(165, 239, 172, 0)
(155, 219, 160, 0)
(161, 251, 167, 0)
(157, 205, 161, 0)
(161, 205, 164, 0)
(155, 196, 159, 0)
(158, 206, 161, 0)
(164, 200, 171, 0)
(160, 212, 165, 0)
(160, 229, 164, 0)
(158, 218, 162, 0)
(158, 236, 170, 0)
(151, 189, 164, 0)
(158, 193, 166, 0)
(158, 202, 167, 0)
(155, 399, 164, 0)
(163, 197, 168, 0)
(153, 196, 158, 0)
(160, 201, 164, 0)
(257, 467, 271, 0)
(161, 192, 165, 0)
(161, 195, 166, 0)
(160, 272, 163, 0)
(162, 195, 168, 0)
(164, 208, 168, 0)
(258, 338, 271, 0)
(161, 215, 164, 0)
(252, 368, 264, 0)
(158, 216, 162, 0)
(162, 206, 166, 0)
(151, 219, 155, 0)
(160, 206, 166, 0)
(152, 285, 156, 0)
(158, 221, 168, 0)
(247, 325, 255, 0)
(161, 203, 165, 0)
(162, 202, 168, 0)
(160, 207, 166, 0)
(155, 206, 160, 0)
(155, 206, 159, 0)
(259, 313, 268, 0)
(166, 206, 173, 0)
(160, 214, 164, 0)
(152, 200, 156, 0)
(158, 208, 162, 0)
(248, 385, 259, 0)
(159, 193, 167, 0)
(153, 203, 157, 0)
(157, 194, 161, 0)
(163, 278, 173, 0)
(159, 218, 163, 0)
(160, 208, 164, 0)
(153, 204, 158, 0)
(153, 208, 158, 0)
(160, 194, 164, 0)
(158, 193, 163, 0)
(161, 208, 165, 0)
(153, 193, 157, 0)
(164, 232, 169, 0)
(157, 217, 163, 0)
(158, 213, 162, 0)
(162, 214, 168, 0)
(155, 297, 162, 0)
(166, 279, 172, 0)
(157, 183, 160, 0)
(162, 254, 166, 0)
(162, 223, 166, 0)
(158, 285, 165, 0)
(163, 218, 168, 0)
(163, 216, 167, 0)
(157, 221, 161, 0)
(157, 234, 160, 0)
(162, 202, 167, 0)
(155, 204, 159, 0)
(163, 238, 169, 0)
(162, 201, 166, 0)
(164, 207, 168, 0)
(257, 320, 268, 0)
(255, 369, 265, 0)
(160, 190, 164, 0)
(158, 201, 165, 0)
(161, 223, 166, 0)
(157, 187, 163, 0)
(158, 201, 165, 0)
(162, 201, 168, 0)
(156, 215, 161, 0)
(151, 192, 155, 0)
(154, 215, 159, 0)
(159, 221, 164, 0)
(159, 218, 163, 0)
(157, 212, 163, 0)
(162, 216, 167, 0)
(250, 330, 261, 0)
(160, 263, 165, 0)
(161, 210, 169, 0)
(162, 199, 167, 0)
(160, 215, 165, 0)
(161, 205, 168, 0)
(157, 215, 161, 0)
(161, 221, 165, 0)
(158, 232, 162, 0)
(157, 220, 160, 0)
(161, 192, 165, 0)
(160, 214, 166, 0)
(155, 190, 158, 0)
(252, 334, 261, 0)
(163, 196, 167, 0)
(161, 266, 166, 0)
(162, 211, 167, 0)
(155, 242, 159, 0)
(248, 343, 257, 0)
(258, 337, 266, 0)
(163, 248, 167, 0)
(251, 317, 262, 0)
(159, 212, 163, 0)
(163, 216, 171, 0)
(254, 395, 265, 0)
(159, 205, 162, 0)
(165, 217, 170, 0)
(157, 211, 161, 0)
(160, 210, 164, 0)
(163, 204, 166, 0)
(153, 202, 156, 0)
(539, 754, 561, 0)
(159, 219, 162, 0)
(162, 242, 168, 0)
(155, 180, 158, 0)
(157, 192, 161, 0)
(161, 184, 164, 0)
(159, 225, 162, 0)
(160, 195, 165, 0)
(166, 263, 173, 0)
(161, 188, 166, 0)
(154, 225, 159, 0)
(248, 348, 260, 0)
(151, 201, 155, 0)
(161, 300, 165, 0)
(161, 209, 165, 0)
(158, 240, 163, 0)
(158, 185, 165, 0)
(162, 180, 165, 0)
(161, 202, 164, 0)
(157, 221, 163, 0)
(161, 294, 165, 0)
(157, 184, 161, 0)
(166, 223, 170, 0)
(160, 203, 164, 0)
(156, 219, 168, 0)
(159, 231, 163, 0)
(161, 229, 164, 0)
(156, 205, 160, 0)
(161, 217, 165, 0)
(155, 264, 160, 0)
(254, 363, 263, 0)
(162, 213, 169, 0)
(158, 229, 162, 0)
(161, 227, 165, 0)
(156, 202, 162, 0)
(161, 217, 166, 0)
(160, 189, 165, 0)
(162, 192, 166, 0)
(159, 235, 164, 0)
(161, 237, 168, 0)
(160, 229, 166, 0)
(150, 185, 154, 0)
(162, 210, 167, 0)
(160, 232, 165, 0)
(161, 240, 165, 0)
(160, 222, 167, 0)
(158, 186, 161, 0)
(162, 229, 167, 0)
(252, 365, 259, 0)
(159, 229, 165, 0)
(163, 213, 168, 0)
(161, 214, 164, 0)
(161, 199, 165, 0)
(161, 225, 165, 0)
(161, 201, 168, 0)
(159, 176, 164, 0)
(162, 198, 166, 0)
(160, 208, 165, 0)
(250, 355, 259, 0)
(163, 197, 166, 0)
(162, 206, 166, 0)
(158, 197, 162, 0)
(158, 210, 163, 0)
(163, 226, 167, 0)
(156, 225, 166, 0)
(158, 195, 161, 0)
(251, 322, 260, 0)
(161, 191, 165, 0)
(164, 193, 169, 0)
(158, 241, 163, 0)
(157, 216, 162, 0)
(157, 212, 161, 0)
(159, 278, 166, 0)
(161, 193, 165, 0)
(160, 211, 166, 0)
(158, 219, 164, 0)
(164, 200, 168, 0)
(256, 363, 269, 0)
(161, 240, 168, 0)
(163, 209, 167, 0)
(161, 193, 164, 0)
(163, 250, 168, 0)
(163, 263, 167, 0)
(162, 199, 168, 0)
(158, 237, 161, 0)
(161, 225, 166, 0)
(165, 195, 170, 0)
(157, 183, 163, 0)
(164, 218, 169, 0)
(158, 206, 163, 0)
(161, 203, 165, 0)
(161, 207, 165, 0)
(161, 215, 170, 0)
(161, 199, 167, 0)
(160, 199, 166, 0)
(165, 210, 169, 0)
(160, 274, 167, 0)
(158, 206, 163, 0)
(164, 221, 168, 0)
(252, 303, 265, 0)
(161, 193, 166, 0)
(162, 215, 166, 0)
(247, 424, 257, 0)
(157, 216, 164, 0)
(167, 237, 175, 0)
(158, 188, 161, 0)
(250, 352, 262, 0)
(157, 239, 160, 0)
(159, 240, 166, 0)
(165, 198, 170, 0)
(156, 229, 167, 0)
(160, 218, 164, 0)
(159, 200, 163, 0)
(161, 199, 166, 0)
(164, 208, 172, 0)
(162, 235, 170, 0)
(160, 238, 165, 0)
(163, 213, 170, 0)
(160, 209, 166, 0)
(160, 242, 166, 0)
(249, 376, 257, 0)
(161, 196, 166, 0)
(161, 192, 165, 0)
(161, 225, 168, 0)
(159, 220, 164, 0)
(160, 211, 164, 0)
(162, 216, 167, 0)
(159, 182, 162, 0)
(158, 241, 162, 0)
(158, 226, 161, 0)
(161, 206, 166, 0)
(159, 220, 163, 0)
(162, 205, 166, 0)
(158, 229, 166, 0)
(159, 229, 162, 0)
(160, 214, 164, 0)
(159, 217, 162, 0)
(159, 232, 163, 0)
(161, 207, 164, 0)
(166, 224, 173, 0)
(160, 193, 164, 0)
(161, 204, 167, 0)
(162, 222, 169, 0)
(157, 206, 161, 0)
(157, 201, 166, 0)
(161, 210, 165, 0)
(252, 369, 263, 0)
(155, 207, 159, 0)
(161, 221, 172, 0)
(158, 228, 162, 0)
(155, 225, 159, 0)
(164, 207, 168, 0)
(162, 240, 168, 0)
(160, 185, 165, 0)
(163, 198, 169, 0)
(251, 417, 260, 0)
(160, 199, 166, 0)
(159, 203, 164, 0)
(159, 208, 164, 0)
(160, 212, 169, 0)
(163, 204, 167, 0)
(157, 186, 161, 0)
(153, 229, 158, 0)
(161, 182, 166, 0)
(161, 229, 167, 0)
(163, 222, 166, 0)
(163, 220, 168, 0)
(254, 307, 263, 0)
(162, 242, 166, 0)
(163, 207, 170, 0)
(160, 191, 164, 0)
(161, 227, 166, 0)
(165, 232, 169, 0)
(159, 201, 163, 0)
(162, 227, 167, 0)
(155, 205, 158, 0)
(160, 203, 164, 0)
(155, 223, 159, 0)
(162, 205, 167, 0)
(158, 205, 162, 0)
(385, 560, 402, 0)
(163, 280, 168, 0)
(154, 226, 172, 0)
(162, 225, 168, 0)
(160, 275, 164, 0)
(160, 198, 165, 0)
(162, 214, 167, 0)
(159, 197, 163, 0)
(157, 179, 161, 0)
(162, 222, 167, 0)
(163, 228, 167, 0)
(250, 348, 260, 0)
(156, 216, 160, 0)
(162, 247, 167, 0)
(162, 213, 167, 0)
(161, 227, 165, 0)
(159, 183, 163, 0)
(160, 203, 168, 0)
(163, 203, 169, 0)
(162, 227, 166, 0)
(162, 201, 167, 0)
(157, 217, 161, 0)
(159, 196, 162, 0)
(157, 273, 160, 0)
(154, 230, 158, 0)
(159, 223, 164, 0)
(161, 219, 166, 0)
(159, 177, 163, 0)
(162, 201, 165, 0)
(157, 213, 162, 0)
(160, 237, 164, 0)
(253, 363, 264, 0)
(161, 203, 165, 0)
(253, 365, 263, 0)
(161, 203, 164, 0)
(158, 190, 161, 0)
(158, 242, 162, 0)
(162, 231, 167, 0)
(249, 344, 260, 0)
(161, 205, 165, 0)
(161, 191, 164, 0)
(162, 187, 166, 0)
(157, 284, 164, 0)
(250, 330, 263, 0)
(160, 214, 170, 0)
(157, 214, 163, 0)
(160, 197, 168, 0)
(162, 218, 166, 0)
(159, 204, 165, 0)
(161, 204, 164, 0)
(154, 201, 159, 0)
(162, 204, 168, 0)
(162, 235, 167, 0)
(256, 393, 268, 0)
(157, 206, 161, 0)
(154, 188, 158, 0)
(159, 198, 162, 0)
(159, 208, 163, 0)
(254, 368, 265, 0)
(160, 204, 166, 0)
(158, 248, 166, 0)
(160, 186, 164, 0)
(155, 191, 160, 0)
(160, 215, 163, 0)
(153, 211, 157, 0)
(162, 196, 167, 0)
(159, 209, 164, 0)
(160, 205, 164, 0)
(161, 207, 166, 0)
(161, 192, 166, 0)
(158, 204, 161, 0)
(159, 202, 164, 0)
(157, 224, 160, 0)
(160, 198, 166, 0)
(159, 204, 162, 0)
(167, 224, 172, 0)
(163, 211, 168, 0)
(162, 212, 166, 0)
(155, 181, 162, 0)
(161, 191, 165, 0)
(161, 224, 167, 0)
(149, 184, 155, 0)
(166, 220, 170, 0)
(163, 191, 169, 0)
(160, 214, 163, 0)
(160, 231, 164, 0)
(154, 207, 159, 0)
(157, 228, 164, 0)
(252, 401, 261, 0)
(160, 199, 164, 0)
(160, 187, 164, 0)
(161, 230, 166, 0)
(163, 206, 167, 0)
(548, 745, 565, 0)
(159, 197, 163, 0)
(162, 192, 166, 0)
(163, 205, 168, 0)
(160, 195, 167, 0)
(159, 184, 164, 0)
(160, 253, 164, 0)
(163, 224, 169, 0)
(159, 188, 162, 0)
(251, 417, 260, 0)
(160, 195, 167, 0)
(152, 183, 157, 0)
(155, 229, 159, 0)
(160, 231, 165, 0)
(161, 284, 164, 0)
(159, 247, 165, 0)
(160, 239, 165, 0)
(162, 197, 166, 0)
(161, 237, 167, 0)
(158, 262, 162, 0)
(155, 213, 159, 0)
(256, 342, 265, 0)
(159, 252, 163, 0)
(163, 196, 167, 0)
(162, 217, 165, 0)
(156, 200, 160, 0)
(157, 214, 162, 0)
(158, 183, 161, 0)
(248, 295, 257, 0)
(150, 212, 154, 0)
(251, 362, 260, 0)
(162, 262, 167, 0)
(162, 212, 173, 0)
(156, 231, 169, 0)
(156, 200, 161, 0)
(161, 202, 168, 0)
(166, 250, 171, 0)
(160, 217, 164, 0)
(161, 214, 164, 0)
(250, 353, 261, 0)
(161, 206, 166, 0)
(158, 229, 162, 0)
(161, 209, 167, 0)
(163, 195, 167, 0)
(161, 190, 170, 0)
(160, 229, 163, 0)
(160, 239, 164, 0)
(162, 246, 165, 0)
(160, 239, 167, 0)
(157, 269, 163, 0)
(161, 208, 165, 0)
(164, 247, 170, 0)
(158, 213, 163, 0)
(157, 208, 163, 0)
(155, 184, 161, 0)
(161, 199, 167, 0)
(164, 209, 170, 0)
(156, 187, 166, 0)
(162, 199, 169, 0)
(162, 191, 166, 0)
(158, 193, 162, 0)
(162, 191, 168, 0)
(160, 203, 168, 0)
(160, 212, 164, 0)
(159, 215, 163, 0)
(162, 219, 166, 0)
(160, 187, 164, 0)
(159, 183, 162, 0)
(155, 208, 159, 0)
(161, 188, 166, 0)
(159, 206, 163, 0)
(164, 223, 174, 0)
(152, 204, 157, 0)
(161, 274, 165, 0)
(160, 207, 163, 0)
(161, 209, 164, 0)
(159, 187, 164, 0)
(259, 313, 267, 0)
(160, 205, 164, 0)
(162, 207, 165, 0)
(161, 194, 164, 0)
(160, 209, 165, 0)
(161, 221, 166, 0)
(160, 224, 164, 0)
(161, 212, 165, 0)
(159, 205, 164, 0)
(164, 214, 170, 0)
(158, 183, 162, 0)
(160, 202, 162, 0)
(162, 208, 166, 0)
(156, 198, 162, 0)
(163, 243, 168, 0)
(157, 207, 164, 0)
(256, 379, 266, 0)
(158, 199, 162, 0)
(154, 208, 159, 0)
(163, 219, 167, 0)
(164, 211, 168, 0)
(165, 208, 169, 0)
(151, 201, 154, 0)
(251, 353, 260, 0)
(253, 371, 260, 0)
(161, 226, 166, 0)
(160, 203, 164, 0)
(161, 206, 167, 0)
(157, 188, 161, 0)
(159, 239, 163, 0)
(160, 215, 165, 0)
(158, 200, 161, 0)
(163, 277, 166, 0)
(155, 208, 159, 0)
(151, 204, 154, 0)
(157, 233, 162, 0)
(162, 236, 166, 0)
(159, 239, 164, 0)
(257, 366, 265, 0)
(161, 232, 166, 0)
(158, 205, 164, 0)
(163, 208, 167, 0)
(259, 401, 267, 0)
(155, 187, 160, 0)
(159, 200, 162, 0)
(159, 183, 163, 0)
(158, 199, 162, 0)
(161, 243, 166, 0)
(160, 212, 164, 0)
(162, 209, 166, 0)
(160, 227, 166, 0)
(162, 240, 165, 0)
(162, 224, 167, 0)
(252, 369, 260, 0)
(160, 241, 164, 0)
(160, 210, 164, 0)
(162, 215, 165, 0)
(259, 337, 271, 0)
(162, 195, 166, 0)
(158, 216, 164, 0)
(163, 203, 168, 0)
(153, 184, 162, 0)
(163, 201, 166, 0)
(151, 207, 154, 0)
(159, 197, 163, 0)
(164, 233, 171, 0)
(152, 200, 157, 0)
(161, 190, 168, 0)
(160, 219, 164, 0)
(162, 211, 169, 0)
(166, 223, 173, 0)
(160, 227, 167, 0)
(161, 225, 165, 0)
(156, 201, 161, 0)
(156, 189, 160, 0)
(159, 195, 163, 0)
(164, 236, 167, 0)
(158, 199, 166, 0)
(158, 210, 166, 0)
(163, 188, 167, 0)
(158, 218, 162, 0)
(161, 247, 169, 0)
(161, 208, 165, 0)
(160, 226, 168, 0)
(162, 227, 166, 0)
(259, 397, 267, 0)
(163, 186, 168, 0)
(161, 242, 165, 0)
