(3099, 3875, 3107, 0)
(3072, 3867, 3079, 0)
(3063, 3824, 3071, 0)
(3118, 3615, 3127, 0)
(3277, 3973, 3285, 0)
(3306, 4455, 3315, 0)
(3111, 3680, 3119, 0)
(3072, 4111, 3080, 0)
(3127, 3840, 3135, 0)
(3145, 5500, 3154, 0)
(3125, 4969, 3144, 0)
(4564, 5965, 4574, 0)
(3118, 5010, 3126, 0)
(3093, 5795, 3110, 0)
(3137, 4282, 3145, 0)
(3130, 4019, 3138, 0)
(3041, 3853, 3050, 0)
(3093, 3578, 3102, 0)
(3291, 5282, 3372, 0)
(3100, 3810, 3108, 0)
(3102, 6472, 3146, 0)
(3265, 3903, 3277, 0)
(3083, 3731, 3091, 0)
(4552, 5256, 4561, 0)
(3066, 3594, 3073, 0)
(3116, 3664, 3124, 0)
(3091, 3568, 3098, 0)
(3293, 3949, 3301, 0)
(3264, 3831, 3272, 0)
(3118, 3692, 3126, 0)
(3058, 6315, 3066, 0)
(4575, 6194, 4587, 0)
(3279, 5405, 3301, 0)
(3097, 4390, 3105, 0)
(3064, 4138, 3073, 0)
(3111, 5673, 3124, 0)
(3118, 4839, 3127, 0)
(3087, 4471, 3098, 0)
(3067, 4466, 3076, 0)
(3094, 19331, 3102, 0)
(3094, 5248, 3102, 0)
(3083, 21463, 3093, 0)
(3083, 6713, 3092, 0)
(3103, 4474, 3119, 0)
(3284, 4381, 3292, 0)
(3088, 7054, 3096, 0)
(4574, 7359, 4584, 0)
(3069, 3948, 3077, 0)
(3082, 3905, 3090, 0)
(3100, 5881, 3108, 0)
(3299, 5409, 3307, 0)
(3098, 3865, 3105, 0)
(3091, 4035, 3099, 0)
(3085, 4046, 3094, 0)
(3099, 3761, 3106, 0)
(3279, 4190, 3287, 0)
(3274, 3982, 3283, 0)
(3077, 18919, 3085, 0)
(3080, 4572, 3088, 0)
(3307, 7692, 3321, 0)
(3300, 21259, 3342, 0)
(3064, 3729, 3073, 0)
(3119, 4864, 3127, 0)
(3268, 5721, 3277, 0)
(3125, 3953, 3134, 0)
(3304, 20753, 3342, 0)
(3075, 5983, 3083, 0)
(3119, 4168, 3127, 0)
(3111, 4195, 3119, 0)
(3105, 3923, 3113, 0)
(3099, 3804, 3107, 0)
(3082, 3726, 3090, 0)
(3102, 5560, 3116, 0)
(3108, 4005, 3115, 0)
(3083, 5230, 3091, 0)
(3317, 5366, 3330, 0)
(3114, 4070, 3122, 0)
(4573, 6314, 4582, 0)
(3250, 5302, 3260, 0)
(3103, 3783, 3111, 0)
(3119, 5229, 3128, 0)
(3122, 6898, 3131, 0)
(3116, 4988, 3124, 0)
(3306, 3901, 3315, 0)
(3070, 3790, 3077, 0)
(3104, 3808, 3111, 0)
(3287, 4144, 3296, 0)
(4590, 5776, 4599, 0)
(3094, 4082, 3102, 0)
(3083, 7248, 3091, 0)
(3101, 5359, 3110, 0)
(3112, 5140, 3122, 0)
(3076, 4420, 3084, 0)
(3094, 5175, 3102, 0)
(3118, 5508, 3128, 0)
(3072, 4291, 3080, 0)
(3278, 3850, 3286, 0)
(4591, 5548, 4600, 0)
(3098, 3830, 3105, 0)
(4520, 5434, 4529, 0)
(4571, 5523, 4580, 0)
(3036, 4076, 3045, 0)
(3303, 4179, 3310, 0)
(3107, 5704, 3116, 0)
(3072, 4584, 3079, 0)
(3095, 3827, 3102, 0)
(3099, 8312, 3107, 0)
(3121, 6338, 3129, 0)
(3294, 5676, 3302, 0)
(4569, 28496, 4578, 0)
(4737, 5877, 4774, 0)
(3303, 4386, 3312, 0)
(3110, 3708, 3118, 0)
(4592, 5660, 4603, 0)
(3274, 4043, 3281, 0)
(3095, 4224, 3103, 0)
(3083, 4240, 3091, 0)
(3082, 4394, 3092, 0)
(3292, 6003, 3300, 0)
(3087, 15636, 3095, 0)
(3112, 19520, 3120, 0)
(3112, 4079, 3121, 0)
(3302, 5787, 3311, 0)
(3115, 3994, 3124, 0)
(3092, 5735, 3100, 0)
(3109, 5494, 3117, 0)
(3121, 6111, 3135, 0)
(4582, 6187, 4591, 0)
(3100, 4303, 3108, 0)
(3131, 18930, 3138, 0)
(3075, 4856, 3083, 0)
(3273, 3870, 3287, 0)
(3257, 9528, 3266, 0)
(3141, 5484, 3149, 0)
(3088, 4188, 3099, 0)
(3304, 4253, 3315, 0)
(3300, 4369, 3307, 0)
(3278, 7597, 3287, 0)
(3124, 4914, 3133, 0)
(3312, 4042, 3319, 0)
(3284, 4390, 3292, 0)
(4587, 6222, 4596, 0)
(3115, 5554, 3123, 0)
(3245, 4097, 3256, 0)
(3134, 5135, 3143, 0)
(3114, 3864, 3124, 0)
(3070, 4649, 3079, 0)
(3295, 4356, 3304, 0)
(4590, 6676, 4600, 0)
(4599, 6034, 4608, 0)
(3236, 5350, 3245, 0)
(3132, 8531, 3214, 0)
(3099, 5476, 3107, 0)
(3119, 3763, 3127, 0)
(3245, 4622, 3262, 0)
(3120, 6301, 3128, 0)
(4628, 5986, 4637, 0)
(4591, 6635, 4600, 0)
(3102, 4052, 3110, 0)
(3253, 4346, 3262, 0)
(3067, 4954, 3075, 0)
(3099, 3904, 3107, 0)
(3118, 8000, 3126, 0)
(3267, 8766, 3276, 0)
(3097, 3614, 3105, 0)
(3065, 4372, 3073, 0)
(3077, 3663, 3085, 0)
(3113, 4266, 3121, 0)
(3279, 4200, 3289, 0)
(4616, 8106, 4632, 0)
(3288, 4006, 3296, 0)
(4554, 8346, 4564, 0)
(3081, 4089, 3089, 0)
(3102, 3960, 3110, 0)
(3313, 4408, 3320, 0)
(3094, 3979, 3102, 0)
(3103, 3859, 3111, 0)
(3093, 3711, 3101, 0)
(3118, 4512, 3126, 0)
(3303, 4180, 3311, 0)
(3143, 4065, 3153, 0)
(3094, 8365, 3102, 0)
(3083, 5038, 3091, 0)
(3145, 4171, 3231, 0)
(3290, 10125, 3299, 0)
(3312, 3872, 3319, 0)
(3133, 4032, 3142, 0)
(3075, 4953, 3082, 0)
(3084, 5316, 3092, 0)
(3108, 3694, 3116, 0)
(3101, 3696, 3109, 0)
(3121, 3750, 3129, 0)
(3074, 7905, 3082, 0)
(3075, 4244, 3083, 0)
(3117, 4798, 3125, 0)
(3096, 4526, 3108, 0)
(3297, 4166, 3307, 0)
(3103, 4420, 3111, 0)
(3085, 4519, 3092, 0)
(3265, 4249, 3274, 0)
(3279, 3968, 3288, 0)
(4619, 7812, 4635, 0)
(3137, 4910, 3145, 0)
(3083, 3606, 3091, 0)
(3103, 3690, 3111, 0)
(4599, 6026, 4608, 0)
(4561, 5485, 4570, 0)
(3302, 4208, 3310, 0)
(3137, 3759, 3146, 0)
(3241, 3943, 3249, 0)
(3304, 4902, 3312, 0)
(3319, 8382, 3327, 0)
(3309, 4031, 3318, 0)
(3112, 3831, 3120, 0)
(3108, 5537, 3118, 0)
(3083, 3619, 3092, 0)
(4570, 7175, 4579, 0)
(3083, 3715, 3090, 0)
(3099, 3670, 3107, 0)
(4566, 5799, 4574, 0)
(3104, 8425, 3111, 0)
(3097, 4279, 3105, 0)
(3065, 4897, 3074, 0)
(3121, 3916, 3128, 0)
(4583, 5422, 4593, 0)
(3266, 8709, 3275, 0)
(4595, 8090, 4604, 0)
(3109, 3711, 3117, 0)
(3078, 4606, 3086, 0)
(3122, 5062, 3131, 0)
(3100, 9905, 3107, 0)
(4577, 5539, 4587, 0)
(3261, 4550, 3270, 0)
(3109, 5613, 3117, 0)
(3089, 6620, 3096, 0)
(3284, 6063, 3293, 0)
(3092, 3938, 3101, 0)
(3322, 5835, 3330, 0)
(3278, 8425, 3287, 0)
(3279, 4350, 3287, 0)
(3113, 3621, 3120, 0)
(3125, 5601, 3133, 0)
(3111, 4767, 3119, 0)
(3087, 4537, 3095, 0)
(3293, 4144, 3301, 0)
(3279, 4554, 3287, 0)
(3117, 3830, 3126, 0)
(3287, 4154, 3295, 0)
(3093, 3611, 3100, 0)
(3283, 5287, 3292, 0)
(3075, 4537, 3083, 0)
(3077, 5316, 3085, 0)
(3108, 3968, 3118, 0)
(3244, 8009, 3252, 0)
(3298, 4487, 3308, 0)
(3094, 3987, 3101, 0)
(3264, 19424, 3274, 0)
(3129, 4039, 3137, 0)
(3104, 3701, 3111, 0)
(3295, 7807, 3303, 0)
(3124, 3956, 3133, 0)
(3083, 3559, 3091, 0)
(3104, 3655, 3112, 0)
(3113, 3636, 3121, 0)
(3301, 4305, 3309, 0)
(3111, 5328, 3119, 0)
(3107, 3923, 3115, 0)
(3396, 4835, 3429, 0)
(3103, 4144, 3110, 0)
(3287, 5179, 3295, 0)
(3109, 4836, 3117, 0)
(3283, 4168, 3291, 0)
(3151, 3839, 3159, 0)
(3312, 3968, 3320, 0)
(3264, 4073, 3272, 0)
(3081, 3988, 3089, 0)
(3083, 4081, 3092, 0)
(3069, 4836, 3077, 0)
(3135, 3913, 3144, 0)
(3259, 4202, 3268, 0)
(3108, 5071, 3116, 0)
(3084, 4020, 3093, 0)
(3113, 4221, 3121, 0)
(3112, 4901, 3119, 0)
(3104, 3973, 3112, 0)
(3303, 4140, 3310, 0)
(3247, 4238, 3257, 0)
(3120, 4628, 3136, 0)
(3247, 4143, 3258, 0)
(3105, 5072, 3114, 0)
(4532, 7170, 4544, 0)
(3315, 6219, 3380, 0)
(3112, 6134, 3121, 0)
(4591, 8287, 4602, 0)
(6296, 7888, 6305, 0)
(3278, 8426, 3287, 0)
(3100, 5284, 3112, 0)
(3267, 4112, 3275, 0)
(3309, 7291, 3317, 0)
(3090, 5305, 3098, 0)
(3316, 4702, 3326, 0)
(3114, 5492, 3122, 0)
(4580, 6526, 4632, 0)
(3296, 6495, 3304, 0)
(3298, 6207, 3319, 0)
(3087, 6226, 3095, 0)
(3302, 5207, 3336, 0)
(4564, 6952, 4587, 0)
(3087, 20292, 3101, 0)
(3275, 4105, 3284, 0)
(3303, 4728, 3311, 0)
(3118, 6369, 3181, 0)
(3267, 4107, 3276, 0)
(3084, 4591, 3098, 0)
(4585, 13811, 4593, 0)
(3110, 6657, 3118, 0)
(3107, 6382, 3116, 0)
(3120, 8395, 3128, 0)
(3357, 7518, 3504, 0)
(3121, 4691, 3140, 0)
(3139, 22240, 3238, 0)
(4578, 26182, 4587, 0)
(3083, 3904, 3092, 0)
(3274, 20235, 3282, 0)
(4576, 5976, 4606, 0)
(3039, 8114, 3046, 0)
(3265, 4255, 3280, 0)
(3076, 5055, 3085, 0)
(3120, 3940, 3128, 0)
(3333, 4191, 3342, 0)
(3097, 5833, 3105, 0)
(3293, 4458, 3303, 0)
(3284, 8161, 3293, 0)
(3120, 3763, 3130, 0)
(3084, 4651, 3092, 0)
(3277, 6637, 3289, 0)
(3309, 4055, 3317, 0)
(3114, 4109, 3132, 0)
(3311, 8271, 3319, 0)
(3116, 6544, 3328, 0)
(3091, 4121, 3099, 0)
(3283, 4476, 3292, 0)
(3322, 5762, 3331, 0)
(3261, 14549, 3270, 0)
(3304, 6496, 3391, 0)
(4812, 7637, 4898, 0)
(3274, 4394, 3283, 0)
(3082, 3722, 3090, 0)
(3093, 3889, 3101, 0)
(6346, 8196, 6356, 0)
(3104, 3911, 3112, 0)
(3271, 4343, 3279, 0)
(3315, 4238, 3323, 0)
(3285, 4523, 3293, 0)
(3103, 18901, 3110, 0)
(3095, 18123, 3102, 0)
(3097, 5953, 3105, 0)
(4587, 5736, 4596, 0)
(3112, 6028, 3121, 0)
(3116, 3681, 3124, 0)
(3078, 4413, 3086, 0)
(3095, 4002, 3102, 0)
(3115, 4625, 3123, 0)
(3095, 3725, 3102, 0)
(3077, 16271, 3084, 0)
(3093, 3832, 3102, 0)
(3133, 3870, 3141, 0)
(3287, 4427, 3298, 0)
(4575, 6854, 4584, 0)
(3081, 3687, 3089, 0)
(4566, 12733, 4574, 0)
(3060, 9357, 3068, 0)
(4626, 6291, 4634, 0)
(3093, 3782, 3101, 0)
(3109, 3969, 3116, 0)
(3111, 3622, 3119, 0)
(3096, 6180, 3105, 0)
(4540, 9570, 4548, 0)
(3110, 3922, 3118, 0)
(3291, 4007, 3299, 0)
(4798, 5652, 4806, 0)
(4579, 6590, 4591, 0)
(3091, 3928, 3099, 0)
(4582, 6063, 4593, 0)
(3103, 3622, 3110, 0)
(3086, 4055, 3098, 0)
(3134, 5878, 3142, 0)
(3141, 6501, 3149, 0)
(3136, 4004, 3145, 0)
(3293, 5036, 3302, 0)
(3305, 4386, 3313, 0)
(3130, 4273, 3137, 0)
(3114, 4421, 3122, 0)
(3114, 4760, 3121, 0)
(3118, 4009, 3126, 0)
(4583, 8094, 4592, 0)
(3112, 5840, 3120, 0)
(3298, 4305, 3305, 0)
(3301, 5597, 3311, 0)
(4582, 6433, 4591, 0)
(3294, 4030, 3313, 0)
(4610, 7742, 4618, 0)
(3101, 4881, 3109, 0)
(3075, 3754, 3083, 0)
(3281, 5569, 3289, 0)
(3141, 3790, 3149, 0)
(3293, 5761, 3300, 0)
(3301, 4774, 3312, 0)
(4584, 6335, 4597, 0)
(3204, 5615, 3538, 0)
(3125, 4024, 3138, 0)
(4805, 8672, 4813, 0)
(3090, 5911, 3098, 0)
(3140, 19276, 3149, 0)
(3085, 6705, 3093, 0)
(3128, 4883, 3139, 0)
(4729, 7845, 4899, 0)
(3099, 4454, 3107, 0)
(3256, 4860, 3266, 0)
(3323, 7900, 3355, 0)
(3079, 3854, 3087, 0)
(3049, 5004, 3057, 0)
(3089, 4747, 3096, 0)
(3123, 5774, 3166, 0)
(3123, 5440, 3132, 0)
(3107, 7494, 3118, 0)
(3111, 4898, 3118, 0)
(3271, 4107, 3305, 0)
(3296, 5348, 3314, 0)
(3277, 6105, 3312, 0)
(4590, 7263, 4599, 0)
(4591, 6536, 4600, 0)
(3296, 5601, 3304, 0)
(3117, 4696, 3126, 0)
(3082, 4212, 3089, 0)
(3086, 5002, 3094, 0)
(3279, 4699, 3288, 0)
(4570, 8561, 4579, 0)
(3120, 4088, 3129, 0)
(3114, 5053, 3124, 0)
(3106, 3807, 3114, 0)
(3265, 4976, 3273, 0)
(3074, 4366, 3082, 0)
(3104, 3948, 3112, 0)
(3129, 5436, 3137, 0)
(4548, 8352, 4561, 0)
(4560, 6823, 4569, 0)
(3103, 8141, 3111, 0)
(4578, 7517, 4587, 0)
(3304, 5197, 3312, 0)
(3117, 5248, 3126, 0)
(3076, 4619, 3084, 0)
(3080, 5113, 3088, 0)
(3101, 4775, 3109, 0)
(3265, 4573, 3272, 0)
(3310, 5643, 3318, 0)
(3089, 5153, 3097, 0)
(3077, 5041, 3084, 0)
(3083, 5252, 3091, 0)
(3141, 4614, 3153, 0)
(3110, 3746, 3118, 0)
(3117, 4421, 3125, 0)
(3091, 4598, 3099, 0)
(4544, 7418, 4554, 0)
(3099, 4017, 3107, 0)
(3284, 5435, 3293, 0)
(3098, 3813, 3106, 0)
(3128, 5123, 3135, 0)
(4590, 7897, 4599, 0)
(3198, 12172, 3671, 0)
(3310, 5976, 3320, 0)
(3106, 3876, 3115, 0)
(3279, 9925, 3290, 0)
(3114, 6493, 3122, 0)
(3099, 5965, 3107, 0)
(3069, 4011, 3090, 0)
(3095, 5132, 3102, 0)
(3301, 6167, 3309, 0)
(3105, 5206, 3113, 0)
(3136, 3886, 3145, 0)
(4548, 7186, 4556, 0)
(3080, 4595, 3087, 0)
(3273, 5339, 3281, 0)
(3105, 5188, 3113, 0)
(4565, 7025, 4574, 0)
(3309, 5194, 3318, 0)
(3093, 3692, 3102, 0)
(3081, 5048, 3089, 0)
(3094, 4408, 3101, 0)
(3258, 4865, 3267, 0)
(3295, 4927, 3303, 0)
(3118, 4194, 3126, 0)
(3288, 7102, 3345, 0)
(3294, 4573, 3312, 0)
(3323, 5922, 3332, 0)
(3083, 4380, 3100, 0)
(3083, 4123, 3092, 0)
(3120, 5305, 3128, 0)
(3083, 6757, 3109, 0)
(3114, 5099, 3123, 0)
(4639, 8928, 4649, 0)
(4579, 8315, 4588, 0)
(4587, 8113, 4596, 0)
(3087, 9362, 3095, 0)
(3314, 19723, 3323, 0)
(3123, 5015, 3131, 0)
(3278, 4210, 3286, 0)
(3089, 3958, 3097, 0)
(3094, 4010, 3103, 0)
(3273, 4033, 3282, 0)
(3082, 19230, 3089, 0)
(3111, 3993, 3119, 0)
(6359, 11202, 6368, 0)
(3256, 5667, 3264, 0)
(3120, 3775, 3128, 0)
(3107, 6389, 3116, 0)
(3117, 4087, 3126, 0)
(4589, 6112, 4599, 0)
(3087, 3860, 3095, 0)
(3118, 4093, 3127, 0)
(3131, 3940, 3139, 0)
(3271, 20945, 3279, 0)
(4581, 27678, 4590, 0)
(3097, 3907, 3107, 0)
(3074, 6142, 3084, 0)
(3286, 20663, 3294, 0)
(3315, 4169, 3323, 0)
(4585, 5451, 4594, 0)
(4598, 11866, 4608, 0)
(3081, 4281, 3089, 0)
(3284, 19551, 3295, 0)
(3111, 3988, 3130, 0)
(3113, 4449, 3148, 0)
(3175, 10364, 3522, 0)
(3269, 4813, 3278, 0)
(3065, 6693, 3116, 0)
(3096, 3780, 3103, 0)
(3298, 5118, 3306, 0)
(3261, 4101, 3269, 0)
(3101, 6664, 3110, 0)
(3088, 3808, 3107, 0)
(3105, 4764, 3113, 0)
(3115, 8152, 3123, 0)
(3101, 4345, 3109, 0)
(3076, 4120, 3090, 0)
(3132, 3959, 3141, 0)
(3305, 5135, 3331, 0)
(3075, 3984, 3083, 0)
(3219, 20019, 3227, 0)
(3277, 9032, 3292, 0)
(4609, 5492, 4618, 0)
(4537, 5668, 4545, 0)
(3281, 4221, 3291, 0)
(4606, 5791, 4615, 0)
(3063, 3758, 3071, 0)
(3098, 4035, 3106, 0)
(3082, 7155, 3090, 0)
(3102, 3962, 3111, 0)
(3100, 5050, 3109, 0)
(3267, 3980, 3275, 0)
(3113, 3678, 3122, 0)
(3099, 6535, 3108, 0)
(4539, 6276, 4549, 0)
(4559, 5565, 4567, 0)
(3291, 5626, 3299, 0)
(3128, 5598, 3136, 0)
(3259, 4163, 3268, 0)
(6343, 7942, 6353, 0)
(3075, 5875, 3083, 0)
(3299, 4142, 3307, 0)
(3274, 4163, 3285, 0)
(3122, 4221, 3131, 0)
(3247, 3794, 3256, 0)
(3223, 4019, 3232, 0)
(4637, 6263, 4646, 0)
(3095, 5714, 3105, 0)
(3272, 5192, 3281, 0)
(4586, 6437, 4595, 0)
(3098, 5064, 3106, 0)
(6375, 9050, 6444, 0)
(4558, 6237, 4567, 0)
(3111, 3978, 3119, 0)
(3104, 3947, 3112, 0)
(3063, 4009, 3071, 0)
(4795, 10181, 5012, 0)
(4577, 6857, 4612, 0)
(3278, 4679, 3287, 0)
(3065, 4200, 3075, 0)
(4598, 7322, 4664, 0)
(3107, 4927, 3117, 0)
(3121, 13045, 3131, 0)
(3099, 6079, 3106, 0)
(3129, 5352, 3137, 0)
(3078, 3985, 3087, 0)
(3280, 5635, 3291, 0)
(3286, 4538, 3294, 0)
(3288, 4381, 3296, 0)
(3292, 5854, 3300, 0)
(3296, 4242, 3304, 0)
(3114, 3844, 3122, 0)
(3101, 4468, 3109, 0)
(3313, 4207, 3322, 0)
(3300, 4561, 3323, 0)
(3081, 4162, 3089, 0)
(3092, 4026, 3099, 0)
(3064, 4265, 3073, 0)
(3104, 4798, 3111, 0)
(3298, 21339, 3307, 0)
(3125, 6012, 3135, 0)
(3125, 5662, 3212, 0)
(3110, 4072, 3118, 0)
(3128, 4375, 3137, 0)
(3086, 4600, 3174, 0)
(3111, 4026, 3119, 0)
(3102, 4372, 3113, 0)
(3093, 5252, 3102, 0)
(3077, 5804, 3085, 0)
(4796, 6305, 4806, 0)
(3320, 4342, 3328, 0)
(3165, 4796, 3368, 0)
(3304, 4197, 3312, 0)
(4609, 5637, 4618, 0)
(3264, 4977, 3272, 0)
(3298, 6126, 3306, 0)
(3087, 8808, 3095, 0)
(3083, 7671, 3091, 0)
(3120, 3700, 3130, 0)
(4576, 5696, 4586, 0)
(3101, 6110, 3110, 0)
(3303, 5383, 3311, 0)
(3064, 4817, 3072, 0)
(3075, 19079, 3083, 0)
(3089, 4319, 3098, 0)
(3089, 4007, 3098, 0)
(3106, 6006, 3114, 0)
(3109, 5347, 3129, 0)
(4567, 7900, 4575, 0)
(3091, 4727, 3098, 0)
(3140, 6510, 3150, 0)
(3083, 4297, 3094, 0)
(3096, 4634, 3103, 0)
(3097, 5477, 3105, 0)
(3120, 5667, 3147, 0)
(4571, 7634, 4579, 0)
(3092, 4003, 3099, 0)
(3092, 5155, 3100, 0)
(3111, 4237, 3125, 0)
(3187, 4076, 3198, 0)
(3141, 4060, 3151, 0)
(3089, 3672, 3096, 0)
(4578, 6273, 4586, 0)
(4593, 5672, 4602, 0)
(3259, 4021, 3268, 0)
(3291, 4035, 3301, 0)
(3113, 3800, 3122, 0)
(3093, 4259, 3103, 0)
(3092, 4867, 3101, 0)
(3294, 5438, 3302, 0)
(3070, 6920, 3112, 0)
(3260, 5128, 3270, 0)
(3131, 6052, 3235, 0)
(3121, 4457, 3129, 0)
(4611, 9911, 4627, 0)
(3064, 5626, 3074, 0)
(3108, 4305, 3118, 0)
(3280, 5028, 3297, 0)
(3119, 5075, 3128, 0)
(3273, 4363, 3281, 0)
(3088, 4065, 3097, 0)
(4561, 7192, 4619, 0)
(3094, 3790, 3100, 0)
(3276, 3860, 3284, 0)
(4590, 5517, 4598, 0)
(3114, 3635, 3122, 0)
(3116, 3886, 3125, 0)
(3260, 3886, 3268, 0)
(3127, 3650, 3136, 0)
(3128, 4930, 3153, 0)
(3072, 4085, 3085, 0)
(3088, 4734, 3098, 0)
(3097, 4399, 3105, 0)
(3118, 4333, 3126, 0)
(3053, 4575, 3066, 0)
(3269, 4457, 3277, 0)
(3282, 4259, 3289, 0)
(3132, 4141, 3141, 0)
(3069, 4101, 3077, 0)
(4583, 5969, 4592, 0)
(3104, 3648, 3112, 0)
(3123, 3856, 3130, 0)
(4636, 8681, 4647, 0)
(3122, 4548, 3132, 0)
(3101, 4243, 3109, 0)
(3132, 3843, 3141, 0)
(3263, 3832, 3272, 0)
(4593, 5380, 4603, 0)
(3071, 3805, 3079, 0)
(3107, 3658, 3115, 0)
(3064, 3584, 3073, 0)
(3084, 3927, 3092, 0)
(3279, 3894, 3287, 0)
(3074, 3619, 3081, 0)
(3302, 4213, 3310, 0)
(3129, 4188, 3137, 0)
(3264, 4206, 3272, 0)
(3086, 4076, 3094, 0)
(3086, 3692, 3094, 0)
(4591, 5553, 4600, 0)
(3235, 3829, 3243, 0)
(3282, 3834, 3290, 0)
(3122, 3703, 3130, 0)
(3275, 3928, 3284, 0)
(3128, 3697, 3138, 0)
(3063, 3712, 3073, 0)
(4662, 5740, 4688, 0)
(3279, 3913, 3288, 0)
(3125, 3593, 3134, 0)
(3283, 3817, 3291, 0)
(3063, 3658, 3073, 0)
(3305, 3927, 3312, 0)
(3070, 3815, 3078, 0)
(3118, 3658, 3126, 0)
(3111, 3657, 3118, 0)
(3107, 3627, 3116, 0)
(3080, 3837, 3088, 0)
(3118, 3616, 3126, 0)
(3083, 3680, 3090, 0)
(3115, 3806, 3123, 0)
(3116, 3661, 3127, 0)
(3291, 3861, 3300, 0)
(4604, 5649, 4613, 0)
(3130, 3692, 3139, 0)
(3094, 3801, 3102, 0)
(3106, 3614, 3115, 0)
(3102, 4164, 3112, 0)
(3085, 3630, 3094, 0)
(3300, 4044, 3308, 0)
(3095, 3665, 3103, 0)
(3079, 3659, 3087, 0)
(3086, 3651, 3095, 0)
(3119, 3648, 3126, 0)
(3107, 3764, 3116, 0)
(3257, 3978, 3265, 0)
(3312, 4349, 3324, 0)
(3069, 3694, 3077, 0)
(3059, 3595, 3066, 0)
(3083, 3587, 3091, 0)
(4585, 5413, 4594, 0)
(3123, 3687, 3131, 0)
(3120, 3941, 3130, 0)
(3071, 3559, 3078, 0)
(3269, 4070, 3281, 0)
(3037, 3786, 3045, 0)
(3100, 3664, 3107, 0)
(3101, 3668, 3109, 0)
(3092, 3598, 3099, 0)
(3082, 3819, 3090, 0)
(3308, 3945, 3317, 0)
(3294, 3884, 3301, 0)
(3125, 3782, 3133, 0)
(3059, 3641, 3066, 0)
(3094, 3730, 3102, 0)
(4575, 5385, 4584, 0)
(3268, 3847, 3276, 0)
(4568, 5535, 4579, 0)
(4604, 5344, 4614, 0)
(4584, 5817, 4593, 0)
(3116, 3672, 3124, 0)
(3112, 3732, 3120, 0)
(3076, 3786, 3085, 0)
(3281, 4040, 3289, 0)
(3120, 3727, 3127, 0)
(3282, 3877, 3290, 0)
(3311, 3932, 3322, 0)
(3101, 3851, 3109, 0)
(3100, 3906, 3108, 0)
(3075, 4113, 3083, 0)
(3083, 3619, 3091, 0)
(3274, 3853, 3282, 0)
(3103, 3541, 3110, 0)
(3069, 3786, 3077, 0)
(3295, 3952, 3303, 0)
(3086, 3807, 3094, 0)
(3085, 3693, 3093, 0)
(3241, 4158, 3249, 0)
(3114, 3685, 3123, 0)
(4556, 5590, 4567, 0)
(4538, 5442, 4550, 0)
(3116, 3702, 3124, 0)
(3118, 3660, 3126, 0)
(3066, 3700, 3077, 0)
(3042, 3700, 3049, 0)
(3113, 3647, 3121, 0)
(3268, 3838, 3278, 0)
(3083, 3631, 3091, 0)
(3090, 3543, 3097, 0)
(3277, 4107, 3286, 0)
(3101, 3634, 3109, 0)
(3109, 3631, 3117, 0)
(3125, 4355, 3134, 0)
(3100, 3656, 3108, 0)
(3109, 3680, 3116, 0)
(3118, 3769, 3127, 0)
(3093, 3958, 3100, 0)
(3079, 3533, 3088, 0)
(3267, 4058, 3276, 0)
(3062, 3658, 3070, 0)
(3103, 3648, 3110, 0)
(3092, 3812, 3099, 0)
(3116, 3607, 3124, 0)
(3068, 3593, 3077, 0)
(3298, 3985, 3306, 0)
(4569, 5495, 4578, 0)
(3109, 3993, 3117, 0)
(4569, 5867, 4578, 0)
(3086, 3648, 3094, 0)
(3104, 3596, 3111, 0)
(3124, 4101, 3132, 0)
(3114, 3753, 3122, 0)
(3128, 3760, 3136, 0)
(3122, 3631, 3131, 0)
(3096, 4028, 3104, 0)
(3248, 3909, 3258, 0)
(3090, 3620, 3098, 0)
(3082, 3523, 3089, 0)
(3111, 3662, 3118, 0)
(3117, 3715, 3126, 0)
(3284, 3777, 3292, 0)
(3090, 3659, 3097, 0)
(3095, 3581, 3103, 0)
(4584, 5316, 4593, 0)
(3077, 3610, 3085, 0)
(6421, 7380, 6430, 0)
(3074, 3578, 3082, 0)
(3117, 3599, 3125, 0)
(3074, 3686, 3082, 0)
(3098, 3660, 3106, 0)
(3093, 3680, 3101, 0)
(3083, 3744, 3090, 0)
(3077, 3558, 3084, 0)
(3063, 3778, 3072, 0)
(3320, 3961, 3328, 0)
(3246, 4230, 3255, 0)
(4579, 5467, 4590, 0)
(3133, 3840, 3144, 0)
(3122, 3663, 3129, 0)
(3273, 3940, 3283, 0)
(3101, 3629, 3109, 0)
(3297, 3918, 3305, 0)
(3311, 3860, 3321, 0)
(3063, 3628, 3071, 0)
(4519, 5278, 4527, 0)
(3107, 3625, 3115, 0)
(3137, 3717, 3146, 0)
(3105, 3623, 3113, 0)
(3101, 3631, 3109, 0)
(3113, 3612, 3121, 0)
(3130, 3565, 3137, 0)
(3077, 3674, 3084, 0)
(3077, 3649, 3085, 0)
(3310, 3950, 3318, 0)
(4611, 5651, 4620, 0)
(4589, 5552, 4598, 0)
(3280, 3812, 3288, 0)
(4805, 5615, 4817, 0)
(3071, 3586, 3079, 0)
(3084, 3672, 3092, 0)
(3123, 3841, 3147, 0)
(3297, 3939, 3304, 0)
(3101, 3778, 3109, 0)
(3087, 3582, 3095, 0)
(3299, 3892, 3307, 0)
(3329, 3841, 3337, 0)
(4583, 5504, 4592, 0)
(3110, 3635, 3118, 0)
(3081, 3558, 3089, 0)
(3128, 3810, 3137, 0)
(4558, 5548, 4567, 0)
(3127, 3820, 3135, 0)
(3083, 3833, 3091, 0)
(3101, 3610, 3109, 0)
(3291, 3951, 3302, 0)
(3122, 3637, 3130, 0)
(3284, 3799, 3292, 0)
(3296, 3922, 3304, 0)
(3125, 3660, 3134, 0)
(3064, 3555, 3073, 0)
(3134, 3671, 3142, 0)
(3136, 3629, 3145, 0)
(4582, 5362, 4591, 0)
(3078, 3678, 3088, 0)
(3110, 3555, 3118, 0)
(4544, 5464, 4553, 0)
(3316, 3833, 3324, 0)
(3100, 3666, 3107, 0)
(3255, 3795, 3264, 0)
(4548, 5458, 4559, 0)
(4596, 5320, 4604, 0)
(3095, 3653, 3103, 0)
(3110, 3600, 3119, 0)
(3253, 3852, 3262, 0)
(3076, 3756, 3084, 0)
(3081, 3600, 3089, 0)
(3095, 3664, 3103, 0)
(3113, 3721, 3122, 0)
(3130, 3677, 3138, 0)
(3132, 3672, 3140, 0)
(3276, 3804, 3285, 0)
(3132, 3710, 3141, 0)
(3100, 3642, 3107, 0)
(3075, 3590, 3083, 0)
(3116, 3583, 3125, 0)
(3122, 3545, 3129, 0)
(3305, 3828, 3313, 0)
(3273, 3813, 3281, 0)
(3081, 3530, 3089, 0)
(3065, 3741, 3073, 0)
(3086, 3682, 3094, 0)
(4581, 5301, 4590, 0)
(4549, 5289, 4558, 0)
(4576, 5545, 4585, 0)
(3248, 3875, 3257, 0)
(3119, 3726, 3128, 0)
(4583, 5283, 4592, 0)
(3094, 3601, 3101, 0)
(3074, 3732, 3082, 0)
(3119, 3654, 3128, 0)
(3258, 3918, 3267, 0)
(3092, 3697, 3099, 0)
(3068, 3607, 3076, 0)
(3099, 3611, 3107, 0)
(3300, 3848, 3308, 0)
(3090, 3562, 3099, 0)
(4811, 5734, 4820, 0)
(4592, 5478, 4601, 0)
(4618, 5293, 4627, 0)
(3298, 3856, 3305, 0)
(3102, 3573, 3109, 0)
(3118, 3656, 3126, 0)
(3107, 3674, 3118, 0)
(4591, 5288, 4600, 0)
(4511, 5233, 4519, 0)
(3059, 3669, 3066, 0)
(3086, 3548, 3094, 0)
(4839, 5592, 4847, 0)
(3078, 3623, 3087, 0)
(3083, 3612, 3091, 0)
(4536, 5220, 4545, 0)
(3083, 3656, 3091, 0)
(3087, 3630, 3096, 0)
(3105, 3620, 3113, 0)
(3112, 3738, 3119, 0)
(3123, 3648, 3130, 0)
(3110, 3625, 3118, 0)
(3106, 3619, 3114, 0)
(3313, 3850, 3321, 0)
(3081, 3720, 3089, 0)
(3137, 3664, 3146, 0)
(3083, 3611, 3091, 0)
(3301, 3870, 3311, 0)
(3087, 3561, 3095, 0)
(3295, 3943, 3303, 0)
(3108, 3756, 3115, 0)
(3073, 3620, 3082, 0)
(3276, 3820, 3284, 0)
(4580, 5383, 4589, 0)
(3320, 3897, 3327, 0)
(3269, 3819, 3278, 0)
(3109, 3642, 3116, 0)
(3116, 3659, 3124, 0)
(3260, 4047, 3268, 0)
(3252, 3889, 3261, 0)
(3288, 3866, 3297, 0)
(3139, 3859, 3147, 0)
(3109, 3743, 3117, 0)
(4585, 5322, 4593, 0)
(3092, 3597, 3100, 0)
(3249, 3828, 3257, 0)
(3270, 3845, 3277, 0)
(3122, 3644, 3130, 0)
(3277, 3927, 3285, 0)
(3247, 3832, 3255, 0)
(4576, 5430, 4585, 0)
(3108, 3746, 3118, 0)
(3093, 3609, 3101, 0)
(3120, 3875, 3128, 0)
(3092, 3585, 3100, 0)
(3104, 3632, 3111, 0)
(3063, 3616, 3071, 0)
(3250, 3780, 3259, 0)
(3288, 3899, 3297, 0)
(3082, 3590, 3089, 0)
(3087, 3585, 3095, 0)
(3320, 3830, 3328, 0)
(3120, 3689, 3128, 0)
(3312, 3910, 3320, 0)
(3121, 3648, 3128, 0)
(3116, 3678, 3125, 0)
(3253, 3831, 3262, 0)
(3081, 3597, 3089, 0)
