(729, 1448, 781, 0)
(324, 458, 339, 0)
(333, 752, 383, 0)
(318, 474, 324, 0)
(315, 425, 321, 0)
(315, 478, 320, 0)
(326, 558, 333, 0)
(326, 531, 342, 0)
(315, 428, 320, 0)
(315, 437, 320, 0)
(317, 476, 326, 0)
(323, 491, 330, 0)
(322, 454, 327, 0)
(316, 445, 321, 0)
(315, 596, 321, 0)
(320, 426, 326, 0)
(332, 530, 383, 0)
(320, 462, 324, 0)
(332, 557, 384, 0)
(792, 1171, 836, 0)
(320, 462, 326, 0)
(315, 446, 333, 0)
(315, 428, 320, 0)
(328, 531, 345, 0)
(315, 533, 321, 0)
(323, 487, 328, 0)
(322, 519, 332, 0)
(320, 511, 326, 0)
(326, 521, 345, 0)
(323, 499, 328, 0)
(337, 477, 383, 0)
(322, 527, 331, 0)
(323, 506, 328, 0)
(315, 486, 321, 0)
(318, 423, 324, 0)
(331, 521, 368, 0)
(323, 511, 328, 0)
(320, 457, 325, 0)
(323, 475, 333, 0)
(331, 582, 370, 0)
(320, 444, 326, 0)
(318, 419, 323, 0)
(320, 423, 326, 0)
(314, 414, 320, 0)
(320, 489, 326, 0)
(314, 400, 320, 0)
(323, 443, 329, 0)
(323, 503, 338, 0)
(316, 524, 333, 0)
(325, 514, 331, 0)
(316, 496, 321, 0)
(323, 536, 331, 0)
(315, 475, 321, 0)
(322, 514, 334, 0)
(319, 544, 324, 0)
(322, 479, 326, 0)
(323, 453, 328, 0)
(793, 1233, 842, 0)
(316, 435, 334, 0)
(321, 422, 325, 0)
(325, 475, 340, 0)
(315, 448, 321, 0)
(320, 445, 325, 0)
(334, 509, 339, 0)
(337, 483, 369, 0)
(327, 485, 339, 0)
(330, 481, 341, 0)
(320, 413, 325, 0)
(324, 493, 335, 0)
(323, 448, 328, 0)
(326, 537, 342, 0)
(328, 476, 333, 0)
(323, 469, 327, 0)
(323, 449, 328, 0)
(314, 532, 321, 0)
(314, 405, 321, 0)
(322, 478, 326, 0)
(319, 460, 324, 0)
(318, 501, 323, 0)
(332, 515, 377, 0)
(320, 417, 325, 0)
(771, 1166, 819, 0)
(319, 460, 325, 0)
(326, 435, 332, 0)
(315, 446, 321, 0)
(324, 471, 331, 0)
(323, 455, 328, 0)
(320, 447, 326, 0)
(315, 435, 320, 0)
(316, 459, 321, 0)
(318, 487, 326, 0)
(319, 430, 326, 0)
(327, 478, 345, 0)
(332, 548, 383, 0)
(333, 484, 380, 0)
(317, 437, 322, 0)
(330, 574, 378, 0)
(315, 463, 321, 0)
(318, 433, 323, 0)
(328, 464, 335, 0)
(314, 461, 320, 0)
(786, 1107, 834, 0)
(326, 508, 344, 0)
(328, 455, 334, 0)
(318, 518, 323, 0)
(318, 879, 325, 0)
(316, 542, 333, 0)
(315, 461, 321, 0)
(315, 400, 320, 0)
(332, 528, 383, 0)
(320, 440, 324, 0)
(325, 465, 329, 0)
(333, 491, 383, 0)
(321, 435, 327, 0)
(332, 508, 379, 0)
(320, 420, 324, 0)
(333, 469, 380, 0)
(323, 452, 328, 0)
(315, 456, 321, 0)
(331, 499, 336, 0)
(321, 452, 331, 0)
(317, 391, 322, 0)
(320, 432, 324, 0)
(321, 413, 326, 0)
(322, 465, 329, 0)
(318, 429, 322, 0)
(323, 467, 329, 0)
(320, 464, 326, 0)
(320, 409, 325, 0)
(321, 414, 325, 0)
(319, 426, 324, 0)
(325, 581, 348, 0)
(342, 524, 352, 0)
(327, 473, 332, 0)
(317, 439, 334, 0)
(320, 456, 326, 0)
(314, 408, 320, 0)
(323, 506, 328, 0)
(316, 403, 322, 0)
(332, 499, 383, 0)
(324, 482, 329, 0)
(319, 412, 324, 0)
(315, 534, 321, 0)
(319, 436, 325, 0)
(841, 1160, 894, 0)
(316, 452, 333, 0)
(314, 443, 321, 0)
(317, 440, 323, 0)
(329, 517, 379, 0)
(324, 441, 329, 0)
(752, 1014, 804, 0)
(766, 1126, 804, 0)
(331, 493, 379, 0)
(316, 493, 336, 0)
(320, 444, 327, 0)
(318, 489, 327, 0)
(322, 469, 327, 0)
(319, 424, 324, 0)
(330, 464, 335, 0)
(323, 448, 326, 0)
(319, 438, 324, 0)
(314, 400, 321, 0)
(320, 447, 325, 0)
(320, 419, 325, 0)
(323, 458, 338, 0)
(318, 440, 323, 0)
(331, 474, 379, 0)
(317, 397, 322, 0)
(323, 438, 328, 0)
(333, 441, 338, 0)
(324, 500, 333, 0)
(314, 412, 320, 0)
(316, 456, 322, 0)
(326, 459, 332, 0)
(319, 437, 336, 0)
(326, 506, 333, 0)
(318, 450, 323, 0)
(776, 1054, 817, 0)
(319, 453, 325, 0)
(320, 405, 325, 0)
(314, 438, 319, 0)
(316, 486, 334, 0)
(327, 433, 332, 0)
(318, 476, 323, 0)
(320, 509, 325, 0)
(316, 439, 325, 0)
(330, 510, 380, 0)
(326, 535, 332, 0)
(321, 449, 327, 0)
(332, 493, 384, 0)
(315, 416, 320, 0)
(320, 462, 325, 0)
(332, 501, 384, 0)
(315, 441, 321, 0)
(323, 459, 327, 0)
(320, 430, 325, 0)
(320, 470, 325, 0)
(322, 437, 337, 0)
(331, 484, 380, 0)
(316, 399, 321, 0)
(331, 484, 379, 0)
(314, 413, 321, 0)
(774, 1095, 836, 0)
(330, 449, 379, 0)
(316, 400, 321, 0)
(317, 435, 324, 0)
(324, 542, 339, 0)
(315, 487, 321, 0)
(317, 470, 321, 0)
(317, 462, 334, 0)
(331, 475, 379, 0)
(335, 533, 382, 0)
(316, 445, 321, 0)
(318, 443, 322, 0)
(332, 576, 384, 0)
(315, 457, 333, 0)
(318, 428, 324, 0)
(320, 455, 325, 0)
(329, 518, 338, 0)
(318, 429, 323, 0)
(322, 469, 329, 0)
(327, 495, 333, 0)
(790, 1224, 838, 0)
(795, 1110, 845, 0)
(318, 418, 322, 0)
(329, 492, 340, 0)
(330, 491, 378, 0)
(320, 446, 325, 0)
(314, 411, 320, 0)
(317, 444, 323, 0)
(320, 442, 325, 0)
(845, 1194, 896, 0)
(322, 520, 331, 0)
(315, 454, 321, 0)
(316, 497, 320, 0)
(775, 1264, 832, 0)
(319, 435, 323, 0)
(319, 428, 324, 0)
(325, 485, 332, 0)
(319, 496, 326, 0)
(316, 416, 321, 0)
(316, 474, 323, 0)
(319, 436, 325, 0)
(315, 454, 321, 0)
(334, 482, 382, 0)
(318, 429, 324, 0)
(315, 458, 321, 0)
(789, 1103, 829, 0)
(330, 492, 379, 0)
(331, 516, 341, 0)
(333, 474, 368, 0)
(329, 495, 367, 0)
(317, 412, 323, 0)
(323, 487, 329, 0)
(327, 410, 332, 0)
(326, 451, 332, 0)
(321, 410, 326, 0)
(334, 485, 367, 0)
(320, 465, 325, 0)
(327, 471, 379, 0)
(320, 436, 325, 0)
(316, 498, 323, 0)
(331, 504, 379, 0)
(319, 491, 323, 0)
(318, 459, 324, 0)
(317, 435, 329, 0)
(323, 505, 328, 0)
(333, 496, 383, 0)
(317, 464, 333, 0)
(792, 1137, 828, 0)
(318, 486, 324, 0)
(322, 419, 327, 0)
(319, 461, 327, 0)
(321, 470, 325, 0)
(315, 484, 321, 0)
(315, 409, 320, 0)
(323, 503, 339, 0)
(328, 483, 379, 0)
(318, 497, 323, 0)
(333, 508, 342, 0)
(316, 402, 320, 0)
(329, 442, 379, 0)
(318, 442, 325, 0)
(314, 424, 321, 0)
(330, 510, 379, 0)
(316, 422, 320, 0)
(320, 436, 326, 0)
(314, 410, 321, 0)
(333, 499, 384, 0)
(319, 457, 324, 0)
(786, 1179, 844, 0)
(317, 421, 323, 0)
(327, 468, 332, 0)
(339, 472, 367, 0)
(331, 486, 373, 0)
(316, 513, 333, 0)
(315, 391, 321, 0)
(325, 571, 335, 0)
(314, 449, 321, 0)
(315, 418, 320, 0)
(323, 474, 332, 0)
(1557, 2025, 1603, 0)
(334, 501, 366, 0)
(317, 454, 323, 0)
(329, 500, 345, 0)
(784, 1063, 823, 0)
(315, 408, 321, 0)
(325, 544, 334, 0)
(322, 544, 326, 0)
(315, 431, 321, 0)
(316, 427, 326, 0)
(318, 469, 333, 0)
(315, 434, 321, 0)
(318, 477, 329, 0)
(315, 450, 322, 0)
(323, 431, 329, 0)
(319, 437, 324, 0)
(315, 429, 320, 0)
(328, 497, 335, 0)
(318, 422, 323, 0)
(330, 512, 378, 0)
(317, 413, 321, 0)
(319, 388, 324, 0)
(319, 475, 324, 0)
(315, 500, 320, 0)
(316, 460, 333, 0)
(319, 437, 331, 0)
(327, 447, 333, 0)
(320, 444, 325, 0)
(325, 474, 331, 0)
(326, 511, 334, 0)
(315, 441, 322, 0)
(328, 470, 345, 0)
(316, 444, 323, 0)
(315, 440, 320, 0)
(320, 471, 325, 0)
(326, 507, 336, 0)
(323, 488, 328, 0)
(322, 483, 327, 0)
(320, 435, 327, 0)
(326, 514, 334, 0)
(318, 420, 323, 0)
(320, 448, 324, 0)
(319, 484, 324, 0)
(327, 445, 332, 0)
(324, 490, 329, 0)
(315, 434, 321, 0)
(315, 393, 322, 0)
(326, 525, 343, 0)
(317, 412, 322, 0)
(329, 466, 378, 0)
(323, 491, 329, 0)
(316, 433, 321, 0)
(326, 491, 331, 0)
(325, 497, 335, 0)
(325, 452, 329, 0)
(316, 507, 333, 0)
(771, 1104, 832, 0)
(322, 474, 330, 0)
(319, 448, 327, 0)
(318, 473, 323, 0)
(313, 442, 319, 0)
(317, 437, 322, 0)
(317, 557, 327, 0)
(320, 456, 325, 0)
(326, 465, 331, 0)
(313, 443, 321, 0)
(322, 468, 327, 0)
(316, 443, 321, 0)
(332, 485, 385, 0)
(327, 474, 379, 0)
(330, 483, 378, 0)
(315, 474, 325, 0)
(318, 432, 324, 0)
(315, 480, 320, 0)
(1612, 2187, 1658, 0)
(316, 459, 321, 0)
(317, 450, 325, 0)
(318, 457, 327, 0)
(315, 503, 321, 0)
(330, 492, 378, 0)
(315, 425, 321, 0)
(315, 432, 321, 0)
(331, 481, 360, 0)
(326, 491, 332, 0)
(332, 500, 382, 0)
(316, 413, 333, 0)
(318, 513, 328, 0)
(318, 517, 324, 0)
(317, 450, 334, 0)
(771, 1128, 832, 0)
(316, 433, 321, 0)
(321, 419, 327, 0)
(319, 492, 324, 0)
(314, 415, 319, 0)
(315, 445, 333, 0)
(319, 505, 325, 0)
(323, 479, 328, 0)
(319, 425, 323, 0)
(324, 518, 329, 0)
(333, 486, 383, 0)
(315, 474, 321, 0)
(332, 499, 384, 0)
(324, 461, 332, 0)
(325, 508, 336, 0)
(326, 454, 336, 0)
(325, 415, 330, 0)
(319, 410, 324, 0)
(319, 426, 324, 0)
(326, 503, 332, 0)
(318, 408, 323, 0)
(315, 389, 322, 0)
(320, 451, 323, 0)
(323, 474, 328, 0)
(325, 453, 330, 0)
(323, 493, 328, 0)
(317, 467, 323, 0)
(320, 437, 326, 0)
(316, 460, 322, 0)
(325, 520, 329, 0)
(767, 1063, 820, 0)
(315, 476, 322, 0)
(320, 499, 325, 0)
(326, 514, 339, 0)
(325, 457, 330, 0)
(326, 491, 332, 0)
(323, 473, 328, 0)
(326, 547, 333, 0)
(316, 525, 326, 0)
(325, 424, 330, 0)
(322, 412, 328, 0)
(315, 438, 320, 0)
(316, 465, 333, 0)
(319, 536, 324, 0)
(318, 523, 335, 0)
(326, 468, 332, 0)
(825, 1168, 886, 0)
(316, 428, 321, 0)
(320, 444, 325, 0)
(330, 503, 379, 0)
(332, 492, 382, 0)
(319, 438, 324, 0)
(315, 430, 322, 0)
(331, 483, 380, 0)
(322, 522, 332, 0)
(775, 1263, 830, 0)
(315, 437, 322, 0)
(318, 449, 323, 0)
(324, 464, 330, 0)
(319, 411, 325, 0)
(319, 429, 324, 0)
(316, 401, 322, 0)
(333, 511, 384, 0)
(315, 435, 320, 0)
(315, 476, 322, 0)
(320, 421, 324, 0)
(319, 454, 324, 0)
(330, 488, 373, 0)
(1613, 2289, 1650, 0)
(322, 477, 327, 0)
(320, 503, 325, 0)
(330, 517, 381, 0)
(317, 457, 322, 0)
(319, 437, 324, 0)
(323, 456, 328, 0)
(320, 470, 326, 0)
(325, 488, 339, 0)
(327, 473, 333, 0)
(320, 466, 327, 0)
(317, 482, 334, 0)
(796, 1161, 848, 0)
(327, 493, 332, 0)
(319, 443, 325, 0)
(316, 467, 322, 0)
(314, 490, 321, 0)
(316, 378, 322, 0)
(316, 593, 333, 0)
(315, 391, 319, 0)
(319, 402, 324, 0)
(1583, 1950, 1639, 0)
(321, 540, 331, 0)
(316, 449, 321, 0)
(330, 472, 379, 0)
(325, 543, 338, 0)
(318, 463, 324, 0)
(316, 504, 333, 0)
(323, 469, 328, 0)
(319, 431, 324, 0)
(330, 462, 377, 0)
(325, 458, 332, 0)
(330, 477, 379, 0)
(333, 529, 384, 0)
(316, 495, 326, 0)
(322, 531, 327, 0)
(328, 421, 332, 0)
(768, 1055, 821, 0)
(326, 468, 333, 0)
(321, 451, 326, 0)
(324, 487, 334, 0)
(314, 485, 320, 0)
(325, 548, 336, 0)
(319, 450, 325, 0)
(315, 420, 321, 0)
(315, 435, 322, 0)
(316, 489, 326, 0)
(319, 469, 325, 0)
(315, 487, 321, 0)
(314, 424, 322, 0)
(320, 471, 331, 0)
(315, 421, 322, 0)
(320, 444, 325, 0)
(321, 427, 325, 0)
(318, 414, 323, 0)
(333, 548, 383, 0)
(798, 1007, 854, 0)
(316, 414, 321, 0)
(320, 468, 326, 0)
(316, 517, 333, 0)
(332, 484, 384, 0)
(317, 455, 323, 0)
(323, 488, 328, 0)
(324, 448, 328, 0)
(323, 435, 327, 0)
(334, 498, 384, 0)
(320, 417, 327, 0)
(315, 403, 321, 0)
(328, 492, 379, 0)
(315, 453, 321, 0)
(330, 480, 352, 0)
(318, 436, 323, 0)
(316, 449, 321, 0)
(316, 518, 334, 0)
(319, 439, 325, 0)
(314, 398, 320, 0)
(320, 483, 326, 0)
(317, 417, 323, 0)
(315, 427, 321, 0)
(315, 449, 321, 0)
(320, 488, 336, 0)
(327, 435, 331, 0)
(323, 500, 328, 0)
(320, 459, 325, 0)
(320, 490, 331, 0)
(322, 463, 328, 0)
(1591, 2167, 1638, 0)
(323, 429, 327, 0)
(314, 436, 320, 0)
(315, 441, 320, 0)
(318, 449, 324, 0)
(323, 524, 328, 0)
(320, 456, 326, 0)
(320, 440, 325, 0)
(1610, 2201, 1657, 0)
(315, 413, 324, 0)
(325, 482, 337, 0)
(326, 479, 332, 0)
(315, 538, 326, 0)
(320, 464, 326, 0)
(327, 423, 332, 0)
(332, 542, 383, 0)
(317, 441, 323, 0)
(332, 536, 379, 0)
(331, 544, 380, 0)
(325, 452, 330, 0)
(321, 430, 325, 0)
(343, 533, 362, 0)
(767, 1077, 826, 0)
(322, 457, 339, 0)
(315, 437, 321, 0)
(320, 463, 328, 0)
(318, 475, 323, 0)
(326, 509, 332, 0)
(320, 462, 325, 0)
(326, 521, 332, 0)
(319, 476, 326, 0)
(316, 406, 322, 0)
(321, 462, 328, 0)
(328, 478, 339, 0)
(318, 584, 324, 0)
(323, 475, 328, 0)
(319, 496, 331, 0)
(315, 460, 326, 0)
(325, 605, 362, 0)
(328, 498, 346, 0)
(320, 461, 325, 0)
(315, 430, 321, 0)
(317, 465, 325, 0)
(316, 441, 326, 0)
(319, 433, 323, 0)
(316, 472, 323, 0)
(316, 394, 323, 0)
(782, 1165, 830, 0)
(336, 474, 385, 0)
(315, 436, 321, 0)
(315, 410, 320, 0)
(319, 418, 324, 0)
(319, 467, 325, 0)
(315, 414, 321, 0)
(315, 429, 321, 0)
(320, 432, 325, 0)
(320, 564, 337, 0)
(319, 443, 325, 0)
(322, 471, 328, 0)
(338, 531, 348, 0)
(320, 428, 326, 0)
(326, 445, 332, 0)
(331, 533, 378, 0)
(323, 441, 329, 0)
(322, 465, 326, 0)
(317, 504, 323, 0)
(315, 437, 321, 0)
(316, 458, 322, 0)
(316, 468, 334, 0)
(315, 470, 325, 0)
(316, 526, 333, 0)
(315, 399, 322, 0)
(322, 489, 327, 0)
(320, 435, 325, 0)
(327, 477, 338, 0)
(318, 411, 324, 0)
(332, 481, 385, 0)
(772, 1126, 806, 0)
(325, 467, 329, 0)
(319, 405, 325, 0)
(320, 456, 326, 0)
(320, 499, 328, 0)
(323, 490, 328, 0)
(338, 481, 386, 0)
(318, 408, 324, 0)
(326, 543, 334, 0)
(315, 497, 320, 0)
(319, 462, 325, 0)
(338, 461, 349, 0)
(326, 463, 337, 0)
(314, 417, 320, 0)
(326, 505, 334, 0)
(320, 406, 325, 0)
(320, 461, 325, 0)
(314, 433, 320, 0)
(316, 450, 322, 0)
(326, 516, 337, 0)
(323, 423, 329, 0)
(323, 461, 328, 0)
(319, 436, 325, 0)
(323, 472, 338, 0)
(332, 492, 384, 0)
(322, 529, 332, 0)
(314, 411, 320, 0)
(330, 517, 379, 0)
(320, 448, 326, 0)
(317, 501, 334, 0)
(315, 487, 326, 0)
(317, 459, 322, 0)
(315, 505, 322, 0)
(318, 445, 323, 0)
(320, 475, 326, 0)
(330, 510, 378, 0)
(323, 470, 331, 0)
(320, 476, 328, 0)
(334, 490, 364, 0)
(319, 477, 324, 0)
(316, 505, 334, 0)
(328, 491, 347, 0)
(319, 454, 325, 0)
(320, 405, 325, 0)
(332, 514, 384, 0)
(331, 491, 354, 0)
(319, 467, 324, 0)
(318, 544, 336, 0)
(323, 475, 333, 0)
(316, 448, 322, 0)
(319, 413, 324, 0)
(788, 1037, 837, 0)
(333, 551, 381, 0)
(322, 484, 332, 0)
(319, 445, 327, 0)
(315, 434, 321, 0)
(315, 434, 321, 0)
(326, 462, 332, 0)
(316, 444, 322, 0)
(315, 453, 321, 0)
(320, 508, 324, 0)
(320, 436, 325, 0)
(322, 434, 327, 0)
(319, 441, 325, 0)
(323, 462, 329, 0)
(315, 464, 321, 0)
(323, 434, 328, 0)
(332, 506, 384, 0)
(334, 457, 383, 0)
(316, 461, 333, 0)
(326, 484, 333, 0)
(795, 1288, 840, 0)
(321, 482, 326, 0)
(319, 529, 327, 0)
(316, 483, 321, 0)
(315, 424, 320, 0)
(328, 422, 333, 0)
(326, 500, 331, 0)
(317, 466, 322, 0)
(325, 518, 338, 0)
(331, 474, 380, 0)
(315, 463, 321, 0)
(315, 426, 321, 0)
(332, 541, 384, 0)
(325, 485, 337, 0)
(335, 532, 386, 0)
(317, 496, 323, 0)
(322, 445, 328, 0)
(780, 1096, 829, 0)
(322, 482, 327, 0)
(320, 517, 326, 0)
(317, 415, 323, 0)
(316, 433, 322, 0)
(315, 436, 321, 0)
(334, 520, 386, 0)
(327, 487, 342, 0)
(332, 499, 384, 0)
(319, 410, 325, 0)
(315, 426, 320, 0)
(315, 479, 321, 0)
(326, 476, 331, 0)
(332, 535, 384, 0)
(317, 409, 324, 0)
(319, 456, 324, 0)
(325, 408, 331, 0)
(321, 411, 326, 0)
(323, 448, 329, 0)
(315, 440, 320, 0)
(315, 448, 321, 0)
(330, 492, 379, 0)
(324, 503, 332, 0)
(315, 443, 321, 0)
(315, 480, 320, 0)
(324, 463, 328, 0)
(326, 557, 332, 0)
(322, 490, 330, 0)
(314, 440, 319, 0)
(314, 439, 320, 0)
(324, 456, 329, 0)
(320, 485, 325, 0)
(328, 462, 339, 0)
(319, 415, 325, 0)
(315, 431, 321, 0)
(317, 397, 322, 0)
(320, 443, 325, 0)
(320, 424, 325, 0)
(331, 470, 379, 0)
(326, 426, 332, 0)
(319, 460, 324, 0)
(323, 450, 328, 0)
(326, 539, 342, 0)
(323, 439, 327, 0)
(321, 416, 326, 0)
(325, 495, 333, 0)
(319, 502, 325, 0)
(323, 466, 328, 0)
(326, 464, 331, 0)
(333, 489, 367, 0)
(316, 557, 334, 0)
(322, 424, 326, 0)
(323, 506, 332, 0)
(326, 464, 331, 0)
(314, 419, 321, 0)
(315, 465, 320, 0)
(320, 416, 326, 0)
(319, 442, 325, 0)
(315, 465, 322, 0)
(319, 494, 325, 0)
(325, 497, 342, 0)
(332, 535, 383, 0)
(321, 419, 325, 0)
(315, 433, 325, 0)
(331, 541, 363, 0)
(314, 487, 325, 0)
(315, 432, 321, 0)
(323, 475, 329, 0)
(826, 1208, 884, 0)
(323, 456, 328, 0)
(322, 489, 328, 0)
(314, 405, 320, 0)
(326, 426, 331, 0)
(319, 426, 323, 0)
(332, 499, 383, 0)
(315, 462, 321, 0)
(315, 501, 325, 0)
(319, 398, 324, 0)
(326, 418, 333, 0)
(337, 442, 383, 0)
(768, 1002, 812, 0)
(324, 432, 329, 0)
(318, 440, 324, 0)
(323, 444, 330, 0)
(314, 469, 320, 0)
(336, 484, 384, 0)
(315, 466, 333, 0)
(316, 377, 321, 0)
(320, 430, 326, 0)
(320, 453, 326, 0)
(320, 445, 325, 0)
(316, 439, 334, 0)
(317, 399, 323, 0)
(314, 455, 321, 0)
(324, 401, 326, 0)
(322, 466, 337, 0)
(326, 474, 343, 0)
(316, 404, 322, 0)
(330, 466, 380, 0)
(320, 404, 325, 0)
(314, 400, 320, 0)
(314, 419, 322, 0)
(322, 468, 327, 0)
(324, 450, 329, 0)
(315, 411, 320, 0)
(315, 406, 321, 0)
(320, 420, 328, 0)
(315, 426, 321, 0)
(317, 392, 321, 0)
(325, 472, 335, 0)
(323, 434, 328, 0)
(323, 448, 329, 0)
(315, 395, 321, 0)
(786, 1054, 842, 0)
(317, 417, 323, 0)
(315, 463, 325, 0)
(323, 422, 328, 0)
(325, 465, 332, 0)
(332, 499, 383, 0)
(319, 426, 326, 0)
(325, 507, 331, 0)
(320, 421, 325, 0)
(321, 431, 325, 0)
(315, 439, 320, 0)
(316, 423, 322, 0)
(321, 421, 328, 0)
(3911, 4495, 3920, 0)
(324, 462, 333, 0)
(315, 421, 321, 0)
(314, 380, 319, 0)
(328, 440, 333, 0)
(318, 485, 338, 0)
(316, 474, 334, 0)
(332, 475, 383, 0)
(314, 420, 321, 0)
(317, 416, 323, 0)
(318, 429, 325, 0)
(328, 433, 332, 0)
(790, 1028, 835, 0)
(323, 442, 328, 0)
(321, 468, 329, 0)
(318, 457, 323, 0)
(313, 437, 319, 0)
(791, 1110, 842, 0)
(317, 478, 333, 0)
(317, 383, 323, 0)
(320, 440, 325, 0)
(319, 409, 325, 0)
(317, 546, 323, 0)
(316, 444, 322, 0)
(315, 482, 326, 0)
(316, 398, 321, 0)
(330, 499, 379, 0)
(318, 465, 334, 0)
(318, 418, 324, 0)
(323, 423, 327, 0)
(318, 407, 324, 0)
(328, 506, 344, 0)
(326, 471, 331, 0)
(314, 404, 320, 0)
(315, 514, 334, 0)
(325, 427, 329, 0)
(322, 459, 330, 0)
(315, 436, 319, 0)
(313, 396, 320, 0)
(315, 473, 326, 0)
(325, 430, 332, 0)
(317, 443, 323, 0)
(333, 461, 385, 0)
(325, 448, 332, 0)
(321, 473, 339, 0)
(324, 451, 328, 0)
(321, 466, 328, 0)
(336, 465, 384, 0)
(767, 1053, 813, 0)
(314, 412, 321, 0)
(320, 465, 326, 0)
(329, 468, 333, 0)
(334, 488, 345, 0)
(316, 410, 322, 0)
(323, 447, 328, 0)
(326, 450, 330, 0)
(319, 417, 326, 0)
(325, 478, 336, 0)
(325, 498, 329, 0)
(328, 462, 347, 0)
(322, 473, 328, 0)
(323, 439, 329, 0)
(330, 559, 379, 0)
(315, 607, 322, 0)
(332, 487, 380, 0)
(317, 426, 322, 0)
(331, 486, 351, 0)
(334, 521, 382, 0)
(331, 487, 377, 0)
(318, 396, 325, 0)
(328, 461, 344, 0)
(326, 426, 332, 0)
(319, 418, 324, 0)
(329, 550, 379, 0)
(320, 453, 324, 0)
(324, 473, 329, 0)
(315, 576, 319, 0)
(332, 512, 355, 0)
(314, 441, 321, 0)
(326, 459, 332, 0)
(320, 429, 325, 0)
(321, 420, 326, 0)
(842, 1150, 893, 0)
(317, 425, 323, 0)
(314, 454, 321, 0)
(318, 403, 323, 0)
(320, 569, 326, 0)
(817, 1052, 878, 0)
(318, 419, 324, 0)
(323, 464, 330, 0)
(323, 437, 328, 0)
(315, 412, 320, 0)
(320, 433, 325, 0)
(324, 434, 329, 0)
(322, 487, 333, 0)
(326, 428, 331, 0)
(322, 441, 328, 0)
(319, 472, 323, 0)
(316, 452, 333, 0)
(318, 405, 325, 0)
(323, 504, 328, 0)
(317, 376, 321, 0)
(315, 437, 333, 0)
(316, 396, 322, 0)
(323, 426, 329, 0)
(323, 486, 328, 0)
(315, 455, 323, 0)
(320, 409, 325, 0)
(323, 463, 329, 0)
(325, 447, 330, 0)
(320, 446, 326, 0)
(318, 449, 323, 0)
(321, 406, 326, 0)
(317, 511, 327, 0)
(330, 494, 380, 0)
(332, 475, 383, 0)
(320, 455, 330, 0)
(313, 428, 320, 0)
(323, 413, 329, 0)
(1644, 2033, 1687, 0)
(327, 451, 346, 0)
(322, 457, 331, 0)
(314, 399, 322, 0)
(318, 421, 323, 0)
(322, 431, 326, 0)
(317, 471, 323, 0)
(322, 476, 331, 0)
(323, 441, 327, 0)
(321, 420, 324, 0)
(322, 424, 327, 0)
(327, 444, 334, 0)
(331, 505, 379, 0)
(326, 457, 342, 0)
(322, 495, 333, 0)
(326, 466, 339, 0)
(315, 394, 320, 0)
(795, 1118, 846, 0)
(331, 618, 360, 0)
(318, 389, 326, 0)
(332, 546, 383, 0)
(320, 456, 326, 0)
(778, 1196, 837, 0)
(320, 464, 326, 0)
(317, 419, 322, 0)
(794, 1105, 837, 0)
(316, 402, 322, 0)
(317, 394, 322, 0)
(317, 470, 328, 0)
(341, 521, 367, 0)
(326, 474, 332, 0)
(319, 481, 326, 0)
(316, 457, 333, 0)
(319, 436, 328, 0)
(791, 1087, 841, 0)
(319, 438, 323, 0)
(320, 459, 326, 0)
(320, 429, 324, 0)
(326, 450, 332, 0)
(323, 477, 332, 0)
(319, 429, 323, 0)
(327, 451, 333, 0)
(330, 472, 378, 0)
(314, 392, 321, 0)
(313, 401, 321, 0)
(315, 435, 320, 0)
