(905, 1260, 951, 0)
(905, 1322, 951, 0)
(900, 1365, 958, 0)
(890, 1251, 946, 0)
(914, 1325, 964, 0)
(897, 1257, 954, 0)
(893, 1285, 938, 0)
(905, 1349, 952, 0)
(898, 1331, 947, 0)
(899, 1296, 940, 0)
(892, 1245, 936, 0)
(930, 1333, 975, 0)
(890, 1259, 933, 0)
(899, 1280, 945, 0)
(893, 1289, 939, 0)
(894, 1342, 945, 0)
(885, 1251, 946, 0)
(861, 1282, 926, 0)
(916, 1285, 966, 0)
(892, 1303, 932, 0)
(934, 1389, 995, 0)
(899, 1306, 950, 0)
(889, 1344, 946, 0)
(894, 1281, 937, 0)
(893, 1294, 946, 0)
(900, 1355, 951, 0)
(899, 1298, 947, 0)
(891, 1337, 944, 0)
(885, 1268, 938, 0)
(896, 1590, 947, 0)
(1831, 2392, 1860, 0)
(905, 1300, 960, 0)
(910, 1317, 956, 0)
(1876, 2458, 1922, 0)
(905, 1345, 960, 0)
(896, 1335, 948, 0)
(906, 1239, 953, 0)
(887, 1339, 940, 0)
(862, 1281, 925, 0)
(906, 1392, 950, 0)
(915, 1288, 964, 0)
(889, 1307, 947, 0)
(885, 1259, 945, 0)
(897, 1341, 950, 0)
(1826, 2582, 1863, 0)
(899, 1264, 957, 0)
(906, 1374, 952, 0)
(921, 1686, 957, 0)
(904, 1287, 944, 0)
(895, 1362, 944, 0)
(906, 1367, 950, 0)
(887, 1235, 930, 0)
(1839, 2727, 1873, 0)
(1945, 2756, 1991, 0)
(901, 1494, 956, 0)
(903, 1346, 951, 0)
(898, 1366, 953, 0)
(905, 1355, 947, 0)
(887, 1261, 926, 0)
(887, 1280, 941, 0)
(905, 1241, 949, 0)
(902, 1454, 952, 0)
(876, 1290, 939, 0)
(893, 1406, 950, 0)
(903, 1465, 955, 0)
(897, 1389, 946, 0)
(899, 1358, 957, 0)
(887, 1359, 939, 0)
(889, 1390, 942, 0)
(884, 1226, 935, 0)
(886, 1300, 938, 0)
(887, 1265, 936, 0)
(899, 1309, 962, 0)
(1840, 2471, 1878, 0)
(910, 1308, 958, 0)
(890, 1234, 946, 0)
(886, 1267, 924, 0)
(889, 1320, 936, 0)
(904, 1407, 946, 0)
(885, 1275, 938, 0)
(907, 1303, 956, 0)
(888, 1330, 945, 0)
(896, 1304, 945, 0)
(890, 1372, 945, 0)
(927, 1339, 981, 0)
(901, 1292, 961, 0)
(892, 1305, 948, 0)
(888, 1251, 942, 0)
(881, 1320, 943, 0)
(884, 1218, 925, 0)
(905, 1280, 948, 0)
(889, 1201, 926, 0)
(900, 1358, 953, 0)
(890, 1553, 946, 0)
(900, 1431, 951, 0)
(913, 1233, 957, 0)
(908, 1442, 959, 0)
(886, 1378, 929, 0)
(901, 1278, 945, 0)
(912, 1360, 966, 0)
(892, 1304, 939, 0)
(899, 1277, 948, 0)
(1828, 2520, 1877, 0)
(894, 1302, 940, 0)
(882, 1354, 953, 0)
(1887, 2391, 1925, 0)
(906, 1303, 945, 0)
(906, 1314, 943, 0)
(886, 1250, 937, 0)
(863, 1275, 925, 0)
(911, 1235, 958, 0)
(894, 1271, 943, 0)
(903, 1360, 946, 0)
(887, 1342, 944, 0)
(888, 1303, 930, 0)
(900, 1286, 948, 0)
(903, 1490, 944, 0)
(922, 1432, 970, 0)
(890, 1231, 945, 0)
(890, 1200, 945, 0)
(917, 1386, 989, 0)
(908, 1337, 950, 0)
(900, 1481, 945, 0)
(892, 1281, 934, 0)
(887, 1476, 938, 0)
(903, 1383, 949, 0)
(888, 1246, 953, 0)
(934, 1365, 1015, 0)
(903, 1193, 961, 0)
(884, 1214, 921, 0)
(904, 1244, 944, 0)
(888, 1232, 936, 0)
(906, 1260, 954, 0)
(887, 1281, 950, 0)
(897, 1336, 946, 0)
(899, 1348, 948, 0)
(881, 1299, 934, 0)
(905, 1296, 955, 0)
(2471, 3450, 2574, 0)
(891, 1323, 946, 0)
(889, 1347, 931, 0)
(901, 1307, 951, 0)
(900, 1298, 959, 0)
(899, 1314, 948, 0)
(917, 1285, 968, 0)
(921, 1314, 964, 0)
(1817, 2431, 1913, 0)
(907, 1234, 953, 0)
(897, 1232, 945, 0)
(904, 1430, 963, 0)
(895, 1457, 944, 0)
(890, 1259, 943, 0)
(882, 1298, 952, 0)
(1815, 2468, 1897, 0)
(882, 1180, 940, 0)
(888, 1309, 936, 0)
(934, 1285, 989, 0)
(894, 1303, 932, 0)
(900, 1305, 953, 0)
(938, 1363, 986, 0)
(909, 1442, 954, 0)
(885, 1256, 940, 0)
(879, 1245, 937, 0)
(893, 1269, 960, 0)
(898, 1297, 949, 0)
(905, 1355, 959, 0)
(862, 1291, 926, 0)
(1832, 2721, 1871, 0)
(921, 1283, 976, 0)
(894, 1312, 943, 0)
(889, 1322, 946, 0)
(912, 1428, 967, 0)
(915, 1324, 958, 0)
(921, 1267, 963, 0)
(895, 1325, 943, 0)
(1828, 2471, 1872, 0)
(1832, 2608, 1895, 0)
(887, 1283, 929, 0)
(914, 1378, 960, 0)
(891, 1356, 935, 0)
(895, 1273, 945, 0)
(885, 1229, 930, 0)
(889, 1253, 945, 0)
(886, 1329, 947, 0)
(912, 1353, 958, 0)
(885, 1284, 934, 0)
(887, 1269, 938, 0)
(902, 1296, 945, 0)
(924, 1279, 968, 0)
(1827, 2454, 1855, 0)
(899, 1265, 949, 0)
(897, 1415, 948, 0)
(889, 1229, 936, 0)
(893, 1277, 946, 0)
(890, 1362, 964, 0)
(883, 1465, 941, 0)
(884, 1262, 937, 0)
(905, 1247, 939, 0)
(898, 1271, 946, 0)
(903, 1356, 957, 0)
(889, 1238, 947, 0)
(1874, 2750, 1927, 0)
(884, 1304, 951, 0)
(898, 1286, 940, 0)
(894, 1338, 946, 0)
(903, 1311, 945, 0)
(929, 1469, 988, 0)
(883, 1416, 952, 0)
(890, 1229, 944, 0)
(882, 1274, 936, 0)
(906, 1379, 951, 0)
(1820, 2615, 1856, 0)
(891, 1304, 946, 0)
(886, 1226, 925, 0)
(903, 1259, 942, 0)
(904, 1386, 946, 0)
(916, 1411, 977, 0)
(1833, 2813, 1866, 0)
(901, 1254, 947, 0)
(893, 1351, 941, 0)
(905, 1382, 950, 0)
(888, 1770, 939, 0)
(904, 1616, 955, 0)
(933, 1554, 995, 0)
(897, 1578, 954, 0)
(896, 1554, 951, 0)
(920, 1430, 979, 0)
(893, 1453, 947, 0)
(905, 1386, 956, 0)
(885, 1522, 958, 0)
(914, 1572, 957, 0)
(927, 2956, 978, 0)
(903, 2517, 958, 0)
(887, 2753, 944, 0)
(893, 2606, 940, 0)
(873, 1594, 935, 0)
(1896, 2612, 1924, 0)
(909, 1645, 955, 0)
(919, 1419, 964, 0)
(883, 1401, 940, 0)
(895, 1390, 944, 0)
(889, 1519, 946, 0)
(1873, 2678, 1907, 0)
(916, 1546, 963, 0)
(1831, 2758, 1865, 0)
(906, 1393, 951, 0)
(888, 1471, 948, 0)
(919, 1431, 968, 0)
(897, 1613, 951, 0)
(890, 1363, 944, 0)
(896, 1533, 953, 0)
(1879, 2733, 1913, 0)
(906, 1521, 950, 0)
(912, 1394, 961, 0)
(1838, 2859, 1879, 0)
(909, 1342, 951, 0)
(890, 1604, 934, 0)
(900, 1392, 944, 0)
(884, 1441, 942, 0)
(885, 1391, 925, 0)
(885, 1521, 940, 0)
(893, 1452, 933, 0)
(898, 1409, 956, 0)
(880, 1427, 930, 0)
(902, 1685, 951, 0)
(901, 1441, 954, 0)
(905, 1340, 949, 0)
(915, 1686, 987, 0)
(885, 1567, 938, 0)
(867, 1492, 927, 0)
(907, 1429, 960, 0)
(881, 1325, 933, 0)
(906, 1449, 944, 0)
(886, 1429, 943, 0)
(912, 1358, 962, 0)
(883, 1397, 940, 0)
(910, 1548, 961, 0)
(906, 1578, 949, 0)
(910, 1388, 959, 0)
(920, 1446, 970, 0)
(913, 1323, 957, 0)
(908, 1574, 956, 0)
(881, 1527, 940, 0)
(897, 1472, 938, 0)
(902, 1407, 954, 0)
(888, 1524, 951, 0)
(885, 1527, 939, 0)
(900, 1322, 946, 0)
(891, 1385, 946, 0)
(892, 1342, 938, 0)
(905, 1458, 953, 0)
(898, 1484, 947, 0)
(1830, 2771, 1870, 0)
(888, 1357, 959, 0)
(1879, 2552, 1919, 0)
(882, 1342, 943, 0)
(879, 1481, 936, 0)
(889, 1397, 954, 0)
(919, 1480, 969, 0)
(887, 1413, 925, 0)
(887, 1442, 934, 0)
(1822, 2712, 1901, 0)
(911, 1439, 957, 0)
(1821, 2909, 1855, 0)
(899, 1510, 945, 0)
(861, 1344, 924, 0)
(904, 1584, 954, 0)
(896, 1695, 946, 0)
(861, 1316, 925, 0)
(881, 1365, 935, 0)
(905, 1535, 948, 0)
(918, 1451, 972, 0)
(883, 1574, 954, 0)
(905, 1547, 962, 0)
(898, 1448, 950, 0)
(893, 1308, 940, 0)
(881, 1468, 937, 0)
(871, 1435, 935, 0)
(902, 1641, 949, 0)
(904, 1522, 946, 0)
(892, 1459, 947, 0)
(889, 1515, 926, 0)
(915, 1508, 937, 0)
(896, 1414, 948, 0)
(886, 1526, 955, 0)
(883, 1492, 936, 0)
(907, 1564, 948, 0)
(917, 1406, 962, 0)
(890, 1454, 947, 0)
(868, 1419, 930, 0)
(883, 1392, 952, 0)
(920, 1508, 969, 0)
(888, 1470, 936, 0)
(1926, 2575, 1957, 0)
(894, 1433, 945, 0)
(897, 1479, 946, 0)
(905, 1503, 959, 0)
(898, 1581, 950, 0)
(899, 1520, 949, 0)
(913, 1388, 969, 0)
(908, 1471, 962, 0)
(1808, 2565, 1847, 0)
(891, 1533, 953, 0)
(913, 1385, 958, 0)
(884, 1397, 936, 0)
(1869, 2535, 1910, 0)
(903, 1312, 942, 0)
(893, 1446, 947, 0)
(882, 1474, 936, 0)
(904, 1457, 962, 0)
(881, 1297, 932, 0)
(897, 1629, 958, 0)
(901, 1548, 957, 0)
(890, 1423, 949, 0)
(883, 1280, 938, 0)
(903, 1450, 952, 0)
(897, 1556, 939, 0)
(893, 1425, 949, 0)
(882, 1516, 953, 0)
(1841, 2783, 1872, 0)
(1838, 2647, 1877, 0)
(1832, 2808, 1887, 0)
(901, 1419, 943, 0)
(909, 1566, 960, 0)
(907, 1393, 952, 0)
(907, 1352, 950, 0)
(913, 1395, 965, 0)
(905, 1405, 943, 0)
(891, 1530, 946, 0)
(882, 1426, 944, 0)
(889, 1410, 938, 0)
(886, 1434, 924, 0)
(887, 1581, 941, 0)
(886, 1452, 953, 0)
(913, 1431, 965, 0)
(1850, 2661, 1877, 0)
(885, 1345, 922, 0)
(899, 1611, 947, 0)
(901, 1353, 940, 0)
(890, 1372, 934, 0)
(884, 1488, 948, 0)
(903, 1570, 945, 0)
(887, 1667, 949, 0)
(1817, 2781, 1860, 0)
(887, 1480, 940, 0)
(909, 1520, 956, 0)
(2481, 3924, 2592, 0)
(1822, 2870, 1875, 0)
(905, 1468, 953, 0)
(883, 1426, 945, 0)
(887, 1347, 947, 0)
(900, 1433, 942, 0)
(892, 1403, 941, 0)
(922, 1493, 979, 0)
(915, 1485, 959, 0)
(895, 1305, 949, 0)
(928, 1599, 981, 0)
(926, 1394, 947, 0)
(898, 1471, 949, 0)
(909, 1479, 954, 0)
(894, 1548, 938, 0)
(909, 1427, 947, 0)
(894, 1340, 944, 0)
(888, 1282, 925, 0)
(885, 1489, 930, 0)
(887, 1497, 961, 0)
(902, 1449, 948, 0)
(916, 1555, 971, 0)
(897, 1328, 947, 0)
(886, 1634, 942, 0)
(903, 1605, 947, 0)
(888, 1380, 952, 0)
(891, 1411, 945, 0)
(900, 1499, 943, 0)
(886, 1580, 930, 0)
(894, 1580, 939, 0)
(888, 1366, 933, 0)
(1822, 2907, 1861, 0)
(898, 1423, 949, 0)
(912, 1582, 962, 0)
(910, 1612, 945, 0)
(911, 1575, 967, 0)
(904, 1434, 948, 0)
(894, 1457, 937, 0)
(891, 1411, 952, 0)
(898, 1575, 947, 0)
(885, 1464, 945, 0)
(883, 1377, 939, 0)
(912, 1517, 962, 0)
(898, 1633, 956, 0)
(884, 1375, 944, 0)
(888, 1572, 947, 0)
(886, 1451, 942, 0)
(884, 1616, 956, 0)
(901, 1434, 956, 0)
(893, 1400, 947, 0)
(908, 1559, 960, 0)
(911, 1370, 969, 0)
(891, 1283, 939, 0)
(891, 1677, 947, 0)
(898, 1362, 951, 0)
(887, 1375, 948, 0)
(919, 1768, 973, 0)
(897, 1576, 948, 0)
(889, 1641, 928, 0)
(905, 1517, 952, 0)
(894, 1316, 944, 0)
(904, 1561, 951, 0)
(891, 1503, 936, 0)
(882, 1499, 944, 0)
(929, 1408, 977, 0)
(915, 1465, 960, 0)
(882, 1459, 938, 0)
(883, 1369, 941, 0)
(1876, 2806, 1925, 0)
(897, 1535, 946, 0)
(883, 1484, 946, 0)
(885, 1438, 942, 0)
(890, 1402, 938, 0)
(904, 1452, 948, 0)
(883, 1361, 958, 0)
(883, 1327, 942, 0)
(900, 1403, 950, 0)
(1854, 2969, 1942, 0)
(877, 1399, 942, 0)
(897, 1346, 947, 0)
(932, 1631, 972, 0)
(896, 1387, 946, 0)
(895, 1386, 943, 0)
(905, 1405, 951, 0)
(906, 1510, 951, 0)
(885, 1622, 940, 0)
(884, 1422, 941, 0)
(863, 1446, 926, 0)
(898, 2139, 951, 0)
(894, 1542, 935, 0)
(896, 1399, 946, 0)
(902, 1405, 948, 0)
(888, 1571, 933, 0)
(901, 1634, 953, 0)
(903, 1580, 957, 0)
(902, 1382, 947, 0)
(887, 1382, 924, 0)
(903, 1629, 950, 0)
(901, 1500, 958, 0)
(885, 1475, 937, 0)
(890, 1363, 942, 0)
(886, 1349, 929, 0)
(903, 1515, 947, 0)
(898, 1463, 949, 0)
(904, 1577, 950, 0)
(892, 1504, 946, 0)
(889, 1318, 938, 0)
(893, 1368, 945, 0)
(904, 1532, 951, 0)
(900, 1502, 958, 0)
(899, 1320, 941, 0)
(1824, 2879, 1873, 0)
(907, 1340, 953, 0)
(1833, 3048, 1883, 0)
(917, 1595, 974, 0)
(887, 1379, 945, 0)
(924, 1464, 975, 0)
(1821, 2472, 1863, 0)
(893, 1535, 935, 0)
(900, 1827, 963, 0)
(928, 1478, 978, 0)
(893, 1465, 949, 0)
(904, 1567, 958, 0)
(882, 1488, 936, 0)
(908, 1380, 964, 0)
(887, 1385, 934, 0)
(900, 1373, 941, 0)
(894, 1431, 945, 0)
(926, 1510, 970, 0)
(892, 1339, 954, 0)
(908, 1607, 968, 0)
(896, 1414, 938, 0)
(882, 1604, 921, 0)
(902, 1350, 945, 0)
(899, 1483, 942, 0)
(890, 1337, 946, 0)
(932, 2156, 1027, 0)
(918, 1456, 974, 0)
(885, 1382, 948, 0)
(887, 1666, 950, 0)
(905, 1519, 952, 0)
(894, 1384, 935, 0)
(899, 1467, 945, 0)
(937, 1554, 974, 0)
(1830, 2627, 1861, 0)
(938, 1623, 972, 0)
(883, 1455, 943, 0)
(895, 1486, 943, 0)
(889, 1494, 934, 0)
(900, 1528, 954, 0)
(899, 1340, 948, 0)
(867, 1587, 931, 0)
(892, 1448, 942, 0)
(904, 1578, 943, 0)
(870, 1402, 930, 0)
(893, 1391, 945, 0)
(898, 1441, 939, 0)
(863, 1543, 929, 0)
(899, 1722, 970, 0)
(918, 1373, 977, 0)
(887, 1547, 935, 0)
(898, 1509, 938, 0)
(899, 1512, 947, 0)
(902, 1439, 954, 0)
(908, 1598, 961, 0)
(907, 1446, 951, 0)
(914, 1589, 958, 0)
(884, 1618, 950, 0)
(895, 1384, 934, 0)
(883, 1451, 935, 0)
(888, 1309, 937, 0)
(886, 1699, 940, 0)
(891, 1435, 947, 0)
(905, 1423, 951, 0)
(888, 1384, 935, 0)
(899, 1383, 937, 0)
(885, 1323, 938, 0)
(906, 1379, 956, 0)
(909, 1412, 950, 0)
(921, 1479, 967, 0)
(905, 1411, 951, 0)
(883, 1467, 943, 0)
(904, 1392, 953, 0)
(887, 1549, 947, 0)
(904, 1285, 940, 0)
(903, 1506, 954, 0)
(1807, 2577, 1858, 0)
(887, 1363, 941, 0)
(882, 1460, 954, 0)
(865, 1399, 939, 0)
(878, 1435, 917, 0)
(903, 1487, 944, 0)
(882, 1455, 954, 0)
(882, 1386, 943, 0)
(863, 1479, 928, 0)
(917, 1636, 975, 0)
(893, 1331, 948, 0)
(885, 2248, 937, 0)
(900, 2472, 953, 0)
(895, 1948, 948, 0)
(897, 1844, 948, 0)
(1812, 3700, 1848, 0)
(894, 2110, 945, 0)
(883, 1917, 941, 0)
(884, 1915, 942, 0)
(896, 2354, 948, 0)
(1857, 3589, 1891, 0)
(908, 1974, 953, 0)
(1836, 3674, 1946, 0)
(900, 2066, 951, 0)
(896, 1912, 947, 0)
(900, 1942, 949, 0)
(887, 2024, 940, 0)
(882, 2360, 953, 0)
(886, 1987, 941, 0)
(886, 2012, 933, 0)
(1853, 4349, 1911, 0)
(1897, 3853, 1936, 0)
(896, 2180, 945, 0)
(915, 2340, 960, 0)
(887, 2205, 949, 0)
(917, 2068, 970, 0)
(900, 2165, 950, 0)
(885, 2289, 931, 0)
(908, 2116, 954, 0)
(1863, 4585, 1897, 0)
(915, 2671, 975, 0)
(888, 2620, 947, 0)
(891, 1702, 942, 0)
(897, 1966, 953, 0)
(903, 1765, 949, 0)
(885, 1451, 940, 0)
(939, 1492, 999, 0)
(906, 1357, 948, 0)
(905, 1449, 947, 0)
(897, 1301, 947, 0)
(862, 1401, 925, 0)
(888, 1280, 943, 0)
(887, 1441, 926, 0)
(901, 1342, 952, 0)
(886, 1255, 927, 0)
(862, 1316, 926, 0)
(1892, 2717, 1933, 0)
(916, 1280, 965, 0)
(861, 1373, 925, 0)
(897, 1550, 940, 0)
(1885, 2543, 1919, 0)
(862, 1493, 926, 0)
(886, 1349, 957, 0)
(875, 1297, 939, 0)
(889, 1261, 933, 0)
(893, 1393, 937, 0)
(888, 1291, 933, 0)
(1829, 2494, 1862, 0)
(895, 1542, 960, 0)
(904, 1354, 951, 0)
(902, 1444, 953, 0)
(881, 1475, 921, 0)
(886, 1459, 941, 0)
(917, 1386, 988, 0)
(915, 1455, 968, 0)
(884, 1433, 945, 0)
(896, 1313, 937, 0)
(901, 1373, 961, 0)
(891, 1476, 944, 0)
(900, 1364, 952, 0)
(885, 1299, 947, 0)
(1824, 2572, 1864, 0)
(899, 1549, 951, 0)
(885, 1743, 939, 0)
(894, 1332, 942, 0)
(903, 1528, 954, 0)
(897, 1441, 945, 0)
(911, 1619, 950, 0)
(894, 1394, 947, 0)
(903, 1385, 976, 0)
(904, 1424, 947, 0)
(919, 1562, 970, 0)
(909, 1530, 955, 0)
(894, 1296, 945, 0)
(887, 1391, 945, 0)
(893, 1515, 951, 0)
(900, 1417, 944, 0)
(933, 1451, 986, 0)
(902, 1433, 948, 0)
(895, 1875, 954, 0)
(906, 1366, 950, 0)
(901, 1369, 946, 0)
(911, 1538, 965, 0)
(901, 1312, 947, 0)
(898, 1306, 960, 0)
(900, 1432, 961, 0)
(880, 1432, 942, 0)
(903, 1547, 946, 0)
(906, 1576, 961, 0)
(907, 1479, 951, 0)
(903, 1644, 947, 0)
(885, 1262, 930, 0)
(950, 1336, 994, 0)
(900, 1302, 944, 0)
(892, 1397, 948, 0)
(1882, 2779, 1927, 0)
(897, 1428, 941, 0)
(886, 1526, 930, 0)
(895, 1621, 946, 0)
(909, 1344, 954, 0)
(892, 1397, 951, 0)
(890, 1355, 944, 0)
(902, 1510, 946, 0)
(878, 1382, 943, 0)
(890, 1374, 929, 0)
(902, 1451, 948, 0)
(905, 1418, 953, 0)
(882, 1373, 943, 0)
(913, 1403, 976, 0)
(905, 1525, 941, 0)
(874, 2041, 940, 0)
(880, 1407, 932, 0)
(885, 1378, 941, 0)
(903, 1422, 958, 0)
(899, 1469, 954, 0)
(882, 1518, 944, 0)
(897, 1324, 944, 0)
(904, 1323, 959, 0)
(897, 1420, 947, 0)
(1884, 3161, 1927, 0)
(894, 1429, 939, 0)
(914, 1491, 969, 0)
(909, 1542, 989, 0)
(1860, 2564, 1903, 0)
(908, 1328, 952, 0)
(901, 1395, 952, 0)
(896, 1440, 962, 0)
(906, 1346, 953, 0)
(897, 1348, 941, 0)
(904, 1394, 946, 0)
(890, 1286, 938, 0)
(891, 1385, 947, 0)
(899, 1338, 943, 0)
(875, 1358, 932, 0)
(902, 1345, 952, 0)
(1821, 2551, 1860, 0)
(893, 1356, 937, 0)
(902, 1693, 946, 0)
(890, 1460, 935, 0)
(911, 1431, 965, 0)
(887, 1332, 938, 0)
(862, 1255, 926, 0)
(885, 1385, 940, 0)
(930, 1418, 990, 0)
(896, 1479, 944, 0)
(889, 1301, 935, 0)
(900, 1414, 948, 0)
(904, 1302, 947, 0)
(886, 1426, 937, 0)
(916, 1511, 965, 0)
(876, 1311, 933, 0)
(882, 1396, 952, 0)
(894, 1398, 935, 0)
(906, 1287, 952, 0)
(901, 1398, 943, 0)
(904, 1486, 955, 0)
(894, 1412, 945, 0)
(886, 1565, 937, 0)
(919, 1427, 962, 0)
(1844, 2685, 1888, 0)
(897, 1563, 944, 0)
(903, 1514, 953, 0)
(908, 1279, 955, 0)
(910, 1253, 954, 0)
(894, 1553, 946, 0)
(883, 1393, 944, 0)
(887, 1435, 938, 0)
(884, 1399, 943, 0)
(888, 1296, 934, 0)
(1845, 2814, 1892, 0)
(888, 1515, 941, 0)
(931, 1369, 980, 0)
(896, 1341, 951, 0)
(884, 1404, 943, 0)
(863, 1497, 928, 0)
(901, 1561, 952, 0)
(1809, 2771, 1869, 0)
(889, 1532, 937, 0)
(886, 1362, 925, 0)
(887, 1531, 949, 0)
(921, 1331, 979, 0)
(893, 1529, 948, 0)
(906, 1496, 947, 0)
(886, 1403, 935, 0)
(893, 1394, 938, 0)
(914, 1416, 962, 0)
(922, 1576, 977, 0)
(1843, 2774, 1885, 0)
(880, 1466, 936, 0)
(897, 1330, 948, 0)
(900, 1363, 953, 0)
(890, 1411, 946, 0)
(938, 1429, 973, 0)
(892, 1316, 942, 0)
(883, 1363, 946, 0)
(895, 1340, 956, 0)
(897, 1298, 944, 0)
(913, 1296, 954, 0)
(888, 1305, 934, 0)
(888, 1456, 945, 0)
(901, 1269, 955, 0)
(892, 1310, 942, 0)
(895, 1312, 946, 0)
(899, 1391, 942, 0)
(2471, 3361, 2528, 0)
(890, 1369, 948, 0)
(890, 1328, 937, 0)
(893, 1349, 946, 0)
(898, 1335, 939, 0)
(896, 1341, 952, 0)
(899, 1359, 949, 0)
(898, 1349, 948, 0)
(1831, 2552, 1867, 0)
(889, 1334, 945, 0)
(904, 1278, 956, 0)
(884, 1293, 935, 0)
(925, 1430, 973, 0)
(883, 1404, 936, 0)
(885, 1380, 936, 0)
(895, 1268, 936, 0)
(1901, 2562, 1935, 0)
(899, 1355, 951, 0)
(861, 1307, 925, 0)
(904, 1340, 965, 0)
(893, 1370, 947, 0)
(893, 1239, 934, 0)
(911, 1344, 966, 0)
(2519, 3365, 2559, 0)
(898, 1263, 942, 0)
(905, 1252, 946, 0)
(897, 1340, 949, 0)
(900, 1504, 950, 0)
(905, 1326, 958, 0)
(898, 1379, 955, 0)
(1837, 2523, 1869, 0)
(915, 1369, 965, 0)
(884, 1300, 945, 0)
(883, 1339, 945, 0)
(863, 1256, 928, 0)
(897, 1332, 937, 0)
(908, 1352, 954, 0)
(925, 1349, 971, 0)
(906, 1342, 950, 0)
(882, 1340, 942, 0)
(896, 1320, 950, 0)
(889, 1307, 937, 0)
(882, 1316, 946, 0)
(884, 1312, 931, 0)
(885, 1315, 934, 0)
(908, 1338, 966, 0)
(920, 1349, 965, 0)
(912, 1350, 964, 0)
(920, 1425, 965, 0)
(882, 1401, 936, 0)
(901, 1497, 955, 0)
(891, 1369, 952, 0)
(940, 1402, 988, 0)
(895, 1281, 938, 0)
(889, 1355, 944, 0)
(1824, 2664, 1860, 0)
(906, 1348, 960, 0)
(902, 1380, 946, 0)
(895, 1489, 945, 0)
(882, 1398, 945, 0)
(885, 1378, 946, 0)
(914, 1392, 965, 0)
(940, 1440, 989, 0)
(1827, 2432, 1862, 0)
(891, 1356, 946, 0)
(1820, 2675, 1881, 0)
(904, 1254, 948, 0)
(893, 1332, 936, 0)
(882, 1289, 933, 0)
(898, 1337, 937, 0)
(909, 1481, 947, 0)
(890, 1305, 946, 0)
(882, 1282, 943, 0)
(889, 1572, 946, 0)
(1838, 2431, 1878, 0)
(908, 1257, 956, 0)
(892, 1268, 950, 0)
(920, 1292, 965, 0)
(900, 1309, 946, 0)
(895, 1302, 942, 0)
(905, 1311, 947, 0)
(881, 1271, 946, 0)
(902, 1273, 938, 0)
(898, 1287, 945, 0)
(903, 1322, 954, 0)
(900, 1288, 952, 0)
(1815, 2527, 1908, 0)
(903, 1322, 951, 0)
(903, 1268, 945, 0)
(890, 1243, 945, 0)
(902, 1280, 960, 0)
(1874, 2565, 1918, 0)
(920, 1417, 968, 0)
(909, 1217, 952, 0)
(1850, 2510, 1890, 0)
(909, 1299, 953, 0)
(894, 1290, 948, 0)
(908, 1422, 967, 0)
(912, 1378, 954, 0)
(887, 1422, 936, 0)
(905, 1375, 955, 0)
(908, 1509, 950, 0)
(899, 1448, 947, 0)
(909, 1407, 959, 0)
(884, 1315, 928, 0)
(1823, 2559, 1863, 0)
(892, 1313, 942, 0)
(891, 1391, 938, 0)
(886, 1398, 957, 0)
(902, 1323, 952, 0)
(880, 1480, 945, 0)
(874, 1387, 935, 0)
(893, 1328, 938, 0)
(905, 1296, 947, 0)
(885, 1383, 936, 0)
(912, 1403, 965, 0)
(903, 1413, 949, 0)
(891, 1390, 947, 0)
(893, 1326, 936, 0)
(909, 1323, 955, 0)
(884, 1391, 946, 0)
(890, 1314, 948, 0)
(886, 1346, 941, 0)
(886, 1317, 933, 0)
(891, 1388, 942, 0)
(902, 1435, 964, 0)
(900, 1406, 952, 0)
(893, 1279, 935, 0)
(887, 1351, 940, 0)
(888, 1380, 943, 0)
(888, 1268, 953, 0)
(897, 1348, 949, 0)
(888, 1273, 948, 0)
(905, 1452, 942, 0)
(889, 1308, 949, 0)
(911, 1331, 956, 0)
(889, 1360, 935, 0)
(890, 1305, 946, 0)
(904, 1353, 947, 0)
(899, 1424, 943, 0)
(893, 1376, 945, 0)
(918, 1341, 967, 0)
(900, 1312, 947, 0)
(897, 1385, 942, 0)
(897, 1312, 939, 0)
(1832, 2551, 1869, 0)
(910, 1317, 944, 0)
(896, 1238, 942, 0)
(895, 1289, 944, 0)
(1822, 2466, 1851, 0)
(882, 1376, 939, 0)
(914, 1378, 956, 0)
(895, 1318, 941, 0)
(862, 1342, 927, 0)
(1853, 2674, 1889, 0)
(882, 1590, 921, 0)
(884, 1366, 933, 0)
(894, 1332, 944, 0)
(922, 1386, 961, 0)
(880, 1338, 939, 0)
(907, 1367, 951, 0)
(896, 1352, 936, 0)
(901, 1366, 944, 0)
(896, 1385, 937, 0)
(913, 1387, 955, 0)
(887, 1292, 936, 0)
(881, 1357, 945, 0)
(917, 1508, 980, 0)
(903, 1263, 944, 0)
(891, 1265, 947, 0)
(895, 1355, 961, 0)
(905, 1445, 950, 0)
(902, 1290, 950, 0)
(889, 1470, 955, 0)
(886, 1339, 944, 0)
(889, 1393, 936, 0)
(885, 1315, 923, 0)
(886, 1402, 952, 0)
(903, 1338, 947, 0)
(881, 1329, 944, 0)
(907, 1464, 968, 0)
(896, 1342, 954, 0)
(909, 1327, 960, 0)
(908, 1357, 960, 0)
(893, 1256, 939, 0)
(895, 1329, 942, 0)
(1807, 2418, 1839, 0)
(897, 1248, 949, 0)
(890, 1204, 934, 0)
(884, 1287, 927, 0)
(889, 1289, 926, 0)
(881, 1254, 933, 0)
(889, 1315, 947, 0)
(886, 1272, 927, 0)
(887, 1253, 928, 0)
(905, 1275, 944, 0)
(914, 1319, 964, 0)
(897, 1369, 951, 0)
(889, 1289, 946, 0)
(915, 1283, 961, 0)
(897, 1303, 948, 0)
(910, 1349, 958, 0)
(886, 1279, 926, 0)
(884, 1271, 934, 0)
