(4325, 5685, 4387, 0)
(4322, 6594, 4373, 0)
(4330, 5622, 4388, 0)
(4318, 5538, 4371, 0)
(4333, 5609, 4388, 0)
(5078, 6043, 5142, 0)
(4312, 5434, 4368, 0)
(4312, 5883, 4368, 0)
(5070, 6368, 5138, 0)
(4325, 5752, 4380, 0)
(4321, 5731, 4377, 0)
(4309, 5709, 4364, 0)
(4310, 5295, 4361, 0)
(4317, 5466, 4369, 0)
(4345, 5473, 4398, 0)
(4341, 6732, 4412, 0)
(4321, 5932, 4378, 0)
(4325, 7285, 4415, 0)
(5093, 7118, 5164, 0)
(4317, 5737, 4373, 0)
(5131, 11748, 5300, 0)
(5093, 14306, 5166, 0)
(4324, 5177, 4375, 0)
(5095, 6342, 5168, 0)
(4331, 5299, 4385, 0)
(4310, 5775, 4365, 0)
(4332, 5268, 4401, 0)
(4320, 5288, 4394, 0)
(4309, 5182, 4364, 0)
(4317, 5513, 4373, 0)
(4319, 5569, 4372, 0)
(5072, 6370, 5141, 0)
(4304, 5259, 4359, 0)
(5080, 5922, 5145, 0)
(4324, 5202, 4376, 0)
(4330, 6239, 4385, 0)
(4321, 5501, 4375, 0)
(4323, 6563, 4380, 0)
(4324, 5560, 4377, 0)
(4314, 6132, 4371, 0)
(4315, 28231, 4370, 0)
(4318, 5936, 4372, 0)
(4343, 7604, 4422, 0)
(4311, 7867, 4366, 0)
(5182, 8093, 5325, 0)
(4308, 5375, 4362, 0)
(4316, 6170, 4370, 0)
(5066, 6213, 5133, 0)
(4334, 5533, 4388, 0)
(4307, 5545, 4362, 0)
(4295, 6859, 4358, 0)
(4308, 5767, 4363, 0)
(4314, 7563, 4369, 0)
(4312, 26684, 4365, 0)
(4332, 8275, 4383, 0)
(4329, 7178, 4451, 0)
(4378, 6208, 4428, 0)
(4323, 7806, 4380, 0)
(5079, 7007, 5146, 0)
(4297, 8005, 4356, 0)
(5081, 7809, 5150, 0)
(5081, 8856, 5158, 0)
(4329, 7870, 4421, 0)
(5067, 7380, 5139, 0)
(5065, 6661, 5138, 0)
(5095, 7652, 5163, 0)
(4339, 5889, 4389, 0)
(4313, 8157, 4366, 0)
(4317, 5828, 4371, 0)
(4309, 5897, 4364, 0)
(4320, 9201, 4372, 0)
(4314, 5459, 4366, 0)
(4309, 6166, 4365, 0)
(4347, 6246, 4434, 0)
(4323, 6866, 4373, 0)
(5108, 7086, 5177, 0)
(5068, 7138, 5139, 0)
(5069, 27203, 5137, 0)
(4299, 6506, 4357, 0)
(4312, 5859, 4366, 0)
(4319, 12724, 4374, 0)
(4305, 6068, 4359, 0)
(4321, 5871, 4374, 0)
(4294, 5840, 4349, 0)
(5075, 7236, 5146, 0)
(4311, 6789, 4365, 0)
(5086, 7782, 5157, 0)
(4307, 5401, 4361, 0)
(4325, 6780, 4376, 0)
(5058, 7880, 5129, 0)
(4325, 26824, 4377, 0)
(4335, 5711, 4391, 0)
(4317, 7123, 4370, 0)
(4322, 5473, 4374, 0)
(4315, 6176, 4369, 0)
(4315, 9376, 4369, 0)
(5087, 12263, 5155, 0)
(5075, 6794, 5143, 0)
(4318, 6493, 4372, 0)
(5076, 6194, 5143, 0)
(4358, 5367, 4416, 0)
(4317, 6061, 4370, 0)
(4335, 27748, 4396, 0)
(4338, 5737, 4392, 0)
(4306, 5774, 4358, 0)
(5154, 6140, 5210, 0)
(4325, 5511, 4377, 0)
(4318, 6459, 4370, 0)
(5087, 6673, 5156, 0)
(5071, 6919, 5139, 0)
(5067, 6373, 5141, 0)
(5107, 8143, 5186, 0)
(5076, 6073, 5143, 0)
(5102, 6818, 5175, 0)
(5068, 6915, 5136, 0)
(4326, 5359, 4379, 0)
(4317, 5403, 4371, 0)
(4331, 9756, 4384, 0)
(5073, 6904, 5148, 0)
(4323, 6095, 4377, 0)
(4339, 5552, 4394, 0)
(5077, 6161, 5146, 0)
(5070, 8302, 5138, 0)
(4311, 5268, 4364, 0)
(4318, 5454, 4370, 0)
(4310, 5972, 4363, 0)
(4320, 6473, 4370, 0)
(5074, 8719, 5144, 0)
(4358, 5616, 4409, 0)
(4332, 6052, 4387, 0)
(4319, 5169, 4371, 0)
(5066, 5992, 5133, 0)
(5086, 6650, 5156, 0)
(5071, 6207, 5137, 0)
(4351, 5496, 4404, 0)
(5067, 6646, 5138, 0)
(4295, 5470, 4351, 0)
(4293, 5236, 4349, 0)
(5073, 6478, 5143, 0)
(4327, 5367, 4383, 0)
(4327, 8565, 4390, 0)
(5073, 6629, 5145, 0)
(4313, 5398, 4366, 0)
(5058, 7309, 5128, 0)
(4325, 5507, 4380, 0)
(4313, 6143, 4367, 0)
(4317, 6149, 4370, 0)
(5074, 6828, 5148, 0)
(4315, 5347, 4370, 0)
(5091, 7139, 5161, 0)
(4394, 6134, 4451, 0)
(4321, 20953, 4376, 0)
(4349, 5551, 4404, 0)
(4313, 5426, 4366, 0)
(5089, 6383, 5154, 0)
(5066, 6971, 5137, 0)
(4338, 12558, 4402, 0)
(5075, 11669, 5144, 0)
(4325, 5167, 4377, 0)
(5079, 7511, 5152, 0)
(4319, 5753, 4373, 0)
(4319, 5269, 4377, 0)
(5062, 6840, 5137, 0)
(5066, 6628, 5136, 0)
(4317, 6233, 4370, 0)
(4305, 6329, 4358, 0)
(4319, 5436, 4372, 0)
(4317, 26320, 4372, 0)
(5071, 6494, 5141, 0)
(4315, 5863, 4366, 0)
(5055, 25372, 5128, 0)
(5075, 6195, 5141, 0)
(4320, 5726, 4375, 0)
(4318, 5932, 4373, 0)
(4338, 5784, 4396, 0)
(4325, 5637, 4379, 0)
(4322, 5726, 4375, 0)
(4324, 6132, 4379, 0)
(4320, 5367, 4371, 0)
(5069, 6817, 5137, 0)
(4311, 5395, 4362, 0)
(4311, 5487, 4364, 0)
(4312, 6060, 4369, 0)
(4317, 8222, 4369, 0)
(5096, 15134, 5234, 0)
(4314, 6797, 4372, 0)
(5989, 8408, 6131, 0)
(5062, 7167, 5136, 0)
(5109, 7357, 5180, 0)
(4312, 5422, 4364, 0)
(4322, 6056, 4376, 0)
(4311, 6571, 4363, 0)
(4309, 5846, 4364, 0)
(4310, 8015, 4364, 0)
(4322, 5373, 4374, 0)
(5066, 6468, 5136, 0)
(4366, 5910, 4422, 0)
(4329, 5308, 4404, 0)
(4313, 5842, 4368, 0)
(4379, 5957, 4434, 0)
(4305, 5719, 4361, 0)
(5060, 10725, 5135, 0)
(4322, 5450, 4375, 0)
(4320, 5394, 4373, 0)
(4320, 5291, 4372, 0)
(4315, 5525, 4368, 0)
(5075, 6687, 5144, 0)
(4308, 22425, 4362, 0)
(4330, 5626, 4387, 0)
(6021, 10237, 6157, 0)
(4356, 6620, 4416, 0)
(4346, 5363, 4403, 0)
(5069, 6708, 5140, 0)
(5056, 30711, 5128, 0)
(4310, 5902, 4363, 0)
(5067, 6234, 5136, 0)
(5059, 17030, 5133, 0)
(4332, 5272, 4385, 0)
(4387, 5905, 4478, 0)
(5068, 6580, 5137, 0)
(4332, 5305, 4386, 0)
(4322, 5701, 4376, 0)
(4321, 8031, 4372, 0)
(4318, 24847, 4371, 0)
(5060, 6126, 5128, 0)
(4330, 26384, 4389, 0)
(4304, 5788, 4362, 0)
(4312, 5913, 4366, 0)
(4320, 5371, 4375, 0)
(4312, 5504, 4366, 0)
(4322, 5218, 4373, 0)
(4311, 5608, 4365, 0)
(4355, 6190, 4412, 0)
(4319, 5526, 4374, 0)
(4318, 5319, 4372, 0)
(5079, 6238, 5147, 0)
(4313, 5796, 4364, 0)
(4320, 5627, 4376, 0)
(5098, 6639, 5164, 0)
(5059, 7699, 5125, 0)
(5056, 30633, 5127, 0)
(4322, 6101, 4372, 0)
(4340, 7079, 4394, 0)
(5096, 6799, 5159, 0)
(5069, 6397, 5138, 0)
(5082, 31733, 5159, 0)
(4316, 27446, 4374, 0)
(4307, 11018, 4362, 0)
(4321, 5359, 4376, 0)
(5098, 6498, 5169, 0)
(4338, 5557, 4390, 0)
(4312, 6636, 4365, 0)
(4312, 6094, 4367, 0)
(5083, 6325, 5148, 0)
(4357, 5540, 4412, 0)
(4333, 5403, 4386, 0)
(5067, 6363, 5136, 0)
(4317, 5660, 4374, 0)
(4322, 6032, 4377, 0)
(4340, 5638, 4399, 0)
(4337, 5588, 4391, 0)
(4322, 5481, 4372, 0)
(4318, 5420, 4371, 0)
(4310, 6468, 4365, 0)
(4298, 6334, 4355, 0)
(4321, 5930, 4374, 0)
(4313, 6092, 4367, 0)
(5067, 6334, 5135, 0)
(4314, 5726, 4368, 0)
(4294, 7030, 4352, 0)
(4324, 5604, 4376, 0)
(5068, 6096, 5141, 0)
(4312, 26107, 4367, 0)
(5059, 8154, 5126, 0)
(6049, 7537, 6183, 0)
(4343, 6432, 4397, 0)
(4319, 5787, 4373, 0)
(4354, 27091, 4410, 0)
(4313, 7215, 4366, 0)
(5070, 9348, 5141, 0)
(4306, 27444, 4362, 0)
(5094, 8950, 5160, 0)
(4295, 5529, 4351, 0)
(4304, 6597, 4358, 0)
(4315, 6015, 4369, 0)
(4373, 7374, 4426, 0)
(5072, 6557, 5140, 0)
(4317, 7994, 4372, 0)
(4293, 8407, 4350, 0)
(4312, 5655, 4367, 0)
(5096, 8071, 5180, 0)
(5068, 9178, 5137, 0)
(4320, 6595, 4372, 0)
(5074, 9746, 5146, 0)
(5066, 6217, 5138, 0)
(5065, 6484, 5142, 0)
(4312, 5446, 4365, 0)
(5084, 6624, 5153, 0)
(4321, 5898, 4374, 0)
(4326, 6396, 4375, 0)
(4366, 6150, 4421, 0)
(4317, 5153, 4370, 0)
(5061, 30652, 5136, 0)
(4378, 6174, 4429, 0)
(5057, 6428, 5128, 0)
(4310, 5500, 4363, 0)
(4300, 5764, 4359, 0)
(4296, 5594, 4352, 0)
(4321, 5721, 4374, 0)
(5055, 6133, 5124, 0)
(4385, 5754, 4433, 0)
(4342, 5256, 4395, 0)
(4339, 5530, 4395, 0)
(4339, 5806, 4393, 0)
(4323, 5510, 4376, 0)
(4316, 10149, 4368, 0)
(4326, 8223, 4377, 0)
(5063, 6809, 5134, 0)
(4294, 6369, 4352, 0)
(5064, 11431, 5137, 0)
(4322, 5204, 4374, 0)
(4315, 5225, 4368, 0)
(4332, 5893, 4390, 0)
(4338, 5487, 4398, 0)
(5067, 7189, 5144, 0)
(5076, 6350, 5147, 0)
(4312, 5006, 4368, 0)
(4315, 5548, 4370, 0)
(4345, 5357, 4399, 0)
(5100, 6738, 5172, 0)
(4322, 5548, 4377, 0)
(5071, 11543, 5137, 0)
(4358, 7082, 4412, 0)
(4329, 6948, 4381, 0)
(4315, 5216, 4370, 0)
(4298, 5485, 4352, 0)
(5052, 6707, 5124, 0)
(4322, 11308, 4375, 0)
(5058, 6491, 5129, 0)
(5079, 6925, 5148, 0)
(4314, 5414, 4366, 0)
(5059, 31809, 5131, 0)
(5109, 6864, 5182, 0)
(4333, 5579, 4390, 0)
(4359, 7163, 4428, 0)
(5067, 35558, 5153, 0)
(4326, 9462, 4378, 0)
(4315, 5614, 4394, 0)
(4334, 5645, 4403, 0)
(5069, 11139, 5138, 0)
(6028, 9031, 6178, 0)
(4497, 8947, 4715, 0)
(5080, 10507, 5158, 0)
(4311, 6360, 4366, 0)
(4303, 6062, 4376, 0)
(4318, 5911, 4393, 0)
(4320, 7311, 4441, 0)
(4296, 7305, 4353, 0)
(5070, 8860, 5137, 0)
(4348, 28407, 4427, 0)
(4312, 6482, 4367, 0)
(4315, 9375, 4370, 0)
(4321, 9003, 4373, 0)
(4314, 6242, 4369, 0)
(4316, 5517, 4369, 0)
(4343, 6559, 4402, 0)
(4321, 5331, 4372, 0)
(4326, 20237, 4394, 0)
(5072, 7188, 5146, 0)
(4339, 5571, 4407, 0)
(5071, 6442, 5141, 0)
(4309, 5632, 4364, 0)
(5061, 6977, 5130, 0)
(4344, 11555, 4401, 0)
(4309, 5787, 4366, 0)
(4322, 5844, 4375, 0)
(4320, 5115, 4373, 0)
(5060, 6684, 5128, 0)
(4309, 5430, 4365, 0)
(5072, 7195, 5144, 0)
(4301, 5691, 4356, 0)
(5077, 6491, 5146, 0)
(5068, 8190, 5135, 0)
(5070, 8576, 5167, 0)
(4348, 11127, 4424, 0)
(4307, 7278, 4363, 0)
(4318, 6394, 4377, 0)
(4307, 6120, 4361, 0)
(5068, 6493, 5150, 0)
(5097, 6945, 5163, 0)
(5076, 6801, 5151, 0)
(4309, 6409, 4361, 0)
(4345, 5905, 4400, 0)
(4317, 5272, 4371, 0)
(4334, 5403, 4386, 0)
(5056, 6418, 5123, 0)
(4320, 6216, 4371, 0)
(5091, 7545, 5163, 0)
(5060, 7177, 5137, 0)
(5086, 6773, 5155, 0)
(5075, 6579, 5143, 0)
(5075, 6621, 5143, 0)
(4323, 6808, 4373, 0)
(4320, 26654, 4375, 0)
(5081, 7563, 5183, 0)
(4325, 6099, 4380, 0)
(4324, 6743, 4386, 0)
(5068, 6656, 5138, 0)
(5080, 9074, 5162, 0)
(4312, 6684, 4368, 0)
(4341, 6035, 4414, 0)
(4370, 6609, 4422, 0)
(4315, 6696, 4381, 0)
(4314, 7027, 4369, 0)
(4313, 8096, 4370, 0)
(4345, 8074, 4399, 0)
(5077, 6831, 5149, 0)
(5061, 7115, 5134, 0)
(4344, 5570, 4397, 0)
(5059, 8741, 5133, 0)
(4321, 11682, 4374, 0)
(4324, 5521, 4378, 0)
(4336, 9400, 4392, 0)
(4314, 11428, 4368, 0)
(4348, 6321, 4400, 0)
(4319, 5512, 4372, 0)
(4310, 5912, 4363, 0)
(5057, 9337, 5129, 0)
(4313, 5946, 4371, 0)
(5081, 6493, 5150, 0)
(5059, 6444, 5127, 0)
(5064, 6270, 5135, 0)
(5071, 6394, 5138, 0)
(4322, 6227, 4379, 0)
(5069, 7708, 5141, 0)
(4325, 5398, 4378, 0)
(5087, 6315, 5157, 0)
(4347, 6304, 4408, 0)
(4317, 5281, 4370, 0)
(4324, 5351, 4375, 0)
(4310, 5208, 4364, 0)
(4295, 6018, 4351, 0)
(4313, 5621, 4365, 0)
(4318, 5985, 4369, 0)
(4338, 5381, 4396, 0)
(5061, 7022, 5132, 0)
(5082, 6572, 5157, 0)
(5059, 7046, 5137, 0)
(5070, 6322, 5136, 0)
(4350, 5592, 4406, 0)
(4317, 5392, 4370, 0)
(4309, 5442, 4363, 0)
(5069, 7294, 5144, 0)
(4337, 5637, 4391, 0)
(5089, 6552, 5172, 0)
(5075, 6464, 5144, 0)
(5055, 6602, 5125, 0)
(4315, 5574, 4369, 0)
(4329, 5591, 4384, 0)
(4315, 5731, 4370, 0)
(4334, 5379, 4387, 0)
(4341, 5498, 4405, 0)
(4322, 6668, 4374, 0)
(5073, 6181, 5141, 0)
(4322, 5314, 4373, 0)
(5059, 6770, 5131, 0)
(4360, 7913, 4440, 0)
(4329, 6405, 4384, 0)
(5087, 11011, 5160, 0)
(4312, 12038, 4370, 0)
(5067, 7023, 5138, 0)
(4309, 6141, 4378, 0)
(4305, 6394, 4360, 0)
(5072, 6328, 5156, 0)
(4330, 5568, 4383, 0)
(4336, 5358, 4392, 0)
(4321, 5682, 4374, 0)
(5073, 6146, 5140, 0)
(4310, 6382, 4364, 0)
(4316, 5627, 4368, 0)
(8392, 13414, 8533, 0)
(4312, 6201, 4365, 0)
(5073, 6463, 5147, 0)
(4316, 5690, 4369, 0)
(4321, 6284, 4371, 0)
(4358, 6548, 4464, 0)
(5086, 8807, 5152, 0)
(4331, 5248, 4386, 0)
(4343, 5359, 4396, 0)
(4371, 5639, 4423, 0)
(5058, 7489, 5130, 0)
(5064, 9471, 5133, 0)
(5112, 7194, 5193, 0)
(5059, 7385, 5130, 0)
(5067, 8876, 5137, 0)
(4325, 5536, 4377, 0)
(4315, 9149, 4369, 0)
(4326, 7082, 4380, 0)
(4316, 5331, 4368, 0)
(4313, 5194, 4365, 0)
(4326, 6623, 4379, 0)
(5072, 9413, 5138, 0)
(6029, 7987, 6176, 0)
(4319, 7507, 4373, 0)
(4333, 5436, 4385, 0)
(4324, 5437, 4375, 0)
(5068, 7542, 5153, 0)
(4330, 5545, 4383, 0)
(4323, 5371, 4377, 0)
(5069, 6449, 5137, 0)
(4318, 5436, 4371, 0)
(5055, 8087, 5125, 0)
(5107, 7207, 5177, 0)
(4333, 7001, 4390, 0)
(4315, 5777, 4369, 0)
(4332, 7310, 4386, 0)
(4315, 6133, 4367, 0)
(4357, 9385, 4424, 0)
(4318, 6226, 4372, 0)
(4348, 5858, 4401, 0)
(4304, 6244, 4359, 0)
(5086, 7003, 5158, 0)
(5071, 6755, 5138, 0)
(4313, 26659, 4367, 0)
(4317, 5345, 4369, 0)
(4369, 5492, 4425, 0)
(4346, 5488, 4401, 0)
(5069, 6846, 5144, 0)
(5074, 6325, 5140, 0)
(4319, 7067, 4371, 0)
(4296, 7202, 4353, 0)
(4320, 9748, 4374, 0)
(4311, 8559, 4366, 0)
(4325, 6119, 4378, 0)
(5062, 9234, 5130, 0)
(4321, 5634, 4373, 0)
(4316, 5838, 4368, 0)
(4329, 5720, 4386, 0)
(4353, 5789, 4409, 0)
(4315, 7421, 4369, 0)
(4312, 6127, 4363, 0)
(4313, 7537, 4366, 0)
(4321, 5668, 4374, 0)
(5058, 9367, 5127, 0)
(4348, 5808, 4404, 0)
(4325, 5544, 4378, 0)
(4363, 5266, 4422, 0)
(4323, 5827, 4377, 0)
(4297, 7377, 4353, 0)
(4311, 5574, 4366, 0)
(5073, 6168, 5139, 0)
(4326, 5970, 4383, 0)
(5066, 8119, 5141, 0)
(4315, 6380, 4372, 0)
(4313, 6560, 4370, 0)
(4324, 5780, 4377, 0)
(4322, 5530, 4376, 0)
(4311, 6624, 4365, 0)
(4321, 7761, 4373, 0)
(5989, 7434, 6122, 0)
(4341, 6548, 4396, 0)
(4326, 5399, 4378, 0)
(5097, 7324, 5224, 0)
(5056, 9485, 5132, 0)
(4302, 11462, 4357, 0)
(4336, 7077, 4389, 0)
(5070, 7094, 5138, 0)
(5063, 9594, 5135, 0)
(4308, 12801, 4373, 0)
(4344, 8403, 4407, 0)
(4294, 9138, 4354, 0)
(5055, 6457, 5124, 0)
(4341, 5553, 4397, 0)
(5074, 6330, 5141, 0)
(5072, 6978, 5152, 0)
(4313, 12088, 4368, 0)
(5081, 7314, 5148, 0)
(5081, 7226, 5161, 0)
(4316, 17465, 4371, 0)
(5055, 7845, 5125, 0)
(5081, 8256, 5154, 0)
(4317, 9735, 4370, 0)
(4313, 5584, 4368, 0)
(4321, 6935, 4373, 0)
(5079, 6651, 5149, 0)
(5077, 6687, 5157, 0)
(5066, 8290, 5135, 0)
(4320, 5411, 4373, 0)
(4344, 5868, 4402, 0)
(5080, 7000, 5156, 0)
(4320, 9866, 4374, 0)
(4317, 6528, 4369, 0)
(4319, 5526, 4375, 0)
(4327, 5206, 4380, 0)
(4385, 6230, 4446, 0)
(4361, 6104, 4416, 0)
(5090, 7331, 5158, 0)
(5071, 8486, 5165, 0)
(5074, 6851, 5155, 0)
(4321, 6687, 4372, 0)
(4314, 6196, 4367, 0)
(4295, 6755, 4353, 0)
(5072, 6946, 5141, 0)
(4347, 8246, 4404, 0)
(4317, 5482, 4371, 0)
(4344, 7308, 4454, 0)
(4317, 5437, 4371, 0)
(4317, 5224, 4374, 0)
(4310, 7317, 4365, 0)
(4313, 5715, 4367, 0)
(5061, 6326, 5129, 0)
(4324, 5437, 4375, 0)
(4318, 5677, 4371, 0)
(4323, 5592, 4375, 0)
(4344, 5545, 4399, 0)
(4313, 8934, 4366, 0)
(4309, 25783, 4363, 0)
(5082, 6665, 5156, 0)
(4320, 5739, 4375, 0)
(4312, 14224, 4373, 0)
(5105, 32165, 5173, 0)
(5062, 8121, 5130, 0)
(5121, 8617, 5196, 0)
(4373, 6180, 4437, 0)
(4327, 6302, 4378, 0)
(4314, 5355, 4366, 0)
(4325, 9600, 4380, 0)
(5056, 10353, 5126, 0)
(4316, 6490, 4367, 0)
(5105, 7385, 5172, 0)
(4305, 6089, 4368, 0)
(4324, 8992, 4375, 0)
(5068, 7194, 5140, 0)
(4313, 7563, 4364, 0)
(4315, 8244, 4368, 0)
(4295, 13319, 4352, 0)
(5066, 6374, 5141, 0)
(4324, 6989, 4379, 0)
(4330, 6551, 4383, 0)
(4346, 5480, 4404, 0)
(4339, 7250, 4407, 0)
(4318, 10343, 4372, 0)
(4308, 7969, 4362, 0)
(5061, 7126, 5135, 0)
(4317, 10092, 4372, 0)
(4330, 5930, 4390, 0)
(4320, 24669, 4374, 0)
(4437, 7093, 4680, 0)
(4314, 5981, 4369, 0)
(4319, 31652, 4416, 0)
(5102, 9313, 5254, 0)
(5080, 6879, 5163, 0)
(5077, 7246, 5152, 0)
(5061, 7141, 5135, 0)
(4436, 10054, 4568, 0)
(4316, 5742, 4378, 0)
(4346, 7927, 4401, 0)
(4323, 6564, 4385, 0)
(4323, 5397, 4377, 0)
(5066, 8586, 5139, 0)
(4323, 6311, 4379, 0)
(4342, 6155, 4414, 0)
(5087, 7519, 5161, 0)
(4319, 5511, 4370, 0)
(4314, 9346, 4368, 0)
(5061, 6697, 5134, 0)
(4324, 5434, 4378, 0)
(5100, 6715, 5181, 0)
(4323, 6371, 4375, 0)
(5061, 31317, 5134, 0)
(4334, 5501, 4385, 0)
(5073, 6977, 5146, 0)
(5076, 8536, 5145, 0)
(4327, 9488, 4380, 0)
(5060, 6651, 5132, 0)
(5057, 6442, 5126, 0)
(4324, 5394, 4378, 0)
(4340, 7800, 4396, 0)
(4318, 6750, 4374, 0)
(4315, 7842, 4370, 0)
(4309, 27750, 4365, 0)
(4317, 5636, 4370, 0)
(4335, 11765, 4389, 0)
(5060, 7286, 5132, 0)
(4331, 7424, 4385, 0)
(4310, 5311, 4363, 0)
(4309, 5355, 4361, 0)
(5096, 7039, 5163, 0)
(4316, 5242, 4367, 0)
(4307, 6780, 4363, 0)
(4318, 6925, 4382, 0)
(4323, 6810, 4378, 0)
(4312, 5625, 4364, 0)
(4336, 5230, 4388, 0)
(4333, 6142, 4390, 0)
(5068, 10376, 5138, 0)
(4334, 7372, 4389, 0)
(4325, 6634, 4379, 0)
(4314, 6973, 4366, 0)
(4348, 7982, 4406, 0)
(4341, 12736, 4395, 0)
(4374, 8049, 4475, 0)
(4344, 5343, 4402, 0)
(4351, 5752, 4411, 0)
(5063, 9022, 5133, 0)
(4327, 8590, 4381, 0)
(5071, 7044, 5146, 0)
(4384, 5944, 4437, 0)
(5081, 8179, 5162, 0)
(5108, 6832, 5178, 0)
(4314, 7100, 4366, 0)
(5070, 11153, 5163, 0)
(4333, 6703, 4396, 0)
(4319, 5745, 4376, 0)
(5065, 7263, 5149, 0)
(5069, 7177, 5138, 0)
(4308, 5632, 4360, 0)
(5070, 6863, 5141, 0)
(4309, 5964, 4364, 0)
(5059, 7715, 5128, 0)
(4317, 5279, 4368, 0)
(4312, 5677, 4366, 0)
(4337, 27947, 4401, 0)
(4350, 5746, 4403, 0)
(4324, 5480, 4377, 0)
(4317, 6093, 4369, 0)
(5069, 6710, 5142, 0)
(4323, 5736, 4375, 0)
(6434, 8666, 6521, 0)
(4337, 26271, 4401, 0)
(5072, 6337, 5156, 0)
(4313, 5972, 4368, 0)
(4330, 8940, 4384, 0)
(4331, 8279, 4398, 0)
(4314, 5796, 4368, 0)
(4315, 5499, 4367, 0)
(5069, 6869, 5138, 0)
(4342, 11818, 4404, 0)
(4319, 5416, 4372, 0)
(4325, 5774, 4377, 0)
(4317, 6072, 4371, 0)
(4312, 6392, 4368, 0)
(4301, 5476, 4356, 0)
(5097, 6198, 5164, 0)
(4338, 7959, 4396, 0)
(4323, 6779, 4379, 0)
(4372, 30872, 4492, 0)
(5092, 32550, 5164, 0)
(4311, 28345, 4370, 0)
(4322, 6003, 4372, 0)
(4314, 7188, 4369, 0)
(4331, 5708, 4387, 0)
(4320, 6141, 4371, 0)
(4327, 6926, 4378, 0)
(4309, 5592, 4361, 0)
(4319, 5274, 4374, 0)
(4319, 6222, 4375, 0)
(5095, 6782, 5165, 0)
(5070, 6414, 5137, 0)
(4317, 5582, 4369, 0)
(4326, 5567, 4380, 0)
(5069, 6790, 5138, 0)
(4321, 5611, 4382, 0)
(5067, 6534, 5137, 0)
(5088, 6591, 5159, 0)
(5083, 7006, 5159, 0)
(4311, 7216, 4366, 0)
(4318, 5385, 4371, 0)
(5115, 6313, 5180, 0)
(5071, 6947, 5141, 0)
(4305, 5697, 4364, 0)
(4324, 6915, 4379, 0)
(4376, 6962, 4426, 0)
(5069, 13451, 5158, 0)
(4326, 26848, 4380, 0)
(4311, 5669, 4365, 0)
(5058, 9995, 5129, 0)
(4319, 7668, 4374, 0)
(5081, 32167, 5151, 0)
(4317, 7302, 4375, 0)
(4317, 6556, 4370, 0)
(5059, 8227, 5136, 0)
(4316, 9637, 4372, 0)
(4313, 5453, 4369, 0)
(5089, 11821, 5161, 0)
(4326, 7389, 4378, 0)
(4313, 6154, 4365, 0)
(5079, 6334, 5146, 0)
(4314, 6665, 4367, 0)
(4318, 7587, 4372, 0)
(5058, 6706, 5129, 0)
(4322, 7063, 4372, 0)
(5057, 6875, 5126, 0)
(5059, 15369, 5128, 0)
(4360, 10229, 4446, 0)
(4323, 8102, 4378, 0)
(4298, 7988, 4353, 0)
(4325, 6748, 4377, 0)
(4315, 7039, 4367, 0)
(4426, 6888, 4586, 0)
(4312, 7630, 4407, 0)
(4338, 6742, 4402, 0)
(4328, 12793, 4384, 0)
(4328, 7752, 4386, 0)
(4343, 7766, 4398, 0)
(5070, 33227, 5146, 0)
(4588, 33689, 4840, 0)
(4322, 26342, 4408, 0)
(4441, 7100, 4585, 0)
(4321, 8706, 4376, 0)
(4295, 27232, 4351, 0)
(5061, 7796, 5138, 0)
(4309, 5418, 4369, 0)
(4334, 6591, 4408, 0)
(5107, 7911, 5182, 0)
(4315, 9692, 4378, 0)
(4326, 5856, 4386, 0)
(4309, 5399, 4362, 0)
(4358, 6716, 4411, 0)
(4318, 5878, 4375, 0)
(4317, 5813, 4371, 0)
(4343, 5447, 4397, 0)
(4316, 5225, 4373, 0)
(4318, 6208, 4400, 0)
(4316, 6144, 4370, 0)
(4340, 6011, 4396, 0)
(4331, 5695, 4387, 0)
(5099, 7163, 5177, 0)
(4308, 5986, 4361, 0)
(5118, 7250, 5186, 0)
(5079, 6050, 5154, 0)
(4318, 5747, 4376, 0)
(4305, 6842, 4361, 0)
(4317, 6393, 4374, 0)
(4311, 6667, 4407, 0)
(4303, 6393, 4358, 0)
(4338, 5458, 4401, 0)
(4331, 6935, 4404, 0)
(4336, 7145, 4393, 0)
(4337, 5262, 4390, 0)
(4395, 7508, 4532, 0)
(5078, 7164, 5225, 0)
(4362, 5662, 4420, 0)
(5067, 6983, 5145, 0)
(5090, 6714, 5215, 0)
(4326, 5104, 4379, 0)
(5074, 6198, 5152, 0)
(4333, 5234, 4386, 0)
(4332, 5838, 4390, 0)
(5074, 6441, 5141, 0)
(4327, 5472, 4380, 0)
(4325, 5199, 4380, 0)
(4324, 6097, 4378, 0)
(4326, 5247, 4378, 0)
(5080, 6065, 5146, 0)
(4330, 5296, 4382, 0)
(4313, 5139, 4365, 0)
(4308, 6058, 4361, 0)
(5991, 7953, 6133, 0)
(4312, 5244, 4366, 0)
(4350, 5571, 4408, 0)
(5122, 6066, 5188, 0)
(4352, 5327, 4413, 0)
(5059, 6012, 5127, 0)
(5088, 6051, 5152, 0)
(4316, 5463, 4370, 0)
(5069, 6979, 5139, 0)
(4330, 5287, 4385, 0)
(4335, 5336, 4392, 0)
(4323, 5217, 4375, 0)
(4324, 5357, 4380, 0)
(5071, 6350, 5147, 0)
(5080, 6411, 5149, 0)
(5083, 6402, 5151, 0)
(4340, 5405, 4395, 0)
(4325, 5156, 4378, 0)
(4326, 5254, 4377, 0)
(5098, 6419, 5163, 0)
(5112, 6632, 5191, 0)
(4322, 5186, 4373, 0)
(4320, 5202, 4371, 0)
(5072, 5899, 5140, 0)
(4332, 5156, 4389, 0)
(4312, 5226, 4366, 0)
(5076, 6587, 5144, 0)
(4312, 5446, 4366, 0)
(5078, 6115, 5142, 0)
(4336, 5386, 4390, 0)
(4328, 5137, 4378, 0)
(5073, 6357, 5139, 0)
(4322, 5439, 4375, 0)
(5103, 6135, 5175, 0)
(5117, 6129, 5199, 0)
(5078, 6028, 5144, 0)
(4310, 5543, 4364, 0)
(4317, 5465, 4373, 0)
(4311, 5330, 4368, 0)
(4334, 5211, 4390, 0)
(4321, 5164, 4373, 0)
(5078, 6519, 5146, 0)
(5069, 6789, 5147, 0)
(5072, 6679, 5141, 0)
(4314, 6010, 4369, 0)
(4337, 5054, 4389, 0)
(4314, 5548, 4366, 0)
(4319, 5424, 4372, 0)
(4318, 5324, 4373, 0)
(5064, 6167, 5133, 0)
(4347, 5205, 4410, 0)
(5063, 6213, 5137, 0)
(4322, 5489, 4377, 0)
(4318, 5688, 4375, 0)
(4320, 5130, 4373, 0)
(5089, 6027, 5157, 0)
(4321, 5076, 4377, 0)
(4319, 5155, 4371, 0)
(4322, 5118, 4376, 0)
(5074, 6532, 5153, 0)
(5072, 6758, 5141, 0)
(5068, 6453, 5141, 0)
(5073, 6543, 5141, 0)
(5071, 6151, 5140, 0)
(4318, 5188, 4370, 0)
(5071, 6014, 5141, 0)
(4325, 5341, 4385, 0)
(4320, 5161, 4372, 0)
(4313, 5745, 4367, 0)
(5074, 6475, 5151, 0)
(4328, 5447, 4383, 0)
(4323, 5124, 4375, 0)
(4322, 5219, 4376, 0)
(4327, 5445, 4383, 0)
(4324, 5156, 4378, 0)
(5057, 6162, 5126, 0)
(4321, 5196, 4379, 0)
(5077, 6013, 5143, 0)
(5080, 6682, 5148, 0)
(4330, 5431, 4385, 0)
(5066, 6204, 5139, 0)
(4329, 5202, 4380, 0)
(5064, 6010, 5133, 0)
(5097, 5992, 5163, 0)
(4342, 5217, 4405, 0)
(4317, 5147, 4370, 0)
(5103, 6387, 5169, 0)
(4344, 5785, 4399, 0)
(4320, 5142, 4373, 0)
(5056, 6055, 5126, 0)
(4327, 5084, 4380, 0)
(5073, 6520, 5143, 0)
(4315, 5760, 4368, 0)
(4349, 5210, 4404, 0)
(4325, 5234, 4377, 0)
(4306, 5636, 4358, 0)
(4342, 5349, 4395, 0)
(4332, 5463, 4388, 0)
(5075, 6936, 5142, 0)
(5104, 6164, 5171, 0)
(4319, 5282, 4372, 0)
(5093, 6129, 5159, 0)
(4313, 5279, 4366, 0)
(5079, 6295, 5147, 0)
(5107, 6126, 5173, 0)
(4308, 5164, 4360, 0)
(5071, 6259, 5139, 0)
(5102, 6604, 5173, 0)
(4294, 5940, 4351, 0)
(5085, 6074, 5154, 0)
(4312, 5315, 4366, 0)
(4319, 5288, 4371, 0)
(4332, 5327, 4388, 0)
(5069, 6483, 5138, 0)
(5102, 6114, 5168, 0)
(4320, 5163, 4371, 0)
(5072, 5944, 5139, 0)
(5099, 6080, 5169, 0)
(4319, 5521, 4372, 0)
(5073, 6300, 5138, 0)
(5068, 6137, 5141, 0)
(4319, 5296, 4372, 0)
(4329, 5178, 4387, 0)
(4297, 5074, 4351, 0)
(5062, 6175, 5133, 0)
(4317, 5606, 4372, 0)
(4318, 5491, 4371, 0)
(4339, 5360, 4392, 0)
(4344, 5277, 4397, 0)
(4323, 5237, 4376, 0)
(4324, 5681, 4376, 0)
(5076, 6227, 5145, 0)
(5078, 6228, 5156, 0)
(4322, 5287, 4373, 0)
(4314, 5115, 4366, 0)
(4331, 6046, 4387, 0)
(4315, 5477, 4367, 0)
(4330, 5294, 4388, 0)
(4314, 5201, 4367, 0)
(4319, 5301, 4370, 0)
(5107, 6493, 5177, 0)
(4295, 5797, 4354, 0)
