(360, 592, 374, 0)
(361, 539, 373, 0)
(358, 503, 367, 0)
(358, 593, 370, 0)
(358, 517, 367, 0)
(363, 583, 371, 0)
(364, 571, 380, 0)
(798, 1153, 858, 0)
(360, 562, 375, 0)
(359, 597, 368, 0)
(361, 525, 367, 0)
(371, 600, 381, 0)
(355, 580, 363, 0)
(362, 535, 370, 0)
(812, 1198, 868, 0)
(360, 581, 367, 0)
(357, 538, 366, 0)
(365, 589, 379, 0)
(366, 581, 379, 0)
(357, 535, 366, 0)
(356, 548, 364, 0)
(360, 568, 376, 0)
(364, 551, 372, 0)
(360, 539, 371, 0)
(358, 549, 367, 0)
(359, 547, 367, 0)
(358, 545, 365, 0)
(358, 527, 367, 0)
(364, 531, 371, 0)
(795, 1182, 860, 0)
(361, 618, 368, 0)
(359, 530, 367, 0)
(360, 585, 373, 0)
(357, 613, 365, 0)
(361, 594, 369, 0)
(360, 582, 376, 0)
(364, 577, 377, 0)
(358, 586, 366, 0)
(361, 649, 374, 0)
(358, 499, 365, 0)
(356, 536, 366, 0)
(364, 553, 371, 0)
(365, 580, 373, 0)
(361, 560, 370, 0)
(356, 517, 365, 0)
(354, 625, 361, 0)
(360, 540, 368, 0)
(360, 553, 371, 0)
(360, 598, 371, 0)
(359, 590, 368, 0)
(362, 574, 370, 0)
(356, 580, 364, 0)
(362, 609, 372, 0)
(358, 532, 368, 0)
(360, 552, 367, 0)
(357, 566, 365, 0)
(361, 556, 371, 0)
(360, 587, 367, 0)
(358, 539, 365, 0)
(362, 592, 370, 0)
(364, 556, 376, 0)
(1572, 2289, 1610, 0)
(360, 574, 374, 0)
(361, 604, 369, 0)
(360, 592, 371, 0)
(355, 657, 363, 0)
(361, 607, 372, 0)
(361, 549, 370, 0)
(364, 546, 371, 0)
(367, 633, 384, 0)
(360, 572, 367, 0)
(358, 539, 366, 0)
(362, 603, 370, 0)
(357, 542, 367, 0)
(358, 537, 366, 0)
(359, 601, 369, 0)
(365, 666, 376, 0)
(778, 1101, 853, 0)
(356, 584, 364, 0)
(360, 581, 372, 0)
(354, 590, 362, 0)
(365, 553, 374, 0)
(362, 578, 372, 0)
(361, 534, 370, 0)
(360, 524, 373, 0)
(363, 565, 371, 0)
(365, 536, 379, 0)
(360, 496, 368, 0)
(364, 602, 372, 0)
(357, 548, 372, 0)
(365, 566, 373, 0)
(359, 602, 368, 0)
(364, 580, 372, 0)
(362, 581, 373, 0)
(367, 551, 380, 0)
(357, 533, 365, 0)
(368, 594, 382, 0)
(359, 596, 374, 0)
(364, 607, 373, 0)
(822, 1246, 881, 0)
(357, 593, 365, 0)
(356, 678, 363, 0)
(358, 551, 370, 0)
(357, 534, 365, 0)
(361, 569, 369, 0)
(360, 599, 374, 0)
(357, 521, 366, 0)
(359, 532, 368, 0)
(361, 614, 374, 0)
(364, 622, 374, 0)
(363, 580, 376, 0)
(358, 539, 365, 0)
(359, 563, 374, 0)
(365, 531, 373, 0)
(355, 514, 364, 0)
(355, 593, 364, 0)
(358, 547, 365, 0)
(359, 585, 366, 0)
(362, 553, 369, 0)
(356, 529, 369, 0)
(360, 562, 368, 0)
(359, 617, 374, 0)
(360, 559, 372, 0)
(360, 590, 372, 0)
(355, 564, 363, 0)
(360, 622, 374, 0)
(357, 601, 366, 0)
(361, 613, 370, 0)
(360, 648, 372, 0)
(357, 557, 366, 0)
(359, 530, 368, 0)
(363, 590, 372, 0)
(367, 598, 377, 0)
(359, 549, 366, 0)
(366, 557, 381, 0)
(356, 561, 364, 0)
(362, 564, 372, 0)
(360, 542, 371, 0)
(363, 589, 371, 0)
(366, 533, 374, 0)
(364, 528, 372, 0)
(358, 558, 365, 0)
(360, 537, 367, 0)
(360, 559, 369, 0)
(360, 620, 370, 0)
(358, 556, 369, 0)
(362, 691, 378, 0)
(357, 542, 365, 0)
(364, 583, 371, 0)
(360, 529, 371, 0)
(361, 566, 373, 0)
(362, 537, 372, 0)
(357, 537, 371, 0)
(360, 558, 368, 0)
(361, 586, 372, 0)
(365, 570, 378, 0)
(359, 591, 366, 0)
(365, 531, 372, 0)
(361, 576, 372, 0)
(360, 538, 373, 0)
(366, 566, 374, 0)
(362, 621, 371, 0)
(360, 573, 368, 0)
(360, 587, 375, 0)
(359, 579, 366, 0)
(356, 537, 369, 0)
(365, 596, 374, 0)
(358, 541, 366, 0)
(363, 608, 371, 0)
(356, 557, 365, 0)
(356, 525, 364, 0)
(357, 532, 365, 0)
(364, 689, 372, 0)
(354, 594, 363, 0)
(359, 532, 366, 0)
(360, 548, 373, 0)
(360, 583, 375, 0)
(360, 568, 373, 0)
(367, 576, 384, 0)
(366, 518, 373, 0)
(360, 576, 367, 0)
(360, 525, 368, 0)
(354, 548, 363, 0)
(355, 532, 365, 0)
(358, 585, 367, 0)
(360, 606, 374, 0)
(353, 528, 361, 0)
(359, 628, 371, 0)
(365, 545, 372, 0)
(362, 577, 374, 0)
(362, 536, 376, 0)
(360, 564, 368, 0)
(365, 558, 374, 0)
(776, 1234, 821, 0)
(360, 567, 368, 0)
(360, 573, 368, 0)
(363, 542, 383, 0)
(360, 568, 368, 0)
(799, 1258, 869, 0)
(359, 545, 366, 0)
(360, 533, 367, 0)
(364, 567, 375, 0)
(358, 547, 366, 0)
(355, 543, 363, 0)
(358, 550, 365, 0)
(363, 582, 377, 0)
(359, 595, 367, 0)
(354, 519, 361, 0)
(357, 549, 365, 0)
(370, 599, 387, 0)
(360, 603, 371, 0)
(358, 573, 369, 0)
(359, 569, 368, 0)
(354, 590, 362, 0)
(361, 580, 368, 0)
(356, 561, 364, 0)
(358, 576, 368, 0)
(359, 518, 367, 0)
(1650, 2376, 1700, 0)
(364, 594, 373, 0)
(358, 538, 365, 0)
(362, 532, 371, 0)
(363, 570, 371, 0)
(361, 556, 369, 0)
(364, 593, 371, 0)
(356, 567, 364, 0)
(362, 594, 373, 0)
(368, 563, 383, 0)
(360, 537, 368, 0)
(359, 592, 367, 0)
(364, 525, 372, 0)
(361, 632, 371, 0)
(372, 645, 389, 0)
(774, 1220, 851, 0)
(369, 593, 383, 0)
(364, 582, 378, 0)
(355, 524, 364, 0)
(355, 573, 363, 0)
(360, 586, 367, 0)
(360, 563, 376, 0)
(362, 593, 370, 0)
(356, 592, 364, 0)
(770, 1227, 841, 0)
(366, 570, 373, 0)
(360, 569, 372, 0)
(360, 564, 367, 0)
(362, 607, 370, 0)
(364, 541, 371, 0)
(357, 543, 364, 0)
(363, 566, 372, 0)
(356, 528, 363, 0)
(356, 528, 364, 0)
(358, 600, 366, 0)
(356, 602, 364, 0)
(361, 551, 368, 0)
(357, 575, 365, 0)
(356, 597, 364, 0)
(361, 580, 370, 0)
(360, 552, 372, 0)
(358, 757, 368, 0)
(366, 559, 375, 0)
(360, 664, 370, 0)
(356, 537, 365, 0)
(358, 599, 367, 0)
(364, 574, 371, 0)
(355, 578, 363, 0)
(354, 528, 364, 0)
(360, 550, 367, 0)
(356, 568, 364, 0)
(1617, 2313, 1668, 0)
(783, 1119, 817, 0)
(366, 529, 379, 0)
(816, 1262, 854, 0)
(361, 590, 374, 0)
(358, 615, 367, 0)
(362, 591, 371, 0)
(362, 609, 370, 0)
(361, 613, 368, 0)
(356, 534, 364, 0)
(359, 555, 373, 0)
(356, 525, 364, 0)
(362, 542, 370, 0)
(370, 629, 388, 0)
(360, 509, 367, 0)
(760, 1177, 826, 0)
(362, 545, 369, 0)
(358, 558, 366, 0)
(356, 563, 365, 0)
(357, 506, 365, 0)
(359, 523, 367, 0)
(360, 621, 371, 0)
(357, 537, 364, 0)
(362, 559, 370, 0)
(355, 571, 364, 0)
(364, 533, 371, 0)
(356, 546, 363, 0)
(363, 623, 371, 0)
(362, 576, 370, 0)
(360, 559, 372, 0)
(356, 596, 364, 0)
(353, 588, 361, 0)
(784, 1344, 839, 0)
(360, 577, 367, 0)
(357, 552, 364, 0)
(358, 553, 368, 0)
(356, 584, 364, 0)
(360, 530, 375, 0)
(362, 576, 370, 0)
(361, 573, 369, 0)
(358, 575, 367, 0)
(367, 545, 376, 0)
(357, 529, 365, 0)
(365, 635, 380, 0)
(360, 566, 371, 0)
(361, 555, 374, 0)
(365, 546, 377, 0)
(356, 602, 364, 0)
(360, 604, 368, 0)
(360, 600, 367, 0)
(361, 532, 375, 0)
(359, 535, 367, 0)
(360, 694, 374, 0)
(365, 567, 381, 0)
(362, 558, 370, 0)
(358, 583, 366, 0)
(362, 544, 370, 0)
(358, 577, 366, 0)
(362, 575, 370, 0)
(369, 625, 384, 0)
(361, 559, 369, 0)
(363, 564, 370, 0)
(356, 558, 365, 0)
(362, 622, 371, 0)
(355, 561, 364, 0)
(362, 526, 372, 0)
(361, 561, 368, 0)
(359, 593, 372, 0)
(361, 548, 368, 0)
(360, 634, 374, 0)
(375, 555, 383, 0)
(366, 672, 375, 0)
(359, 546, 368, 0)
(357, 592, 365, 0)
(360, 522, 368, 0)
(363, 610, 372, 0)
(363, 583, 373, 0)
(360, 567, 368, 0)
(747, 1124, 813, 0)
(356, 556, 364, 0)
(360, 582, 368, 0)
(360, 566, 371, 0)
(356, 555, 364, 0)
(812, 1298, 879, 0)
(360, 543, 369, 0)
(356, 559, 365, 0)
(358, 566, 370, 0)
(355, 586, 364, 0)
(360, 607, 374, 0)
(356, 524, 364, 0)
(358, 564, 366, 0)
(358, 518, 366, 0)
(361, 558, 371, 0)
(359, 625, 367, 0)
(357, 595, 372, 0)
(359, 514, 367, 0)
(361, 532, 369, 0)
(357, 564, 366, 0)
(362, 606, 372, 0)
(365, 559, 375, 0)
(361, 561, 374, 0)
(373, 631, 385, 0)
(358, 533, 365, 0)
(356, 555, 366, 0)
(359, 547, 371, 0)
(764, 1226, 815, 0)
(356, 576, 365, 0)
(361, 553, 369, 0)
(360, 541, 374, 0)
(358, 532, 366, 0)
(361, 599, 368, 0)
(362, 580, 371, 0)
(358, 609, 369, 0)
(356, 564, 370, 0)
(356, 524, 364, 0)
(360, 625, 371, 0)
(364, 637, 372, 0)
(364, 544, 371, 0)
(361, 550, 373, 0)
(356, 541, 364, 0)
(360, 531, 368, 0)
(360, 540, 372, 0)
(354, 613, 361, 0)
(366, 544, 375, 0)
(366, 607, 378, 0)
(366, 591, 382, 0)
(361, 602, 372, 0)
(767, 1189, 842, 0)
(358, 538, 365, 0)
(360, 547, 371, 0)
(356, 530, 363, 0)
(355, 605, 364, 0)
(760, 1214, 840, 0)
(358, 594, 370, 0)
(767, 1225, 820, 0)
(356, 551, 364, 0)
(358, 577, 367, 0)
(358, 634, 366, 0)
(358, 603, 367, 0)
(366, 558, 374, 0)
(357, 664, 365, 0)
(360, 541, 372, 0)
(362, 582, 371, 0)
(354, 591, 362, 0)
(359, 554, 367, 0)
(356, 688, 365, 0)
(356, 557, 365, 0)
(362, 591, 378, 0)
(367, 593, 375, 0)
(359, 537, 367, 0)
(356, 570, 363, 0)
(362, 566, 370, 0)
(357, 565, 364, 0)
(362, 583, 370, 0)
(358, 519, 366, 0)
(360, 574, 373, 0)
(357, 647, 365, 0)
(363, 540, 371, 0)
(358, 573, 367, 0)
(361, 586, 369, 0)
(361, 545, 372, 0)
(358, 568, 366, 0)
(369, 616, 378, 0)
(358, 565, 366, 0)
(774, 1174, 845, 0)
(359, 532, 367, 0)
(359, 546, 367, 0)
(365, 631, 385, 0)
(358, 568, 365, 0)
(360, 559, 371, 0)
(363, 620, 379, 0)
(360, 571, 368, 0)
(395, 696, 437, 0)
(357, 956, 367, 0)
(360, 569, 375, 0)
(363, 642, 371, 0)
(355, 612, 364, 0)
(360, 608, 373, 0)
(356, 568, 364, 0)
(366, 544, 373, 0)
(360, 602, 368, 0)
(357, 575, 365, 0)
(364, 4873, 371, 0)
(360, 531, 374, 0)
(360, 580, 367, 0)
(363, 606, 373, 0)
(359, 550, 369, 0)
(356, 613, 364, 0)
(355, 588, 363, 0)
(360, 545, 367, 0)
(359, 617, 372, 0)
(364, 531, 371, 0)
(361, 523, 372, 0)
(361, 539, 369, 0)
(359, 573, 366, 0)
(361, 649, 376, 0)
(359, 546, 367, 0)
(359, 564, 368, 0)
(359, 506, 367, 0)
(369, 646, 384, 0)
(364, 554, 372, 0)
(361, 572, 369, 0)
(358, 598, 366, 0)
(362, 573, 371, 0)
(358, 549, 376, 0)
(356, 619, 364, 0)
(360, 543, 368, 0)
(356, 572, 365, 0)
(363, 587, 374, 0)
(359, 534, 367, 0)
(356, 555, 365, 0)
(364, 598, 373, 0)
(357, 559, 366, 0)
(366, 559, 379, 0)
(361, 570, 369, 0)
(360, 594, 369, 0)
(357, 550, 366, 0)
(362, 583, 369, 0)
(356, 616, 364, 0)
(362, 589, 370, 0)
(356, 561, 364, 0)
(356, 566, 368, 0)
(354, 525, 363, 0)
(360, 519, 367, 0)
(360, 613, 366, 0)
(357, 553, 364, 0)
(368, 560, 382, 0)
(359, 703, 367, 0)
(360, 641, 374, 0)
(360, 531, 374, 0)
(360, 589, 369, 0)
(360, 627, 373, 0)
(362, 568, 372, 0)
(361, 581, 369, 0)
(362, 602, 371, 0)
(360, 605, 372, 0)
(367, 610, 383, 0)
(357, 568, 365, 0)
(365, 541, 372, 0)
(363, 593, 370, 0)
(360, 607, 368, 0)
(360, 578, 368, 0)
(365, 575, 381, 0)
(360, 607, 372, 0)
(358, 539, 366, 0)
(366, 567, 374, 0)
(370, 543, 379, 0)
(358, 559, 365, 0)
(358, 520, 366, 0)
(357, 558, 366, 0)
(361, 541, 369, 0)
(354, 531, 363, 0)
(355, 573, 364, 0)
(360, 568, 366, 0)
(357, 607, 366, 0)
(363, 579, 373, 0)
(358, 535, 366, 0)
(356, 514, 365, 0)
(362, 563, 371, 0)
(359, 555, 366, 0)
(356, 546, 364, 0)
(362, 564, 370, 0)
(357, 571, 365, 0)
(371, 561, 382, 0)
(359, 525, 368, 0)
(360, 544, 372, 0)
(363, 530, 371, 0)
(361, 576, 369, 0)
(365, 551, 373, 0)
(364, 588, 372, 0)
(358, 589, 365, 0)
(359, 538, 367, 0)
(357, 573, 366, 0)
(360, 532, 368, 0)
(362, 542, 374, 0)
(361, 541, 373, 0)
(356, 535, 363, 0)
(361, 593, 370, 0)
(356, 535, 364, 0)
(362, 564, 371, 0)
(357, 595, 367, 0)
(359, 521, 365, 0)
(362, 560, 373, 0)
(362, 541, 376, 0)
(356, 574, 365, 0)
(360, 579, 374, 0)
(362, 563, 370, 0)
(360, 541, 368, 0)
(356, 543, 364, 0)
(356, 549, 365, 0)
(361, 555, 369, 0)
(360, 522, 374, 0)
(748, 1118, 814, 0)
(362, 628, 369, 0)
(358, 545, 366, 0)
(356, 570, 365, 0)
(361, 606, 373, 0)
(359, 603, 371, 0)
(366, 598, 381, 0)
(359, 569, 367, 0)
(361, 568, 368, 0)
(355, 541, 363, 0)
(356, 588, 364, 0)
(361, 554, 368, 0)
(362, 577, 370, 0)
(359, 540, 366, 0)
(357, 547, 364, 0)
(364, 555, 371, 0)
(364, 580, 371, 0)
(362, 584, 375, 0)
(361, 597, 369, 0)
(358, 552, 365, 0)
(356, 560, 364, 0)
(362, 558, 371, 0)
(361, 609, 371, 0)
(815, 1211, 856, 0)
(357, 634, 365, 0)
(360, 578, 368, 0)
(368, 580, 381, 0)
(373, 562, 388, 0)
(367, 591, 374, 0)
(363, 523, 371, 0)
(360, 570, 368, 0)
(360, 589, 367, 0)
(358, 534, 366, 0)
(358, 524, 367, 0)
(361, 504, 369, 0)
(361, 553, 369, 0)
(360, 593, 372, 0)
(358, 556, 366, 0)
(358, 608, 367, 0)
(358, 506, 366, 0)
(360, 522, 373, 0)
(361, 535, 375, 0)
(362, 601, 371, 0)
(362, 572, 374, 0)
(362, 565, 371, 0)
(360, 586, 371, 0)
(360, 583, 371, 0)
(360, 575, 369, 0)
(360, 547, 367, 0)
(360, 551, 374, 0)
(361, 535, 368, 0)
(364, 515, 372, 0)
(360, 558, 371, 0)
(362, 594, 376, 0)
(358, 525, 366, 0)
(356, 558, 366, 0)
(363, 580, 372, 0)
(360, 582, 371, 0)
(360, 548, 368, 0)
(364, 573, 371, 0)
(361, 578, 370, 0)
(356, 598, 365, 0)
(361, 535, 370, 0)
(355, 531, 363, 0)
(356, 570, 364, 0)
(773, 1356, 850, 0)
(367, 562, 376, 0)
(360, 516, 367, 0)
(360, 550, 368, 0)
(356, 558, 363, 0)
(359, 554, 367, 0)
(365, 598, 372, 0)
(361, 637, 370, 0)
(360, 502, 367, 0)
(357, 573, 365, 0)
(358, 520, 366, 0)
(768, 1162, 835, 0)
(360, 559, 368, 0)
(362, 544, 371, 0)
(362, 590, 370, 0)
(361, 567, 372, 0)
(357, 534, 364, 0)
(363, 628, 385, 0)
(776, 1166, 828, 0)
(359, 589, 366, 0)
(360, 532, 368, 0)
(353, 565, 361, 0)
(360, 552, 371, 0)
(355, 542, 364, 0)
(358, 511, 367, 0)
(359, 576, 369, 0)
(357, 611, 364, 0)
(359, 550, 374, 0)
(362, 605, 370, 0)
(361, 556, 369, 0)
(360, 555, 374, 0)
(361, 543, 369, 0)
(360, 580, 371, 0)
(364, 570, 371, 0)
(363, 568, 378, 0)
(365, 554, 373, 0)
(798, 1210, 867, 0)
(359, 620, 371, 0)
(363, 600, 373, 0)
(363, 547, 376, 0)
(357, 566, 367, 0)
(360, 519, 371, 0)
(364, 573, 371, 0)
(356, 562, 364, 0)
(357, 566, 365, 0)
(361, 599, 370, 0)
(363, 555, 371, 0)
(359, 515, 367, 0)
(356, 560, 364, 0)
(361, 582, 369, 0)
(357, 585, 365, 0)
(362, 558, 373, 0)
(363, 572, 376, 0)
(359, 568, 366, 0)
(361, 569, 371, 0)
(361, 523, 369, 0)
(360, 626, 373, 0)
(358, 561, 367, 0)
(360, 559, 367, 0)
(358, 529, 366, 0)
(364, 566, 371, 0)
(360, 566, 372, 0)
(362, 525, 371, 0)
(356, 539, 368, 0)
(363, 595, 371, 0)
(366, 641, 374, 0)
(360, 592, 368, 0)
(357, 544, 370, 0)
(361, 573, 373, 0)
(364, 585, 372, 0)
(361, 540, 368, 0)
(360, 531, 368, 0)
(364, 544, 372, 0)
(358, 535, 367, 0)
(354, 507, 362, 0)
(748, 1106, 814, 0)
(358, 554, 366, 0)
(364, 573, 376, 0)
(360, 574, 374, 0)
(360, 560, 371, 0)
(356, 553, 365, 0)
(357, 583, 365, 0)
(358, 559, 369, 0)
(360, 598, 371, 0)
(365, 548, 373, 0)
(360, 520, 368, 0)
(355, 555, 364, 0)
(357, 556, 365, 0)
(355, 620, 363, 0)
(363, 578, 372, 0)
(777, 1187, 843, 0)
(354, 556, 363, 0)
(358, 608, 366, 0)
(358, 554, 366, 0)
(356, 543, 364, 0)
(359, 521, 367, 0)
(362, 532, 371, 0)
(361, 551, 369, 0)
(362, 580, 372, 0)
(363, 598, 376, 0)
(358, 554, 366, 0)
(355, 547, 363, 0)
(361, 563, 368, 0)
(364, 546, 371, 0)
(359, 544, 368, 0)
(359, 544, 367, 0)
(368, 609, 384, 0)
(354, 562, 363, 0)
(356, 573, 364, 0)
(358, 533, 366, 0)
(357, 579, 364, 0)
(358, 592, 367, 0)
(365, 544, 372, 0)
(358, 543, 366, 0)
(361, 575, 369, 0)
(363, 579, 374, 0)
(370, 619, 381, 0)
(360, 575, 371, 0)
(357, 575, 372, 0)
(359, 575, 370, 0)
(361, 567, 370, 0)
(361, 560, 374, 0)
(360, 598, 368, 0)
(356, 565, 363, 0)
(364, 557, 370, 0)
(358, 509, 365, 0)
(358, 569, 372, 0)
(355, 609, 363, 0)
(355, 535, 363, 0)
(361, 560, 369, 0)
(360, 643, 368, 0)
(360, 580, 368, 0)
(355, 550, 365, 0)
(357, 541, 369, 0)
(360, 585, 371, 0)
(364, 557, 373, 0)
(362, 538, 371, 0)
(362, 551, 371, 0)
(355, 507, 363, 0)
(361, 543, 368, 0)
(358, 546, 369, 0)
(360, 540, 371, 0)
(361, 548, 369, 0)
(362, 548, 371, 0)
(363, 576, 376, 0)
(353, 544, 361, 0)
(356, 556, 364, 0)
(363, 563, 378, 0)
(356, 517, 365, 0)
(357, 504, 366, 0)
(364, 546, 372, 0)
(356, 624, 364, 0)
(360, 537, 369, 0)
(355, 511, 362, 0)
(358, 556, 366, 0)
(358, 564, 365, 0)
(356, 503, 365, 0)
(356, 535, 364, 0)
(362, 535, 371, 0)
(358, 536, 365, 0)
(366, 554, 373, 0)
(360, 583, 368, 0)
(360, 542, 371, 0)
(364, 597, 371, 0)
(355, 549, 363, 0)
(360, 612, 372, 0)
(366, 586, 380, 0)
(361, 544, 371, 0)
(357, 566, 365, 0)
(759, 1110, 839, 0)
(361, 550, 373, 0)
(360, 546, 375, 0)
(360, 550, 368, 0)
(362, 573, 370, 0)
(356, 529, 364, 0)
(360, 537, 368, 0)
(357, 532, 366, 0)
(363, 527, 374, 0)
(363, 586, 376, 0)
(362, 572, 374, 0)
(359, 534, 367, 0)
(361, 534, 370, 0)
(354, 578, 362, 0)
(358, 529, 365, 0)
(357, 522, 365, 0)
(359, 539, 372, 0)
(362, 562, 371, 0)
(360, 530, 374, 0)
(358, 549, 365, 0)
(359, 525, 367, 0)
(359, 535, 367, 0)
(357, 529, 365, 0)
(358, 579, 368, 0)
(362, 624, 370, 0)
(774, 1107, 845, 0)
(355, 514, 364, 0)
(361, 515, 369, 0)
(358, 540, 367, 0)
(362, 533, 370, 0)
(365, 560, 374, 0)
(357, 531, 369, 0)
(377, 577, 400, 0)
(404, 621, 417, 0)
(356, 560, 365, 0)
(358, 508, 366, 0)
(361, 543, 371, 0)
(370, 572, 379, 0)
(357, 559, 366, 0)
(362, 944, 371, 0)
(363, 606, 376, 0)
(356, 627, 364, 0)
(364, 513, 372, 0)
(361, 536, 369, 0)
(365, 571, 373, 0)
(364, 556, 371, 0)
(360, 529, 368, 0)
(365, 571, 372, 0)
(360, 569, 371, 0)
(360, 525, 372, 0)
(361, 511, 368, 0)
(360, 549, 368, 0)
(364, 541, 372, 0)
(360, 546, 369, 0)
(360, 557, 372, 0)
(358, 548, 367, 0)
(356, 533, 364, 0)
(364, 534, 371, 0)
(356, 538, 364, 0)
(358, 564, 368, 0)
(357, 559, 365, 0)
(756, 1070, 827, 0)
(357, 531, 366, 0)
(361, 507, 369, 0)
(358, 664, 366, 0)
(359, 507, 367, 0)
(354, 555, 362, 0)
(360, 560, 369, 0)
(367, 769, 382, 0)
(356, 573, 363, 0)
(360, 551, 370, 0)
(358, 557, 366, 0)
(363, 522, 374, 0)
(356, 548, 370, 0)
(365, 559, 373, 0)
(358, 541, 365, 0)
(363, 589, 372, 0)
(364, 549, 371, 0)
(360, 599, 374, 0)
(360, 559, 369, 0)
(357, 561, 365, 0)
(366, 561, 380, 0)
(359, 530, 372, 0)
(366, 537, 373, 0)
(364, 557, 371, 0)
(362, 514, 370, 0)
(364, 567, 379, 0)
(357, 551, 367, 0)
(358, 535, 367, 0)
(360, 533, 367, 0)
(361, 554, 369, 0)
(360, 558, 368, 0)
(361, 559, 370, 0)
(357, 535, 364, 0)
(363, 566, 373, 0)
(360, 535, 367, 0)
(365, 530, 373, 0)
(362, 543, 370, 0)
(362, 578, 372, 0)
(361, 563, 375, 0)
(360, 531, 368, 0)
(353, 521, 361, 0)
(363, 567, 372, 0)
(359, 524, 370, 0)
(359, 564, 368, 0)
(357, 570, 365, 0)
(363, 562, 372, 0)
(360, 575, 374, 0)
(371, 533, 384, 0)
(360, 534, 368, 0)
(362, 598, 370, 0)
(358, 537, 366, 0)
(362, 543, 372, 0)
(361, 555, 370, 0)
(359, 555, 371, 0)
(360, 537, 368, 0)
(822, 1240, 879, 0)
(368, 533, 382, 0)
(360, 514, 367, 0)
(354, 570, 364, 0)
(366, 577, 381, 0)
(362, 553, 372, 0)
(775, 1163, 843, 0)
(369, 550, 381, 0)
(362, 496, 369, 0)
(361, 606, 372, 0)
(768, 1158, 847, 0)
(355, 593, 366, 0)
(362, 530, 370, 0)
(360, 543, 371, 0)
(358, 613, 365, 0)
(360, 572, 368, 0)
(365, 653, 373, 0)
(369, 541, 385, 0)
(359, 524, 366, 0)
(360, 522, 371, 0)
(366, 604, 381, 0)
(360, 549, 375, 0)
(357, 522, 364, 0)
(360, 531, 371, 0)
(356, 558, 363, 0)
(362, 566, 369, 0)
(360, 542, 367, 0)
(358, 522, 365, 0)
(362, 552, 371, 0)
(360, 583, 374, 0)
(361, 522, 370, 0)
(359, 522, 366, 0)
(364, 532, 371, 0)
(360, 567, 371, 0)
(362, 555, 371, 0)
(360, 519, 372, 0)
(358, 565, 370, 0)
(364, 530, 371, 0)
(354, 604, 365, 0)
(360, 525, 368, 0)
(360, 529, 368, 0)
(356, 550, 364, 0)
(361, 495, 369, 0)
(357, 574, 364, 0)
(356, 554, 365, 0)
(356, 548, 366, 0)
(366, 519, 374, 0)
(360, 503, 368, 0)
(782, 1088, 832, 0)
(358, 584, 370, 0)
(358, 546, 367, 0)
(361, 546, 369, 0)
(361, 520, 370, 0)
(354, 535, 362, 0)
(360, 511, 367, 0)
(356, 535, 363, 0)
(365, 526, 372, 0)
(353, 532, 361, 0)
(360, 579, 374, 0)
(362, 567, 372, 0)
(356, 513, 365, 0)
(357, 525, 366, 0)
(360, 546, 367, 0)
(360, 517, 368, 0)
(356, 529, 364, 0)
(361, 575, 374, 0)
(797, 1135, 862, 0)
(360, 547, 374, 0)
(360, 566, 374, 0)
(358, 546, 367, 0)
(361, 523, 369, 0)
(360, 545, 368, 0)
(364, 532, 371, 0)
(360, 582, 374, 0)
(360, 536, 368, 0)
(366, 547, 375, 0)
(360, 556, 371, 0)
(362, 575, 370, 0)
(356, 575, 364, 0)
(357, 535, 367, 0)
(359, 515, 366, 0)
(359, 511, 367, 0)
(360, 560, 367, 0)
(360, 558, 368, 0)
(361, 560, 374, 0)
(360, 543, 374, 0)
(358, 594, 366, 0)
(357, 532, 364, 0)
(360, 534, 367, 0)
