(1484, 1969, 1513, 0)
(1072, 1331, 1101, 0)
(1076, 1447, 1105, 0)
(1071, 1394, 1098, 0)
(1069, 1505, 1101, 0)
(1073, 1463, 1101, 0)
(1074, 1335, 1101, 0)
(1071, 1422, 1100, 0)
(1079, 1435, 1107, 0)
(1069, 1423, 1099, 0)
(1080, 1474, 1111, 0)
(1086, 1493, 1115, 0)
(1074, 1399, 1105, 0)
(1073, 1493, 1100, 0)
(1077, 1507, 1106, 0)
(1071, 1474, 1099, 0)
(1070, 1410, 1099, 0)
(1075, 1454, 1108, 0)
(1075, 1490, 1105, 0)
(1090, 1502, 1123, 0)
(1071, 1399, 1099, 0)
(1470, 2337, 1511, 0)
(1072, 1432, 1101, 0)
(1078, 1425, 1109, 0)
(1080, 1367, 1112, 0)
(1084, 1479, 1116, 0)
(1077, 1374, 1106, 0)
(1076, 1450, 1105, 0)
(1072, 1485, 1100, 0)
(1072, 1417, 1099, 0)
(1471, 1844, 1508, 0)
(1077, 1542, 1106, 0)
(1472, 2105, 1507, 0)
(1071, 1398, 1100, 0)
(1074, 1406, 1101, 0)
(1087, 1424, 1115, 0)
(1081, 1672, 1113, 0)
(1084, 1468, 1113, 0)
(1076, 1412, 1105, 0)
(1073, 1558, 1100, 0)
(1483, 1996, 1522, 0)
(1071, 1435, 1100, 0)
(1075, 1390, 1105, 0)
(1070, 1590, 1100, 0)
(1074, 1453, 1104, 0)
(1075, 1496, 1104, 0)
(1471, 1890, 1508, 0)
(1077, 1419, 1107, 0)
(1074, 1833, 1103, 0)
(1070, 1515, 1100, 0)
(1069, 1484, 1099, 0)
(1076, 1404, 1105, 0)
(1073, 1382, 1106, 0)
(1076, 1531, 1108, 0)
(1076, 1584, 1105, 0)
(1078, 1466, 1111, 0)
(1074, 1382, 1101, 0)
(1080, 1350, 1109, 0)
(1071, 1490, 1098, 0)
(1084, 1537, 1117, 0)
(1073, 1387, 1101, 0)
(1472, 1837, 1508, 0)
(1079, 1428, 1108, 0)
(1071, 1438, 1100, 0)
(1075, 1457, 1104, 0)
(1072, 1369, 1100, 0)
(1071, 1381, 1100, 0)
(1075, 1410, 1104, 0)
(1071, 1463, 1100, 0)
(1078, 1541, 1109, 0)
(1474, 1998, 1510, 0)
(1070, 1417, 1098, 0)
(1072, 1397, 1101, 0)
(1075, 1514, 1104, 0)
(1071, 1422, 1100, 0)
(1071, 1366, 1100, 0)
(1077, 1441, 1108, 0)
(1071, 1521, 1100, 0)
(1075, 1476, 1105, 0)
(1090, 1511, 1122, 0)
(1075, 1411, 1105, 0)
(1084, 1673, 1114, 0)
(2487, 3252, 2537, 0)
(1072, 1563, 1101, 0)
(1072, 1401, 1100, 0)
(1075, 1487, 1105, 0)
(1071, 1457, 1099, 0)
(1080, 1387, 1110, 0)
(1087, 1423, 1116, 0)
(1076, 1348, 1105, 0)
(1071, 1623, 1099, 0)
(1081, 1546, 1113, 0)
(1070, 1394, 1099, 0)
(1092, 1443, 1126, 0)
(1077, 1507, 1106, 0)
(1072, 1466, 1102, 0)
(1476, 1877, 1513, 0)
(1488, 1896, 1524, 0)
(1071, 1508, 1102, 0)
(1075, 1529, 1104, 0)
(1076, 1408, 1106, 0)
(1074, 1372, 1104, 0)
(1092, 1549, 1123, 0)
(1075, 1458, 1105, 0)
(1082, 1521, 1117, 0)
(1072, 1378, 1100, 0)
(1084, 1484, 1113, 0)
(1075, 1445, 1106, 0)
(1080, 1405, 1108, 0)
(1075, 1545, 1104, 0)
(1073, 1416, 1101, 0)
(1084, 1467, 1114, 0)
(1083, 1531, 1112, 0)
(1076, 1503, 1105, 0)
(1076, 1397, 1104, 0)
(1070, 1437, 1100, 0)
(1080, 1410, 1110, 0)
(1071, 1462, 1101, 0)
(1071, 1523, 1100, 0)
(1075, 1368, 1104, 0)
(1071, 1372, 1100, 0)
(1085, 1559, 1113, 0)
(1069, 1416, 1099, 0)
(1079, 1395, 1109, 0)
(1076, 1435, 1106, 0)
(1085, 1380, 1116, 0)
(1072, 1337, 1101, 0)
(1075, 1710, 1101, 0)
(1071, 1462, 1100, 0)
(1090, 1505, 1125, 0)
(1078, 1393, 1109, 0)
(1077, 1524, 1108, 0)
(1072, 1475, 1100, 0)
(1072, 1376, 1101, 0)
(1086, 1403, 1116, 0)
(1093, 1439, 1126, 0)
(1075, 1372, 1106, 0)
(1071, 1435, 1102, 0)
(1091, 1626, 1122, 0)
(1488, 2075, 1528, 0)
(1072, 1411, 1101, 0)
(1072, 1390, 1100, 0)
(1083, 1495, 1114, 0)
(1091, 1611, 1125, 0)
(1085, 1502, 1114, 0)
(1073, 1398, 1103, 0)
(1471, 1892, 1506, 0)
(1072, 1479, 1100, 0)
(1075, 1420, 1105, 0)
(1071, 1424, 1100, 0)
(1077, 1466, 1107, 0)
(1072, 1577, 1100, 0)
(1074, 1460, 1104, 0)
(1073, 1432, 1101, 0)
(1073, 1432, 1101, 0)
(1472, 1984, 1509, 0)
(1076, 1440, 1105, 0)
(1075, 1383, 1105, 0)
(1073, 1381, 1102, 0)
(1071, 1514, 1100, 0)
(1087, 1474, 1114, 0)
(1073, 1462, 1101, 0)
(1080, 1466, 1113, 0)
(1072, 1453, 1100, 0)
(1072, 1391, 1100, 0)
(1085, 1459, 1116, 0)
(1070, 1458, 1100, 0)
(1076, 1469, 1105, 0)
(1089, 1527, 1122, 0)
(1077, 1342, 1106, 0)
(1069, 1471, 1101, 0)
(1074, 1497, 1105, 0)
(1074, 1389, 1101, 0)
(1071, 1393, 1100, 0)
(1071, 1431, 1101, 0)
(1076, 1684, 1105, 0)
(1476, 1853, 1512, 0)
(1077, 1383, 1106, 0)
(1102, 1542, 1131, 0)
(1096, 1674, 1125, 0)
(1069, 1474, 1098, 0)
(1072, 1416, 1100, 0)
(1084, 1443, 1115, 0)
(1085, 1591, 1117, 0)
(1477, 2146, 1513, 0)
(1073, 1459, 1100, 0)
(1075, 1540, 1105, 0)
(1074, 1449, 1101, 0)
(1106, 1508, 1138, 0)
(1075, 1436, 1105, 0)
(1075, 1410, 1105, 0)
(1472, 1816, 1509, 0)
(1077, 1454, 1106, 0)
(1473, 2025, 1509, 0)
(1074, 1507, 1102, 0)
(1072, 1397, 1100, 0)
(1075, 1387, 1104, 0)
(1070, 1432, 1099, 0)
(1075, 1511, 1105, 0)
(1076, 1484, 1105, 0)
(1076, 1386, 1105, 0)
(1072, 1508, 1100, 0)
(1077, 1455, 1105, 0)
(1079, 1450, 1110, 0)
(1076, 1441, 1109, 0)
(1072, 1367, 1099, 0)
(1075, 1411, 1104, 0)
(1081, 1498, 1110, 0)
(1076, 1453, 1106, 0)
(1071, 1375, 1100, 0)
(1071, 1477, 1100, 0)
(1086, 1558, 1117, 0)
(1081, 1462, 1113, 0)
(1072, 1462, 1100, 0)
(1075, 1377, 1104, 0)
(1076, 1454, 1105, 0)
(1071, 1518, 1100, 0)
(1073, 1460, 1101, 0)
(1083, 1435, 1112, 0)
(1101, 1401, 1136, 0)
(1083, 1463, 1117, 0)
(1096, 1443, 1124, 0)
(1077, 1428, 1106, 0)
(1075, 1398, 1105, 0)
(1073, 1479, 1102, 0)
(1075, 1499, 1106, 0)
(1078, 1461, 1107, 0)
(1076, 1415, 1105, 0)
(1075, 1378, 1104, 0)
(1098, 1553, 1131, 0)
(1472, 1958, 1507, 0)
(1082, 1442, 1112, 0)
(1930, 2374, 1976, 0)
(1072, 1381, 1100, 0)
(1076, 1368, 1106, 0)
(1070, 1492, 1098, 0)
(1074, 1442, 1104, 0)
(1476, 1969, 1512, 0)
(1075, 1367, 1106, 0)
(1080, 1417, 1110, 0)
(1071, 1579, 1100, 0)
(1075, 1466, 1105, 0)
(1083, 1519, 1114, 0)
(1075, 1440, 1105, 0)
(1074, 1472, 1105, 0)
(1071, 1444, 1100, 0)
(1092, 1445, 1126, 0)
(1477, 1853, 1515, 0)
(1082, 1433, 1115, 0)
(1072, 1392, 1100, 0)
(1076, 1556, 1110, 0)
(1077, 1588, 1106, 0)
(1074, 1428, 1104, 0)
(1074, 1360, 1101, 0)
(1075, 1415, 1104, 0)
(1075, 1390, 1105, 0)
(1070, 1478, 1100, 0)
(1071, 1408, 1100, 0)
(1492, 1871, 1527, 0)
(1084, 1413, 1114, 0)
(1072, 1507, 1101, 0)
(1072, 1543, 1100, 0)
(1075, 1768, 1105, 0)
(1081, 1479, 1108, 0)
(1075, 1423, 1105, 0)
(1071, 1453, 1099, 0)
(1073, 1425, 1100, 0)
(1080, 1502, 1108, 0)
(1077, 1423, 1108, 0)
(1078, 1382, 1108, 0)
(1482, 1879, 1513, 0)
(1075, 1418, 1105, 0)
(1472, 2064, 1507, 0)
(1074, 1435, 1102, 0)
(1071, 1336, 1098, 0)
(1069, 1521, 1099, 0)
(1081, 1398, 1111, 0)
(1072, 1364, 1101, 0)
(1089, 1521, 1118, 0)
(1082, 1501, 1113, 0)
(1069, 1412, 1099, 0)
(1082, 1410, 1116, 0)
(1073, 1342, 1101, 0)
(1087, 1420, 1117, 0)
(1076, 1437, 1110, 0)
(1070, 1417, 1100, 0)
(1071, 1378, 1100, 0)
(1072, 1385, 1101, 0)
(1074, 1510, 1104, 0)
(1075, 1547, 1104, 0)
(1070, 1434, 1100, 0)
(1078, 1371, 1108, 0)
(1073, 1373, 1100, 0)
(1084, 1608, 1114, 0)
(1072, 1522, 1100, 0)
(1076, 1489, 1105, 0)
(1096, 1513, 1127, 0)
(1071, 1392, 1100, 0)
(1076, 1599, 1112, 0)
(1071, 1419, 1101, 0)
(1081, 1417, 1115, 0)
(1075, 1395, 1105, 0)
(1071, 1520, 1100, 0)
(1087, 1499, 1120, 0)
(1075, 1419, 1104, 0)
(1077, 1437, 1105, 0)
(1087, 1396, 1120, 0)
(1079, 1595, 1110, 0)
(1071, 1472, 1100, 0)
(1072, 1447, 1101, 0)
(1076, 1404, 1106, 0)
(1483, 1845, 1512, 0)
(1075, 1395, 1105, 0)
(1075, 1445, 1104, 0)
(1071, 1448, 1101, 0)
(1072, 1366, 1102, 0)
(1472, 1932, 1509, 0)
(1094, 1531, 1125, 0)
(1082, 1426, 1111, 0)
(1074, 1497, 1105, 0)
(1085, 1429, 1113, 0)
(1071, 1412, 1100, 0)
(1071, 1522, 1100, 0)
(1088, 1398, 1117, 0)
(1075, 1381, 1105, 0)
(1073, 1624, 1101, 0)
(1480, 1975, 1520, 0)
(1072, 1429, 1100, 0)
(1084, 1361, 1117, 0)
(1486, 1901, 1520, 0)
(1470, 2014, 1507, 0)
(1076, 1444, 1106, 0)
(1073, 1450, 1100, 0)
(1075, 1414, 1107, 0)
(1076, 1486, 1106, 0)
(1077, 1492, 1107, 0)
(1071, 1476, 1100, 0)
(1072, 1379, 1100, 0)
(1477, 2052, 1512, 0)
(1073, 1579, 1100, 0)
(1070, 1346, 1100, 0)
(1075, 1390, 1105, 0)
(1076, 1441, 1105, 0)
(1074, 1508, 1104, 0)
(1077, 1459, 1106, 0)
(1071, 1392, 1100, 0)
(1075, 1566, 1106, 0)
(1091, 1446, 1122, 0)
(1076, 1397, 1105, 0)
(1075, 1500, 1105, 0)
(1072, 1551, 1102, 0)
(1076, 1420, 1106, 0)
(1086, 1419, 1117, 0)
(1075, 1430, 1103, 0)
(1072, 1464, 1102, 0)
(1080, 1582, 1112, 0)
(1073, 1400, 1100, 0)
(1084, 1458, 1116, 0)
(1070, 1330, 1100, 0)
(1488, 2018, 1523, 0)
(1072, 1422, 1101, 0)
(1074, 1461, 1104, 0)
(1071, 1417, 1100, 0)
(1071, 1640, 1100, 0)
(1075, 1536, 1105, 0)
(1072, 1412, 1099, 0)
(1071, 1506, 1100, 0)
(1079, 1497, 1113, 0)
(1075, 1506, 1105, 0)
(1074, 1365, 1104, 0)
(1073, 1442, 1102, 0)
(1074, 1517, 1104, 0)
(1074, 1397, 1104, 0)
(1075, 1415, 1104, 0)
(1072, 1560, 1100, 0)
(1070, 1491, 1098, 0)
(1094, 1602, 1125, 0)
(1096, 1435, 1126, 0)
(1073, 1530, 1106, 0)
(1071, 1420, 1100, 0)
(1072, 1392, 1099, 0)
(1075, 1416, 1105, 0)
(1071, 1463, 1101, 0)
(1074, 1510, 1105, 0)
(1091, 1547, 1121, 0)
(1075, 1405, 1106, 0)
(1485, 1874, 1514, 0)
(1079, 1520, 1109, 0)
(1081, 1501, 1112, 0)
(1075, 1467, 1104, 0)
(1076, 1379, 1105, 0)
(1071, 1550, 1100, 0)
(1075, 1500, 1105, 0)
(1074, 1417, 1101, 0)
(1077, 1426, 1106, 0)
(1075, 1560, 1105, 0)
(1085, 1470, 1115, 0)
(1076, 1352, 1104, 0)
(1085, 1388, 1113, 0)
(1074, 1483, 1104, 0)
(1076, 1469, 1106, 0)
(1098, 1486, 1132, 0)
(1074, 1377, 1104, 0)
(1076, 1420, 1106, 0)
(1075, 1356, 1105, 0)
(1080, 1455, 1108, 0)
(1072, 1400, 1102, 0)
(1085, 1530, 1117, 0)
(1071, 1416, 1099, 0)
(1078, 1449, 1106, 0)
(1071, 1538, 1100, 0)
(1489, 2022, 1520, 0)
(1076, 1426, 1107, 0)
(1074, 1444, 1104, 0)
(1074, 1421, 1104, 0)
(1071, 1572, 1100, 0)
(1073, 1430, 1100, 0)
(1079, 1390, 1106, 0)
(1076, 1424, 1106, 0)
(1071, 1446, 1100, 0)
(1075, 1531, 1105, 0)
(1081, 1481, 1112, 0)
(1080, 1448, 1110, 0)
(1951, 2561, 1993, 0)
(1072, 1363, 1101, 0)
(1092, 1479, 1125, 0)
(1092, 1489, 1125, 0)
(1076, 1556, 1105, 0)
(1075, 1362, 1104, 0)
(1082, 1496, 1111, 0)
(1071, 1494, 1100, 0)
(1482, 1952, 1513, 0)
(1076, 1430, 1107, 0)
(1075, 1444, 1105, 0)
(1076, 1385, 1107, 0)
(1099, 1435, 1131, 0)
(1071, 1501, 1100, 0)
(1071, 1465, 1100, 0)
(1074, 1493, 1104, 0)
(1076, 1409, 1105, 0)
(1088, 1427, 1118, 0)
(1074, 1394, 1104, 0)
(1075, 1440, 1105, 0)
(1071, 1353, 1100, 0)
(1076, 1604, 1106, 0)
(1074, 1551, 1104, 0)
(1072, 1348, 1100, 0)
(1072, 1430, 1100, 0)
(1072, 1455, 1100, 0)
(1076, 1601, 1106, 0)
(1073, 1450, 1101, 0)
(1070, 1434, 1101, 0)
(1484, 1905, 1513, 0)
(1076, 1434, 1105, 0)
(1072, 1402, 1100, 0)
(1069, 1394, 1100, 0)
(1075, 1501, 1105, 0)
(1072, 1344, 1100, 0)
(1073, 1402, 1100, 0)
(1071, 1502, 1100, 0)
(1075, 1465, 1106, 0)
(1074, 1406, 1104, 0)
(1075, 1643, 1105, 0)
(1088, 1555, 1119, 0)
(1074, 1385, 1101, 0)
(1080, 1450, 1112, 0)
(1070, 1517, 1100, 0)
(1087, 1420, 1117, 0)
(1070, 1432, 1100, 0)
(1073, 1451, 1100, 0)
(1076, 1394, 1105, 0)
(1074, 1426, 1104, 0)
(1080, 1455, 1112, 0)
(1086, 1463, 1118, 0)
(1085, 1551, 1117, 0)
(1071, 1387, 1100, 0)
(1076, 1460, 1105, 0)
(1072, 1485, 1101, 0)
(1073, 1374, 1100, 0)
(1071, 1402, 1100, 0)
(1086, 1496, 1116, 0)
(1075, 1465, 1105, 0)
(1071, 1441, 1101, 0)
(1075, 1398, 1105, 0)
(1074, 1363, 1106, 0)
(1090, 1575, 1121, 0)
(1071, 1503, 1101, 0)
(1076, 1494, 1107, 0)
(1073, 1392, 1101, 0)
(1075, 1498, 1104, 0)
(1074, 1944, 1104, 0)
(1483, 1887, 1513, 0)
(1071, 1384, 1100, 0)
(1070, 1381, 1099, 0)
(1074, 1499, 1104, 0)
(1072, 1633, 1102, 0)
(1080, 1380, 1111, 0)
(1076, 1520, 1108, 0)
(1072, 1346, 1100, 0)
(1071, 1406, 1100, 0)
(1075, 1605, 1108, 0)
(1074, 1400, 1104, 0)
(1077, 1525, 1106, 0)
(1086, 1397, 1119, 0)
(1077, 1522, 1104, 0)
(1070, 1729, 1100, 0)
(1075, 1406, 1106, 0)
(1074, 1395, 1103, 0)
(1075, 1425, 1104, 0)
(1072, 1495, 1100, 0)
(1092, 1451, 1126, 0)
(1090, 1416, 1121, 0)
(1084, 1428, 1116, 0)
(1076, 1516, 1107, 0)
(1086, 1514, 1117, 0)
(1075, 1477, 1107, 0)
(1070, 1375, 1100, 0)
(1074, 1350, 1103, 0)
(1071, 1423, 1099, 0)
(1083, 1392, 1116, 0)
(1071, 1562, 1100, 0)
(1074, 1338, 1101, 0)
(1077, 1443, 1107, 0)
(1077, 1475, 1107, 0)
(1074, 1431, 1106, 0)
(1113, 1473, 1143, 0)
(1074, 1402, 1103, 0)
(1071, 1406, 1100, 0)
(1076, 1458, 1105, 0)
(1079, 1451, 1108, 0)
(1485, 1863, 1515, 0)
(1075, 1386, 1104, 0)
(1071, 1505, 1100, 0)
(1071, 1448, 1100, 0)
(1072, 1435, 1099, 0)
(1073, 1436, 1101, 0)
(1473, 2076, 1508, 0)
(1473, 2114, 1511, 0)
(1075, 1429, 1104, 0)
(1472, 1872, 1509, 0)
(1069, 1395, 1098, 0)
(1075, 1406, 1106, 0)
(1085, 1417, 1117, 0)
(1072, 1413, 1100, 0)
(1076, 1391, 1105, 0)
(1072, 1423, 1100, 0)
(1103, 1463, 1138, 0)
(1073, 1407, 1101, 0)
(1079, 1496, 1112, 0)
(1072, 1398, 1100, 0)
(1080, 1493, 1110, 0)
(1484, 1958, 1513, 0)
(1077, 1494, 1106, 0)
(1084, 1494, 1116, 0)
(1096, 1424, 1125, 0)
(1076, 1573, 1106, 0)
(1075, 1434, 1104, 0)
(1489, 2023, 1529, 0)
(1070, 1337, 1099, 0)
(1071, 1535, 1100, 0)
(1085, 1502, 1114, 0)
(1087, 1409, 1117, 0)
(1084, 1601, 1113, 0)
(1484, 2017, 1519, 0)
(1071, 1443, 1100, 0)
(1071, 1340, 1100, 0)
(1077, 1412, 1108, 0)
(1076, 1438, 1106, 0)
(1075, 1351, 1105, 0)
(1076, 1450, 1106, 0)
(1077, 1475, 1106, 0)
(1075, 1415, 1106, 0)
(1071, 1414, 1100, 0)
(1071, 1588, 1100, 0)
(1087, 1474, 1119, 0)
(1084, 1532, 1113, 0)
(1087, 1421, 1115, 0)
(1078, 1389, 1105, 0)
(1075, 1457, 1106, 0)
(1476, 1954, 1512, 0)
(1071, 1497, 1099, 0)
(1088, 1515, 1119, 0)
(1073, 1388, 1101, 0)
(1078, 1478, 1107, 0)
(1071, 1524, 1099, 0)
(1071, 1417, 1101, 0)
(1074, 1407, 1105, 0)
(1074, 1391, 1100, 0)
(1074, 1473, 1104, 0)
(1096, 1454, 1128, 0)
(1074, 1422, 1105, 0)
(1083, 1451, 1114, 0)
(1077, 1409, 1106, 0)
(1089, 1489, 1116, 0)
(1472, 1824, 1509, 0)
(1079, 1483, 1111, 0)
(1073, 1425, 1101, 0)
(1108, 1406, 1138, 0)
(1070, 1383, 1100, 0)
(1070, 1478, 1101, 0)
(1076, 1399, 1104, 0)
(1069, 1517, 1098, 0)
(1477, 1883, 1513, 0)
(1074, 1533, 1104, 0)
(1478, 2060, 1519, 0)
(1076, 1562, 1105, 0)
(1071, 1387, 1101, 0)
(1070, 1417, 1100, 0)
(1075, 1517, 1105, 0)
(1075, 1539, 1104, 0)
(1078, 1425, 1107, 0)
(1075, 1417, 1105, 0)
(1071, 1407, 1100, 0)
(1076, 1428, 1105, 0)
(1078, 1555, 1109, 0)
(1086, 1558, 1116, 0)
(1071, 1429, 1099, 0)
(1472, 1852, 1508, 0)
(1071, 1423, 1100, 0)
(1075, 1531, 1104, 0)
(1475, 2173, 1514, 0)
(1074, 1388, 1103, 0)
(1085, 1427, 1115, 0)
(1083, 1442, 1113, 0)
(1088, 1489, 1117, 0)
(1074, 1457, 1104, 0)
(1080, 1457, 1108, 0)
(1082, 1359, 1113, 0)
(1069, 1352, 1099, 0)
(1075, 1502, 1104, 0)
(1073, 1415, 1101, 0)
(1069, 1500, 1099, 0)
(1484, 1898, 1513, 0)
(1070, 1419, 1099, 0)
(1069, 1334, 1099, 0)
(1484, 1866, 1513, 0)
(1075, 1392, 1104, 0)
(1076, 1461, 1105, 0)
(1075, 1573, 1105, 0)
(1082, 1432, 1114, 0)
(1077, 1443, 1106, 0)
(1478, 1879, 1515, 0)
(1075, 1723, 1105, 0)
(1073, 1391, 1100, 0)
(1075, 1574, 1105, 0)
(1077, 1374, 1107, 0)
(1071, 1425, 1100, 0)
(1071, 1440, 1101, 0)
(1077, 1440, 1106, 0)
(1070, 1478, 1100, 0)
(1076, 1566, 1105, 0)
(1075, 1619, 1105, 0)
(1083, 1444, 1116, 0)
(1072, 1365, 1100, 0)
(1093, 1467, 1122, 0)
(1077, 1474, 1107, 0)
(1074, 1418, 1104, 0)
(1075, 1387, 1106, 0)
(1074, 1448, 1101, 0)
(1947, 2589, 1998, 0)
(1072, 1562, 1100, 0)
(1076, 1514, 1105, 0)
(1072, 1358, 1100, 0)
(1071, 1372, 1100, 0)
(1081, 1414, 1110, 0)
(1476, 1878, 1513, 0)
(1074, 1489, 1106, 0)
(1071, 1575, 1100, 0)
(1078, 1484, 1111, 0)
(1091, 1418, 1119, 0)
(1070, 1447, 1098, 0)
(1076, 1481, 1105, 0)
(1071, 1495, 1100, 0)
(1071, 1424, 1100, 0)
(1071, 1439, 1100, 0)
(1076, 1489, 1106, 0)
(1070, 1619, 1100, 0)
(1075, 1422, 1106, 0)
(1086, 1397, 1116, 0)
(1076, 1430, 1106, 0)
(1071, 1432, 1100, 0)
(1072, 1354, 1100, 0)
(1073, 1380, 1100, 0)
(1075, 1471, 1106, 0)
(1072, 1647, 1100, 0)
(1084, 1506, 1117, 0)
(1071, 1572, 1100, 0)
(1072, 1414, 1101, 0)
(1070, 1558, 1099, 0)
(1082, 1501, 1118, 0)
(1091, 1569, 1123, 0)
(1073, 1437, 1101, 0)
(1081, 1407, 1111, 0)
(1073, 1480, 1101, 0)
(1069, 1532, 1098, 0)
(1097, 1567, 1131, 0)
(1075, 1418, 1107, 0)
(1072, 1385, 1100, 0)
(1077, 1387, 1106, 0)
(1471, 2112, 1508, 0)
(1072, 1592, 1100, 0)
(1070, 1485, 1099, 0)
(1073, 1553, 1100, 0)
(1076, 1437, 1106, 0)
(1075, 1351, 1105, 0)
(1077, 1482, 1106, 0)
(1075, 1666, 1104, 0)
(1071, 1420, 1100, 0)
(1072, 1383, 1099, 0)
(1082, 1652, 1117, 0)
(1088, 1457, 1120, 0)
(1076, 1398, 1106, 0)
(1072, 1392, 1099, 0)
(1073, 1412, 1100, 0)
(1485, 1931, 1526, 0)
(1075, 1406, 1105, 0)
(1075, 1517, 1105, 0)
(1076, 1430, 1105, 0)
(1075, 1402, 1105, 0)
(1087, 1507, 1114, 0)
(1071, 1554, 1099, 0)
(1080, 1481, 1112, 0)
(1072, 1391, 1100, 0)
(1075, 1439, 1105, 0)
(1070, 1457, 1100, 0)
(1074, 1450, 1104, 0)
(1071, 1420, 1099, 0)
(1074, 1398, 1104, 0)
(1075, 1549, 1104, 0)
(1075, 1471, 1104, 0)
(1075, 1400, 1105, 0)
(1071, 1663, 1100, 0)
(1077, 1376, 1106, 0)
(1071, 1389, 1100, 0)
(1076, 1438, 1106, 0)
(1078, 1494, 1109, 0)
(1070, 1438, 1100, 0)
(1075, 1416, 1105, 0)
(1092, 1494, 1122, 0)
(1074, 1493, 1104, 0)
(1072, 1399, 1100, 0)
(1071, 1396, 1100, 0)
(1084, 1603, 1114, 0)
(1091, 1450, 1124, 0)
(1076, 1476, 1105, 0)
(1076, 1454, 1106, 0)
(1070, 1564, 1100, 0)
(1074, 1460, 1100, 0)
(1077, 1469, 1107, 0)
(1073, 1569, 1102, 0)
(1075, 1443, 1105, 0)
(1085, 1371, 1115, 0)
(1071, 1479, 1100, 0)
(1074, 1589, 1104, 0)
(1069, 1378, 1100, 0)
(1071, 1474, 1099, 0)
(1071, 1480, 1100, 0)
(1075, 1425, 1104, 0)
(1075, 1398, 1105, 0)
(1075, 1420, 1105, 0)
(1075, 1532, 1105, 0)
(1075, 1475, 1104, 0)
(1075, 1457, 1104, 0)
(1071, 1392, 1100, 0)
(1076, 1422, 1106, 0)
(1475, 2021, 1510, 0)
(1076, 1406, 1104, 0)
(1072, 1408, 1101, 0)
(1474, 1839, 1510, 0)
(1071, 1377, 1100, 0)
(1085, 1590, 1117, 0)
(1072, 1387, 1101, 0)
(1092, 1380, 1128, 0)
(1084, 1349, 1116, 0)
(1095, 1399, 1125, 0)
(1071, 1446, 1100, 0)
(1072, 1479, 1101, 0)
(1078, 1451, 1107, 0)
(1075, 1361, 1104, 0)
(1072, 1400, 1099, 0)
(1077, 1447, 1110, 0)
(1083, 1409, 1113, 0)
(1095, 1523, 1125, 0)
(1086, 1391, 1119, 0)
(1082, 1430, 1113, 0)
(1075, 1496, 1105, 0)
(1070, 1438, 1100, 0)
(1072, 1378, 1100, 0)
(1090, 1386, 1122, 0)
(1074, 1509, 1106, 0)
(1069, 1433, 1100, 0)
(1076, 1440, 1105, 0)
(1077, 1413, 1106, 0)
(1072, 1420, 1101, 0)
(1084, 1491, 1113, 0)
(1071, 1456, 1099, 0)
(1077, 1493, 1108, 0)
(1070, 1360, 1099, 0)
(1084, 1469, 1116, 0)
(1075, 1597, 1104, 0)
(1090, 1608, 1121, 0)
(1074, 1554, 1106, 0)
(1081, 1447, 1116, 0)
(1074, 1416, 1104, 0)
(1076, 1623, 1106, 0)
(1077, 1366, 1107, 0)
(1077, 1546, 1107, 0)
(1085, 1460, 1118, 0)
(1069, 1496, 1099, 0)
(1082, 1371, 1114, 0)
(1086, 1379, 1116, 0)
(1076, 1455, 1105, 0)
(1073, 1472, 1099, 0)
(1077, 1364, 1106, 0)
(1076, 1537, 1110, 0)
(1090, 1403, 1121, 0)
(1070, 1482, 1100, 0)
(1072, 1399, 1099, 0)
(1072, 1391, 1100, 0)
(1076, 1391, 1108, 0)
(1079, 1520, 1112, 0)
(1074, 1471, 1104, 0)
(1071, 1497, 1099, 0)
(1076, 1569, 1107, 0)
(1074, 1473, 1104, 0)
(1081, 1440, 1112, 0)
(1079, 1381, 1108, 0)
(1090, 1419, 1125, 0)
(1072, 1534, 1100, 0)
(1073, 1574, 1102, 0)
(1075, 1437, 1103, 0)
(1090, 1521, 1124, 0)
(1079, 1435, 1108, 0)
(1072, 1460, 1100, 0)
(1080, 1425, 1109, 0)
(1075, 1553, 1105, 0)
(1077, 1390, 1106, 0)
(1073, 1448, 1103, 0)
(1072, 1521, 1100, 0)
(1086, 1619, 1120, 0)
(1075, 1356, 1105, 0)
(1070, 1411, 1100, 0)
(1070, 1391, 1099, 0)
(1072, 1614, 1101, 0)
(1070, 1477, 1101, 0)
(1070, 1374, 1100, 0)
(1071, 1464, 1103, 0)
(1077, 1449, 1107, 0)
(1075, 1488, 1105, 0)
(1071, 1386, 1100, 0)
(1070, 1412, 1098, 0)
(1075, 1607, 1105, 0)
(1071, 1372, 1100, 0)
(1078, 1413, 1105, 0)
(1077, 1566, 1107, 0)
(1075, 1391, 1104, 0)
(1083, 1427, 1116, 0)
(1075, 1447, 1105, 0)
(1078, 1517, 1107, 0)
(1077, 1487, 1106, 0)
(1096, 1433, 1127, 0)
(1075, 1373, 1105, 0)
(1085, 1422, 1113, 0)
(1075, 1487, 1106, 0)
(1075, 1455, 1105, 0)
(1075, 1415, 1104, 0)
(1071, 1401, 1100, 0)
(1069, 1537, 1100, 0)
(1077, 1432, 1105, 0)
(1071, 1364, 1100, 0)
(1071, 1411, 1100, 0)
(1072, 1483, 1100, 0)
(1075, 1385, 1104, 0)
(1071, 1396, 1100, 0)
(1072, 1431, 1103, 0)
(1070, 1446, 1098, 0)
(1071, 1444, 1100, 0)
(1099, 1444, 1130, 0)
(1075, 1400, 1101, 0)
(1070, 1385, 1098, 0)
(1076, 1372, 1105, 0)
(1075, 1377, 1104, 0)
(1083, 1397, 1113, 0)
(1071, 1456, 1099, 0)
(1075, 1458, 1105, 0)
(1075, 1464, 1105, 0)
(1071, 1438, 1100, 0)
(1086, 1440, 1117, 0)
(1077, 1623, 1104, 0)
(1071, 1627, 1100, 0)
(1084, 1539, 1115, 0)
(1071, 1369, 1100, 0)
(1076, 1359, 1105, 0)
(1472, 1889, 1508, 0)
(1480, 2069, 1514, 0)
(1084, 1499, 1114, 0)
(1079, 1357, 1110, 0)
(1075, 1358, 1105, 0)
(1075, 1433, 1104, 0)
(1076, 1475, 1106, 0)
(1081, 1490, 1111, 0)
(1085, 1483, 1118, 0)
(1073, 1519, 1101, 0)
(1084, 1447, 1114, 0)
(1074, 1471, 1104, 0)
(1071, 1415, 1100, 0)
(1503, 1943, 1543, 0)
(1071, 1426, 1101, 0)
(1071, 1544, 1100, 0)
(1075, 1358, 1105, 0)
(1074, 1422, 1105, 0)
(1074, 1417, 1106, 0)
(1074, 1421, 1104, 0)
(1082, 1407, 1114, 0)
(1092, 1542, 1126, 0)
(1090, 1590, 1120, 0)
(1075, 1504, 1104, 0)
(1476, 2000, 1513, 0)
(1075, 1408, 1106, 0)
(1072, 1509, 1101, 0)
(1075, 1478, 1103, 0)
(1071, 1431, 1099, 0)
(1073, 1373, 1100, 0)
(1076, 1430, 1106, 0)
(1069, 1376, 1100, 0)
(1075, 1463, 1106, 0)
(1075, 1394, 1105, 0)
(1081, 1436, 1111, 0)
(1071, 1485, 1101, 0)
(1073, 1460, 1101, 0)
(1076, 1428, 1105, 0)
(1074, 1488, 1104, 0)
(1074, 1386, 1101, 0)
(1075, 1445, 1106, 0)
(1074, 1596, 1103, 0)
(1075, 1457, 1105, 0)
(1071, 1415, 1098, 0)
(1074, 1386, 1104, 0)
(1078, 1449, 1114, 0)
(1077, 1590, 1107, 0)
(1073, 1491, 1100, 0)
(1075, 1424, 1105, 0)
(1076, 1358, 1108, 0)
(1076, 1400, 1104, 0)
(1071, 1494, 1100, 0)
(1071, 1451, 1100, 0)
(1072, 1457, 1101, 0)
(1072, 1474, 1101, 0)
(1074, 1552, 1105, 0)
(1071, 1408, 1100, 0)
(1072, 1459, 1100, 0)
(1472, 1878, 1507, 0)
(1470, 1984, 1507, 0)
(1071, 1431, 1100, 0)
(1487, 2000, 1526, 0)
(1076, 1528, 1105, 0)
(1076, 1435, 1105, 0)
(1076, 1465, 1105, 0)
(1071, 1395, 1100, 0)
(1069, 1423, 1100, 0)
(1073, 1439, 1101, 0)
(1070, 1586, 1100, 0)
(1077, 1388, 1105, 0)
(1072, 1331, 1100, 0)
(1074, 1408, 1104, 0)
(1084, 1491, 1113, 0)
(1072, 1505, 1101, 0)
(1071, 1411, 1100, 0)
(1071, 1457, 1100, 0)
(1070, 1600, 1099, 0)
(1086, 1544, 1119, 0)
(1076, 1464, 1105, 0)
(1077, 1429, 1106, 0)
(1076, 1371, 1105, 0)
(1071, 1487, 1100, 0)
(1070, 1477, 1100, 0)
(1087, 1437, 1119, 0)
(1077, 1425, 1106, 0)
(1076, 1449, 1106, 0)
(1087, 1433, 1117, 0)
(1083, 1496, 1114, 0)
(1071, 1527, 1101, 0)
(1093, 1467, 1124, 0)
(1072, 1391, 1100, 0)
(1086, 1417, 1115, 0)
(1073, 1343, 1101, 0)
(1074, 1427, 1106, 0)
(1082, 1499, 1112, 0)
(1085, 1376, 1116, 0)
(1071, 1479, 1100, 0)
(1077, 1411, 1106, 0)
(1072, 1438, 1100, 0)
(1072, 1430, 1101, 0)
(1071, 1368, 1099, 0)
(1074, 1363, 1104, 0)
(1075, 1368, 1102, 0)
(1476, 2114, 1513, 0)
(1076, 1449, 1110, 0)
(1078, 1381, 1107, 0)
(1071, 1379, 1100, 0)
