(7221, 9747, 7296, 25116)
(4946, 6745, 5019, 16968)
(4930, 6876, 5006, 16925)
(4984, 6855, 5096, 16904)
(4946, 7012, 5051, 16907)
(5025, 6839, 5127, 16918)
(4923, 6760, 5005, 16912)
(7209, 9670, 7277, 25090)
(4972, 6926, 5089, 16978)
(5010, 6795, 5107, 16915)
(7217, 9741, 7287, 25137)
(5054, 7025, 5153, 16953)
(4976, 6850, 5048, 16947)
(5032, 7066, 5137, 16943)
(4929, 6714, 5007, 16943)
(4910, 6657, 4983, 16951)
(4957, 7144, 5044, 16963)
(5002, 7200, 5079, 16946)
(4913, 6627, 4986, 16953)
(5037, 6990, 5119, 16947)
(5021, 6804, 5118, 16925)
(4953, 6861, 5061, 16908)
(4975, 6890, 5058, 16962)
(4922, 7073, 4997, 16943)
(4974, 6672, 5074, 16954)
(5068, 6856, 5166, 16942)
(4953, 6634, 5028, 16924)
(5055, 6903, 5158, 16886)
(5037, 6741, 5128, 16931)
(4949, 6579, 5071, 16938)
(4964, 6852, 5038, 16950)
(4946, 6764, 5055, 16944)
(5022, 6812, 5122, 16925)
(7323, 9897, 7404, 25161)
(5008, 6913, 5088, 16969)
(4924, 6618, 5038, 16971)
(4928, 6724, 5001, 16977)
(4955, 6748, 5081, 16942)
(5015, 6915, 5097, 16930)
(4998, 6733, 5075, 16986)
(5037, 6679, 5128, 16943)
(4968, 6734, 5059, 16919)
(5083, 6999, 5182, 16886)
(4922, 6628, 4996, 16973)
(4914, 6431, 4985, 16968)
(4929, 6824, 5003, 16978)
(5038, 6814, 5135, 16941)
(5018, 6928, 5122, 16931)
(4963, 6831, 5044, 16970)
(4938, 6893, 5020, 16955)
(7193, 9600, 7258, 25133)
(4975, 6831, 5073, 16953)
(4938, 6727, 5011, 16965)
(4901, 6638, 4974, 16963)
(4928, 6770, 5001, 16955)
(4943, 6757, 5018, 16965)
(4914, 6747, 4986, 16960)
(4901, 6688, 4973, 16970)
(4954, 6694, 5065, 16954)
(4925, 7513, 4998, 16954)
(4936, 7260, 5011, 16973)
(4909, 6683, 4982, 16962)
(7238, 9725, 7308, 25128)
(4900, 6832, 4973, 16967)
(4940, 6758, 5010, 16956)
(4950, 6827, 5054, 16962)
(5015, 6970, 5110, 16901)
(7216, 10158, 7284, 25128)
(5036, 7062, 5150, 16862)
(7222, 10068, 7290, 25140)
(4936, 6972, 5010, 16934)
(7404, 14386, 7492, 25095)
(4975, 6970, 5081, 16965)
(4993, 6876, 5069, 16926)
(4930, 10003, 5004, 16921)
(4922, 9958, 4997, 16961)
(4948, 6788, 5022, 16958)
(4936, 6804, 5013, 16952)
(4934, 6778, 5013, 16952)
(4922, 6642, 4995, 16933)
(5004, 6947, 5083, 16925)
(5010, 6840, 5112, 16944)
(7203, 9845, 7280, 25140)
(4958, 7051, 5030, 16955)
(7311, 9609, 7397, 25125)
(5024, 6995, 5127, 16942)
(7277, 9561, 7344, 25112)
(4955, 6681, 5059, 16855)
(5004, 7055, 5086, 16975)
(7240, 9590, 7309, 25086)
(4958, 6712, 5045, 16911)
(7232, 9386, 7292, 25125)
(4916, 6479, 4989, 16956)
(4948, 6778, 5069, 16927)
(4927, 6831, 5003, 16969)
(7241, 9688, 7313, 25134)
(4933, 6893, 5008, 16963)
(4927, 6788, 5005, 16932)
(5008, 6882, 5109, 16941)
(4936, 6856, 5013, 16986)
(4936, 7008, 5014, 16942)
(4938, 6745, 5061, 16962)
(7207, 9666, 7274, 25112)
(4936, 6710, 5008, 16977)
(4912, 6642, 4986, 16956)
(4947, 6810, 5020, 16959)
(5024, 7176, 5120, 16943)
(4912, 6745, 4990, 16962)
(5004, 7027, 5118, 16945)
(7225, 13925, 7300, 25149)
(4935, 6900, 5010, 16971)
(4975, 7035, 5052, 16950)
(4924, 6733, 5000, 16952)
(4977, 6867, 5049, 16976)
(5024, 6931, 5109, 16933)
(4929, 6696, 5004, 16951)
(4892, 6671, 4965, 16936)
(4929, 6920, 5048, 16963)
(7220, 9828, 7293, 25082)
(4932, 6744, 5012, 16970)
(7254, 10422, 7333, 25116)
(4903, 6893, 4983, 16960)
(4940, 6661, 5051, 16987)
(4923, 6743, 4995, 16873)
(4934, 6868, 5012, 16965)
(4942, 6755, 5015, 16955)
(5003, 6733, 5098, 16950)
(4932, 6480, 5009, 16958)
(4918, 6789, 4999, 16945)
(4939, 6850, 5016, 16971)
(4942, 6825, 5062, 16941)
(5014, 6728, 5095, 16925)
(4939, 6676, 5014, 16947)
(4964, 6637, 5040, 16964)
(4944, 6640, 5053, 16962)
(4915, 9771, 4988, 16894)
(4998, 6820, 5103, 16933)
(4946, 6658, 5019, 16944)
(4922, 6643, 4997, 16975)
(4966, 9936, 5088, 16969)
(4954, 6598, 5075, 16965)
(4940, 6821, 5013, 16972)
(5050, 6990, 5156, 16929)
(5006, 7041, 5102, 16949)
(4938, 6555, 5011, 16981)
(4939, 6705, 5012, 16967)
(5024, 6985, 5122, 16931)
(4946, 6871, 5060, 16958)
(4959, 6740, 5038, 16949)
(4926, 6841, 4999, 16929)
(5005, 6860, 5083, 16945)
(7224, 9769, 7292, 25132)
(4959, 6866, 5037, 16946)
(7215, 9834, 7283, 25143)
(4927, 6815, 5005, 16953)
(4934, 6867, 5006, 16959)
(4989, 6715, 5066, 16947)
(4972, 6650, 5043, 16886)
(5024, 7119, 5122, 16949)
(7221, 9669, 7289, 25131)
(5018, 6820, 5122, 16922)
(4939, 6786, 5020, 16951)
(4934, 6776, 5012, 16945)
(4944, 6634, 5014, 16971)
(4938, 6688, 5011, 16933)
(4988, 6787, 5085, 16960)
(4909, 6917, 4983, 16974)
(4929, 6758, 5000, 16942)
(4956, 6975, 5082, 16926)
(7223, 9702, 7291, 25140)
(4927, 6797, 4999, 16978)
(4948, 6835, 5027, 16955)
(4943, 6803, 5043, 16975)
(4943, 6766, 5015, 16956)
(4916, 6890, 4997, 16908)
(4906, 6653, 4978, 16962)
(4989, 6803, 5105, 16957)
(4900, 6606, 5021, 16947)
(4942, 6713, 5013, 16975)
(4942, 6836, 5018, 16970)
(4934, 6584, 5007, 16895)
(4945, 6817, 5018, 16891)
(4916, 6643, 4990, 16969)
(5002, 6743, 5086, 16952)
(4959, 7030, 5035, 16954)
(4937, 6701, 5012, 16942)
(4929, 6668, 5001, 16984)
(4962, 7012, 5048, 16971)
(4934, 6975, 5014, 16932)
(4938, 9184, 5023, 16958)
(4933, 6770, 5009, 16953)
(7290, 9755, 7357, 25128)
(5038, 6943, 5139, 16931)
(4929, 9810, 5006, 16963)
(4980, 6876, 5057, 16979)
(4996, 6913, 5092, 16950)
(7236, 9705, 7306, 25135)
(7219, 9755, 7287, 25140)
(4961, 6735, 5039, 16978)
(5042, 7019, 5141, 16937)
(4956, 6837, 5029, 16943)
(5081, 6862, 5176, 16934)
(4929, 6801, 5003, 16967)
(4957, 6924, 5036, 16943)
(7211, 9807, 7283, 25128)
(4937, 9470, 5008, 16884)
(4968, 6849, 5049, 16939)
(4926, 6789, 4999, 16907)
(4939, 6850, 5014, 16938)
(4916, 6944, 4997, 16969)
(4928, 6659, 5006, 16967)
(4942, 6893, 5017, 16979)
(4970, 6937, 5051, 16930)
(4968, 6850, 5043, 16951)
(4959, 6689, 5038, 16950)
(5016, 7002, 5113, 16926)
(4946, 6793, 5050, 16917)
(4965, 6795, 5041, 16970)
(5003, 6791, 5080, 16984)
(4995, 6821, 5072, 16941)
(4934, 6597, 5009, 16887)
(4939, 6822, 5012, 16955)
(5072, 6769, 5195, 16970)
(4928, 6833, 5003, 16972)
(4928, 6813, 5047, 16961)
(4959, 6856, 5032, 16942)
(4935, 7016, 5011, 16937)
(4925, 7493, 4997, 16965)
(4947, 8038, 5024, 16945)
(4976, 6910, 5074, 16952)
(4914, 6863, 4987, 16972)
(4951, 6882, 5071, 16952)
(4899, 6503, 4969, 16916)
(4925, 6762, 4998, 16952)
(4920, 6870, 4990, 16940)
(4917, 6796, 4988, 16971)
(4995, 7453, 5094, 16926)
(4933, 6933, 5011, 16905)
(5045, 7031, 5142, 16929)
(4941, 6793, 5019, 16952)
(4913, 6738, 4987, 16940)
(4947, 6852, 5020, 16943)
(4911, 6716, 4983, 16944)
(4932, 6710, 5010, 16964)
(4965, 6774, 5034, 16957)
(4935, 6676, 5038, 16909)
(4999, 7934, 5097, 16911)
(4953, 8015, 5027, 16858)
(4947, 6818, 5060, 16954)
(4934, 6652, 5007, 16944)
(5024, 6818, 5134, 16941)
(4952, 6956, 5068, 16977)
(5018, 6929, 5094, 16940)
(5021, 6792, 5101, 16938)
(4915, 6792, 4982, 16946)
(7386, 10053, 7469, 25088)
(4915, 6828, 4994, 16931)
(4939, 6956, 5016, 16929)
(4945, 6738, 5054, 16953)
(5045, 7087, 5161, 16954)
(4942, 6900, 5026, 16961)
(4962, 6897, 5042, 16971)
(4927, 6746, 4999, 16937)
(5006, 6660, 5103, 16923)
(4942, 6974, 5017, 16939)
(4931, 9867, 5008, 16910)
(4933, 9823, 5014, 16935)
(5005, 10445, 5102, 16927)
(4964, 9859, 5041, 16987)
(7157, 9590, 7216, 25140)
(4932, 6453, 5013, 16944)
(4920, 6995, 4995, 16939)
(4958, 6686, 5035, 16926)
(4928, 6703, 5008, 16934)
(7261, 9839, 7338, 25146)
(5015, 6894, 5116, 16953)
(4952, 6710, 5023, 16986)
(4917, 6767, 4992, 16977)
(7175, 9599, 7239, 25137)
(5022, 6680, 5104, 16974)
(7250, 9709, 7323, 25140)
(4905, 6772, 4978, 16943)
(5070, 6909, 5171, 16915)
(4975, 6806, 5051, 16985)
(5053, 6968, 5156, 16909)
(5007, 6794, 5103, 16933)
(4974, 6752, 5073, 16936)
(4947, 6889, 5021, 16927)
(5094, 7268, 5198, 16936)
(4946, 6747, 5020, 16972)
(4913, 6681, 4982, 16983)
(4936, 6574, 5016, 16962)
(4909, 6538, 4979, 16964)
(5011, 6815, 5087, 16981)
(4906, 6685, 4981, 16911)
(4938, 6815, 5018, 16995)
(7345, 9838, 7429, 25140)
(4945, 10011, 5028, 16946)
(4949, 6765, 5074, 16923)
(5014, 7030, 5110, 16950)
(4994, 6904, 5071, 16959)
(4964, 6753, 5038, 16968)
(4941, 6747, 5022, 16977)
(4919, 6822, 5023, 16946)
(4919, 6551, 4991, 16941)
(4973, 6810, 5050, 16966)
(4933, 6563, 5010, 16975)
(4945, 6832, 5040, 16952)
(4939, 6763, 5020, 16975)
(4945, 6797, 5072, 16943)
(4898, 6729, 4967, 16931)
(7219, 9805, 7287, 25134)
(5053, 6876, 5152, 16951)
(5032, 6930, 5127, 16938)
(4969, 7033, 5042, 16939)
(5024, 6983, 5124, 16911)
(5035, 6926, 5119, 16939)
(4936, 6507, 5009, 16968)
(4950, 6539, 5031, 16927)
(4935, 9987, 5010, 16957)
(7250, 9728, 7315, 25113)
(4933, 6715, 5008, 16954)
(4956, 6694, 5034, 16983)
(4942, 6876, 5048, 16938)
(4969, 6868, 5041, 16973)
(4965, 6798, 5044, 16935)
(7238, 9957, 7317, 25146)
(4973, 6783, 5044, 16933)
(7209, 9740, 7272, 25109)
(4941, 6760, 5051, 16964)
(5011, 6875, 5115, 16947)
(5000, 6854, 5085, 16966)
(4981, 6922, 5061, 16938)
(4944, 6466, 5018, 16938)
(4917, 6611, 4990, 16981)
(5096, 7096, 5203, 16919)
(5008, 6783, 5082, 16966)
(4967, 7269, 5083, 16952)
(4943, 6842, 5057, 16989)
(5005, 6866, 5100, 16947)
(4983, 6877, 5060, 16952)
(4946, 6732, 5029, 16978)
(4924, 6714, 4997, 16909)
(4933, 6897, 5006, 16959)
(4922, 6810, 4992, 16947)
(4930, 6740, 5012, 16993)
(4915, 6755, 4987, 16943)
(5001, 6801, 5109, 16959)
(4916, 6760, 4986, 16967)
(5014, 6801, 5110, 16939)
(4937, 6910, 5010, 16976)
(4928, 6751, 5001, 16969)
(7306, 9797, 7396, 25149)
(7236, 9628, 7311, 25149)
(4955, 6754, 5041, 16966)
(7242, 9824, 7315, 25122)
(5062, 7120, 5164, 16915)
(4917, 6776, 4990, 16967)
(5021, 7225, 5126, 16936)
(4936, 6933, 5015, 16955)
(10066, 13462, 10151, 34790)
(4964, 7016, 5052, 16968)
(4943, 6824, 5018, 16870)
(4949, 6782, 5029, 16954)
(5026, 6908, 5126, 16923)
(7446, 10094, 7530, 25122)
(7322, 9724, 7391, 25131)
(5005, 6925, 5082, 16943)
(4946, 6487, 5021, 16946)
(4940, 6778, 5048, 16952)
(4931, 6817, 5003, 16950)
(4939, 6867, 5012, 16959)
(4942, 6748, 5018, 16935)
(7374, 9923, 7455, 25137)
(4938, 6779, 5060, 16896)
(7228, 10112, 7297, 25134)
(4998, 6843, 5069, 16957)
(4932, 6703, 5007, 16973)
(4904, 6810, 5019, 16981)
(4939, 6876, 5031, 16963)
(4942, 6872, 5013, 16986)
(5041, 6897, 5145, 16952)
(4936, 6974, 5016, 16955)
(4953, 6855, 5025, 16965)
(4915, 6685, 4988, 16977)
(4943, 6764, 5021, 16945)
(4928, 6876, 5007, 16948)
(5137, 6972, 5243, 16902)
(4931, 6889, 5014, 16954)
(4914, 6704, 4987, 16985)
(4940, 7031, 5060, 16935)
(4942, 6663, 5013, 16962)
(4964, 6760, 5037, 16978)
(4926, 6768, 5000, 16959)
(7301, 9703, 7375, 25128)
(4885, 6785, 4955, 16974)
(4959, 6696, 5031, 16970)
(4915, 6704, 4993, 16934)
(4931, 6891, 5007, 16934)
(7278, 9690, 7345, 25149)
(4901, 6733, 4979, 16950)
(5028, 6916, 5125, 16946)
(5000, 6911, 5084, 16965)
(5012, 6824, 5089, 16985)
(5060, 9810, 5162, 16950)
(4940, 6651, 5015, 16945)
(4929, 6505, 5007, 16938)
(4959, 6659, 5070, 16957)
(7462, 9786, 7524, 25125)
(5008, 6908, 5112, 16952)
(4917, 6530, 4990, 16962)
(4939, 6876, 5013, 16977)
(4969, 6527, 5054, 16959)
(4916, 6751, 4992, 16967)
(7238, 9564, 7306, 25152)
(4937, 6740, 5015, 16951)
(4935, 6658, 5008, 16935)
(5020, 6740, 5097, 16952)
(4932, 6576, 5007, 16981)
(4940, 6725, 5013, 16888)
(4941, 6922, 5021, 16960)
(4946, 6663, 5023, 16957)
(5011, 6733, 5106, 16950)
(4922, 6833, 5002, 16918)
(4932, 6528, 5005, 16961)
(4934, 6801, 5010, 16925)
(5171, 7337, 5291, 16961)
(4944, 6528, 5018, 16955)
(4940, 7048, 5017, 16969)
(5012, 6714, 5110, 16947)
(4923, 6809, 5003, 16960)
(4933, 6691, 5013, 16952)
(4942, 6677, 5055, 16966)
(5023, 6935, 5126, 16896)
(5006, 6708, 5090, 16956)
(4986, 6848, 5063, 16977)
(4910, 6569, 4986, 16991)
(4944, 6851, 5024, 16942)
(4986, 6669, 5081, 16942)
(4928, 6878, 5002, 16978)
(7235, 21976, 7313, 25125)
(5012, 6876, 5093, 16945)
(7197, 9773, 7274, 25137)
(5023, 6714, 5126, 16936)
(7233, 9840, 7303, 25134)
(7377, 9894, 7455, 25128)
(7260, 9749, 7323, 25122)
(4954, 6815, 5033, 16988)
(4940, 6763, 5051, 16958)
(4934, 6781, 5013, 16967)
(5026, 6848, 5103, 16975)
(4938, 6759, 5016, 16940)
(4933, 6718, 5005, 16920)
(4935, 6691, 5013, 16944)
(4917, 6499, 4988, 16980)
(7200, 9677, 7269, 25135)
(4932, 6792, 5005, 16935)
(4958, 6633, 5074, 16972)
(4934, 6505, 5007, 16961)
(5035, 7255, 5120, 16942)
(7215, 14022, 7290, 25125)
(4954, 6711, 5029, 16972)
(4937, 6758, 5042, 16956)
(5056, 6897, 5137, 16870)
(4937, 6816, 5015, 16927)
(4917, 9956, 4985, 16951)
(4938, 6709, 5019, 16936)
(5055, 7103, 5149, 16936)
(4951, 6764, 5025, 16942)
(4930, 6693, 5008, 16888)
(7228, 13544, 7297, 25116)
(4956, 6703, 5029, 16920)
(7211, 13656, 7279, 25128)
(7229, 9538, 7298, 25140)
(4935, 6684, 5014, 16935)
(7228, 9228, 7304, 25146)
(5048, 6844, 5147, 16920)
(4936, 8645, 5011, 16942)
(4944, 6679, 5018, 16950)
(4936, 6617, 5012, 16973)
(5024, 6976, 5129, 16958)
(4940, 6634, 5013, 16931)
(5021, 6784, 5105, 16925)
(4941, 6737, 5012, 16932)
(4984, 6746, 5066, 16986)
(4922, 6890, 4997, 16963)
(4942, 6833, 5016, 16920)
(4987, 6742, 5057, 16923)
(4902, 6657, 4976, 16880)
(5058, 6826, 5160, 16929)
(4937, 6575, 5011, 16973)
(4914, 6721, 4986, 16975)
(4933, 6725, 5004, 16935)
(4934, 6805, 5011, 16956)
(7256, 9793, 7334, 25122)
(4925, 6835, 5005, 16960)
(4937, 6909, 5046, 16963)
(5036, 6848, 5136, 16904)
(4926, 6654, 4999, 16948)
(4971, 7011, 5090, 16976)
(4935, 9761, 5010, 16966)
(4907, 6710, 4979, 16971)
(4937, 7044, 5015, 16958)
(4963, 8212, 5042, 16927)
(5067, 7022, 5161, 16935)
(4936, 6818, 5009, 16957)
(4938, 6662, 5011, 16962)
(7345, 10039, 7423, 25128)
(4930, 6723, 5043, 16950)
(5031, 6946, 5131, 16948)
(5022, 6908, 5120, 16916)
(4959, 6607, 5034, 16969)
(4932, 6803, 5008, 16968)
(7233, 9744, 7306, 25140)
(4939, 6819, 5045, 16968)
(7304, 10038, 7385, 25141)
(5017, 6742, 5113, 16928)
(7278, 9833, 7351, 25094)
(4957, 7168, 5032, 16971)
(7225, 9662, 7295, 25134)
(4978, 6862, 5050, 16955)
(4926, 6898, 5005, 16980)
(4932, 6776, 5012, 16929)
(4930, 6874, 5007, 16969)
(4926, 6875, 5004, 16956)
(5011, 6901, 5112, 16927)
(4934, 6733, 5009, 16969)
(5013, 7144, 5094, 16943)
(4958, 6960, 5032, 16900)
(7269, 9637, 7338, 25146)
(5017, 6860, 5099, 16946)
(4938, 6777, 5011, 16943)
(4932, 6669, 5011, 16915)
(5000, 6761, 5095, 16950)
(4939, 6967, 5012, 16947)
(4952, 6735, 5071, 16964)
(4925, 6635, 5003, 16957)
(7229, 9691, 7298, 25143)
(4975, 6799, 5072, 16943)
(4921, 6905, 4995, 16874)
(4919, 6957, 4999, 16945)
(4946, 6892, 5022, 16929)
(5254, 7431, 5386, 16934)
(4938, 6939, 5018, 16933)
(4930, 6731, 5002, 16943)
(4980, 6693, 5088, 16964)
(4937, 6327, 5014, 16950)
(4934, 6377, 5008, 16956)
(4943, 6721, 5057, 16971)
(4927, 6662, 4999, 16972)
(5036, 6749, 5122, 16941)
(4978, 9498, 5058, 16936)
(5016, 6699, 5094, 16961)
(4944, 6606, 5019, 16950)
(4960, 6778, 5066, 16999)
(7218, 9504, 7292, 25131)
(7224, 9302, 7300, 25137)
(4937, 6665, 5011, 16970)
(5010, 6897, 5106, 16941)
(4980, 6599, 5103, 16930)
(7195, 9446, 7257, 25128)
(4946, 10136, 5062, 16967)
(5020, 6802, 5125, 16950)
(4955, 6665, 5032, 16955)
(5022, 6758, 5118, 16945)
(5019, 6816, 5120, 16925)
(4939, 6692, 5017, 16968)
(4935, 6607, 5013, 16979)
(4929, 6668, 5006, 16985)
(4962, 6735, 5067, 16976)
(4924, 6616, 5000, 16968)
(5007, 6701, 5102, 16929)
(4907, 9386, 4981, 16965)
(4935, 6581, 5012, 16971)
(5109, 7029, 5199, 16974)
(4951, 6617, 5035, 16952)
(5037, 6821, 5134, 16933)
(4917, 6711, 4990, 16927)
(7241, 9527, 7309, 25143)
(5016, 9949, 5115, 16925)
(7230, 9620, 7311, 25108)
(4916, 9027, 4985, 16969)
(4923, 6602, 4998, 16946)
(4934, 6486, 5010, 16967)
(7234, 9574, 7303, 25156)
(5007, 6674, 5086, 16945)
(4934, 6654, 5009, 16978)
(4996, 6732, 5082, 16931)
(5009, 6782, 5109, 16950)
(4913, 6641, 4985, 16966)
(5016, 6759, 5120, 16956)
(4947, 6570, 5021, 16966)
(4924, 6503, 4997, 16960)
(5030, 6885, 5132, 16958)
(5028, 6874, 5123, 16954)
(4959, 6709, 5074, 16961)
(5023, 6694, 5119, 16961)
(5033, 6755, 5132, 16912)
(4938, 6700, 5016, 16948)
(7207, 9531, 7281, 25128)
(4904, 6582, 4976, 16982)
(4946, 6743, 5020, 16937)
(4922, 6549, 4995, 16932)
(4930, 6625, 5005, 16985)
(4929, 6738, 5008, 16916)
(5035, 7044, 5140, 16923)
(4934, 6633, 5013, 16985)
(4941, 6609, 5017, 16974)
(5060, 6850, 5163, 16960)
(4907, 6829, 5019, 16947)
(4933, 6706, 5012, 16956)
(4936, 6760, 5009, 16911)
(5018, 6707, 5118, 16940)
(4942, 6338, 5015, 16927)
(5021, 6768, 5105, 16927)
(4957, 6758, 5033, 16939)
(4930, 6731, 5007, 16958)
(4906, 6556, 4979, 16968)
(4983, 7291, 5059, 16969)
(4912, 11182, 4986, 16943)
(5008, 7027, 5106, 16913)
(4903, 6530, 4974, 16960)
(4932, 6628, 5010, 16927)
(4920, 6632, 5000, 16978)
(5010, 6774, 5104, 16963)
(4909, 6714, 4980, 16974)
(5023, 7047, 5099, 16937)
(7253, 14354, 7323, 25131)
(4938, 6891, 5039, 16950)
(4908, 6642, 4981, 16971)
(7228, 9455, 7297, 25137)
(4963, 6682, 5038, 16966)
(5001, 6751, 5098, 16957)
(7245, 9617, 7316, 25122)
(4939, 6694, 5020, 16989)
(4916, 6659, 4992, 16956)
(5000, 6839, 5101, 16950)
(4958, 9828, 5076, 16947)
(5002, 6709, 5098, 16943)
(4953, 9772, 5071, 16957)
(4908, 6601, 4977, 16977)
(5005, 9885, 5105, 16949)
(4915, 9561, 4988, 16980)
(4928, 6607, 5001, 16965)
(4935, 6700, 5012, 16970)
(4946, 6803, 5019, 16972)
(5003, 9764, 5103, 16949)
(4939, 6790, 5055, 16970)
(4954, 6650, 5079, 16886)
(4931, 9464, 5052, 16961)
(4915, 6630, 4988, 16967)
(4955, 6619, 5066, 16951)
(5036, 7278, 5140, 16917)
(5006, 6888, 5092, 16916)
(4933, 6711, 5005, 16921)
(4936, 6545, 5007, 16949)
(4931, 6413, 5006, 16958)
(4933, 6522, 5013, 16952)
(4992, 6704, 5090, 16936)
(5095, 6855, 5202, 16904)
(4937, 6569, 5009, 16966)
(4944, 6515, 5018, 16932)
(4977, 8489, 5053, 16962)
(5044, 6795, 5142, 16939)
(4916, 6758, 4989, 16972)
(4995, 6709, 5073, 16958)
(4968, 6906, 5081, 16970)
(4926, 6691, 4998, 16887)
(4913, 6654, 4987, 16946)
(5001, 6740, 5077, 16953)
(5012, 10257, 5113, 16929)
(4937, 6730, 5050, 16975)
(5133, 6832, 5237, 16928)
(4937, 6661, 5056, 16956)
(4913, 6762, 4987, 16960)
(7342, 9571, 7422, 25140)
(4955, 6804, 5074, 16990)
(10069, 13201, 10152, 34803)
(10074, 13181, 10172, 34775)
(4942, 6807, 5016, 16966)
(4936, 9237, 5017, 16962)
(4947, 9317, 5022, 16976)
(7234, 13651, 7305, 25125)
(4929, 9525, 5004, 16924)
(5019, 10206, 5132, 16983)
(4931, 10012, 5015, 16963)
(5008, 6584, 5102, 16952)
(4921, 6523, 4993, 16942)
(4923, 6646, 4999, 16973)
(4942, 9324, 5056, 16953)
(4938, 8443, 5017, 16944)
(4943, 6634, 5019, 16963)
(7228, 9583, 7296, 25131)
(7376, 9554, 7452, 25131)
(5034, 6859, 5112, 16959)
(4928, 9338, 5001, 16930)
(5010, 9868, 5107, 16937)
(4935, 9447, 5015, 16943)
(4943, 10090, 5017, 16957)
(4930, 6723, 5042, 16930)
(4976, 6581, 5072, 16936)
(4951, 9496, 5068, 16973)
(4961, 6828, 5079, 16929)
(4932, 9610, 5007, 16943)
(4935, 6612, 5013, 16952)
(4942, 6687, 5015, 16956)
(5027, 7189, 5130, 16932)
(4936, 6528, 5013, 16930)
(4887, 6472, 4961, 16928)
(4918, 6656, 4991, 16929)
(4938, 9590, 5017, 16987)
(7166, 9384, 7231, 25149)
(4951, 9787, 5031, 16967)
(4950, 9860, 5025, 16914)
(4980, 9510, 5098, 16948)
(5012, 9473, 5110, 16950)
(4952, 6515, 5026, 16951)
(7277, 13680, 7366, 25155)
(7215, 13598, 7289, 25137)
(4989, 6669, 5090, 16952)
(4957, 6884, 5057, 16946)
(5017, 6736, 5114, 16950)
(4989, 6663, 5084, 16948)
(4919, 6592, 4988, 16965)
(4935, 6610, 5006, 16938)
(4982, 6644, 5056, 16952)
(5021, 6773, 5103, 16934)
(4995, 6703, 5092, 16936)
(7235, 9538, 7303, 25134)
(4941, 6645, 5021, 16966)
(7347, 9597, 7427, 25122)
(4994, 6658, 5092, 16937)
(5003, 6783, 5107, 16940)
(4944, 6599, 5016, 16980)
(4918, 6559, 4991, 16976)
(4890, 6527, 4962, 16934)
(4958, 6591, 5076, 16938)
(4939, 6633, 5013, 16926)
(4929, 6606, 5003, 16951)
(7258, 9315, 7325, 25131)
(4938, 6700, 5016, 16984)
(5027, 6767, 5124, 16948)
(5028, 6896, 5112, 16963)
(7261, 9507, 7324, 25131)
(4915, 6524, 4987, 16967)
(4923, 6701, 4999, 16936)
(4940, 6538, 5015, 16943)
(7203, 9576, 7271, 25137)
(4908, 6638, 4985, 16934)
(5034, 6859, 5128, 16946)
(4940, 6728, 5017, 16975)
(4935, 6759, 5016, 16962)
(4937, 6674, 5008, 16952)
(4943, 6893, 5011, 16953)
(5043, 6926, 5149, 16945)
(4992, 6659, 5086, 16946)
(5025, 6735, 5120, 16957)
(5065, 6770, 5162, 16933)
(4952, 6649, 5029, 16954)
(5061, 6875, 5149, 16922)
(4946, 6983, 5025, 16946)
(4947, 6499, 5024, 16981)
(4932, 6439, 5005, 16954)
(4936, 6527, 5016, 16970)
(4948, 6378, 5016, 16920)
(4964, 6608, 5041, 16931)
(4946, 6447, 5015, 16974)
(4992, 6564, 5106, 16947)
(7287, 13594, 7368, 25131)
(4909, 7218, 4990, 16977)
(4938, 7527, 5012, 16850)
(4926, 6842, 5003, 16974)
(4953, 6619, 5030, 16918)
(4923, 6459, 4992, 16983)
(4924, 6518, 5004, 16935)
(4959, 6687, 5079, 16964)
(4925, 6728, 5033, 16953)
(4918, 6334, 4991, 16916)
(7229, 9555, 7298, 25125)
(5007, 6675, 5103, 16933)
(4934, 6409, 5011, 16974)
(4925, 9818, 5006, 16926)
(4905, 6632, 4978, 16967)
(4963, 6624, 5084, 16951)
(4991, 6624, 5085, 16942)
(7231, 9688, 7298, 25158)
(4941, 6621, 5013, 16973)
(4968, 6716, 5040, 16965)
(4970, 6711, 5051, 16966)
(4942, 9353, 5018, 16942)
(4937, 9610, 5013, 16960)
(7219, 13773, 7294, 25137)
(4955, 6802, 5028, 16966)
(4937, 6653, 5010, 16975)
(4940, 6745, 5016, 16934)
(4936, 9829, 5016, 16940)
(4938, 10146, 5016, 16978)
(4937, 7329, 5011, 16935)
(7196, 11016, 7264, 25137)
(4928, 6613, 5002, 16960)
(5009, 10040, 5092, 16926)
(4945, 9932, 5017, 16940)
(4947, 9671, 5053, 16931)
(7228, 14426, 7296, 25131)
(5011, 10138, 5114, 16940)
(5042, 10601, 5147, 16941)
(5012, 6662, 5106, 16952)
(5018, 10302, 5114, 16953)
(4925, 6621, 4998, 16933)
(4932, 6643, 5004, 16969)
(4946, 9485, 5023, 16952)
(4963, 9622, 5081, 16959)
(5048, 9712, 5149, 16937)
(10089, 13132, 10194, 34813)
(4942, 6726, 5016, 16944)
(5024, 6795, 5123, 16951)
(4920, 6634, 4998, 16971)
(4957, 9799, 5081, 16939)
(5027, 6917, 5111, 16963)
(4923, 6535, 5000, 16963)
(4941, 6617, 5020, 16929)
(4931, 6743, 5008, 16978)
(4953, 6639, 5057, 16961)
(4888, 6556, 4960, 16965)
(4969, 6738, 5046, 16940)
(4934, 6514, 5008, 16921)
(4940, 6617, 5012, 16969)
(4938, 6589, 5011, 16947)
(5020, 6829, 5123, 16942)
(4937, 6676, 5010, 16971)
(5036, 6699, 5117, 16933)
(4943, 6666, 5014, 16984)
(4918, 6517, 4988, 16979)
(5060, 6726, 5145, 16962)
(4945, 6682, 5022, 16963)
(4954, 6533, 5035, 16987)
(4947, 6559, 5027, 16950)
(4968, 6682, 5043, 16982)
(4954, 6562, 5027, 16969)
(4915, 6497, 4988, 16970)
(4942, 6678, 5014, 16940)
(7304, 9705, 7378, 25137)
(4913, 6756, 4991, 16979)
(4934, 6714, 5007, 16981)
(4974, 6847, 5052, 16976)
(4934, 6756, 5008, 16976)
(4935, 6753, 5008, 16959)
(5042, 6796, 5168, 16956)
(7260, 9847, 7326, 25125)
(5017, 6754, 5114, 16931)
(4992, 6700, 5071, 16972)
(4947, 6706, 5023, 16963)
(4960, 6701, 5037, 16974)
(4958, 6652, 5032, 16947)
(4913, 6604, 4987, 16963)
(4995, 6573, 5066, 16936)
(4939, 6597, 5014, 16967)
(4947, 6698, 5016, 16978)
(4918, 6484, 4991, 16926)
(4973, 6649, 5075, 16966)
(4937, 6551, 5012, 16932)
(4931, 6728, 5005, 16990)
(5080, 7028, 5207, 16937)
(7298, 10089, 7371, 25140)
(4936, 6719, 5011, 16964)
(5027, 6908, 5125, 16931)
(7234, 9511, 7313, 25149)
(4916, 6691, 4989, 16935)
(4942, 6649, 5015, 16928)
(4921, 6577, 4997, 16972)
(4934, 6630, 5009, 16953)
(4937, 6575, 5013, 16932)
(5020, 6664, 5120, 16943)
(4915, 6563, 4988, 16963)
(5035, 6987, 5113, 16976)
(4934, 6542, 5015, 16962)
(4913, 6585, 4986, 16977)
(4930, 6739, 5004, 16966)
(4930, 6695, 5007, 16923)
(4937, 6512, 5014, 16961)
(4961, 6725, 5035, 16921)
(5021, 6811, 5120, 16954)
(4953, 9751, 5028, 16963)
(4916, 6788, 4990, 16978)
(4935, 6711, 5012, 16934)
(4938, 6528, 5011, 16983)
(7278, 9442, 7345, 25134)
(4936, 6871, 5004, 16969)
(4940, 6524, 5013, 16972)
(4938, 6846, 5012, 16978)
(4938, 9638, 5019, 16928)
(5012, 6765, 5116, 16935)
(4904, 6491, 4975, 16940)
(4995, 6503, 5072, 16975)
(4940, 6483, 5013, 16932)
(4924, 6572, 4996, 16993)
(4934, 6763, 5011, 16973)
(7294, 9292, 7362, 25117)
(4962, 6841, 5087, 16923)
(4918, 6550, 4991, 16931)
(4948, 6814, 5055, 16951)
(4944, 6645, 5022, 16958)
(5371, 7771, 5474, 16946)
(4992, 6613, 5097, 16976)
(4965, 6595, 5044, 16967)
(4956, 6419, 5027, 16963)
(4921, 6492, 4993, 16919)
(5013, 6666, 5109, 16900)
(5012, 6591, 5097, 16932)
(4954, 6672, 5026, 16980)
(5031, 6816, 5146, 16972)
(4932, 6541, 5009, 16978)
(5008, 6830, 5108, 16938)
(4942, 6918, 5015, 16966)
(5009, 6704, 5086, 16982)
(4941, 6666, 5018, 16971)
(4976, 6753, 5078, 16942)
(7245, 9484, 7314, 25139)
(4923, 6637, 4996, 16948)
(4925, 6654, 4999, 16935)
(4927, 9260, 5004, 16970)
(4949, 9744, 5055, 16941)
(4937, 6586, 5014, 16950)
(4962, 6652, 5074, 16970)
(4981, 6724, 5061, 16960)
(4949, 6658, 5068, 16963)
(5061, 9279, 5164, 16949)
(7236, 9453, 7304, 25125)
(4935, 6752, 5009, 16963)
(4941, 6577, 5018, 16947)
(5010, 6886, 5092, 16949)
(4932, 6646, 5007, 16964)
(7232, 9478, 7301, 25131)
(4952, 6781, 5077, 16949)
(4897, 6456, 4967, 16961)
(4938, 9766, 5016, 16944)
(4937, 6565, 5013, 16980)
(7270, 9516, 7356, 25131)
(4911, 6420, 4985, 16987)
(4964, 6568, 5035, 16980)
(7413, 9434, 7497, 25143)
(4925, 6479, 5004, 16918)
(5005, 6542, 5101, 16940)
(4951, 6912, 5023, 16966)
(4933, 6617, 5007, 16981)
(7246, 9482, 7315, 25146)
(4981, 6582, 5079, 16929)
(5000, 6709, 5076, 16933)
(5001, 6628, 5094, 16970)
(4936, 6776, 5011, 16990)
(5001, 6729, 5113, 16937)
(4959, 6788, 5037, 16921)
(4928, 6566, 5001, 16954)
(4945, 6676, 5062, 16972)
(4933, 6572, 5006, 16962)
(4929, 6542, 5002, 16967)
(4947, 9393, 5059, 16952)
(4981, 6577, 5103, 16915)
(4938, 6666, 5013, 16952)
(4940, 6590, 5017, 16947)
(4990, 6732, 5091, 16929)
(4935, 9784, 5013, 16934)
(5004, 6738, 5104, 16942)
(4937, 9357, 5011, 16959)
(4936, 6511, 5013, 16927)
(4937, 9863, 5012, 16982)
(4940, 6498, 5014, 16941)
(4935, 6548, 5009, 16965)
(7235, 9505, 7303, 25122)
(7273, 9498, 7345, 25130)
(4932, 6547, 5005, 16959)
(4938, 6651, 5012, 16981)
(4948, 6850, 5072, 16952)
(5004, 6698, 5106, 16961)
(4943, 6642, 5022, 16969)
(4904, 6568, 4977, 16971)
(7273, 9262, 7346, 25100)
(4994, 6826, 5075, 16931)
(4959, 6724, 5071, 16966)
(4940, 6520, 5047, 16922)
(4915, 6602, 4988, 16993)
(4926, 6576, 5000, 16968)
(4935, 6646, 5011, 16983)
(4923, 6542, 4992, 16945)
(5019, 6726, 5099, 16946)
(4906, 6705, 4981, 16925)
(5058, 6707, 5159, 16948)
(4905, 6629, 4978, 16950)
(5029, 7026, 5150, 16974)
(4958, 6830, 5068, 16984)
(5175, 7224, 5313, 16958)
(5018, 6809, 5114, 16943)
(4936, 6650, 5013, 16984)
(4950, 6659, 5024, 16939)
(5005, 6736, 5081, 16926)
(4935, 6560, 5008, 16972)
(4943, 6638, 5019, 16953)
(5010, 6661, 5105, 16931)
(4953, 6654, 5032, 16964)
(4932, 6648, 5009, 16975)
