(2021, 2672, 2076, 0)
(2047, 2778, 2110, 0)
(1978, 2676, 2035, 0)
(2024, 2615, 2079, 0)
(2064, 2739, 2112, 0)
(2481, 3313, 2522, 0)
(2016, 4479, 2091, 0)
(2026, 2643, 2079, 0)
(2496, 4476, 2538, 0)
(2118, 3428, 2289, 0)
(2020, 2933, 2079, 0)
(2011, 3355, 2072, 0)
(2026, 2582, 2083, 0)
(2086, 2527, 2137, 0)
(2010, 2652, 2073, 0)
(2068, 2975, 2099, 0)
(2047, 3159, 2104, 0)
(2006, 2615, 2061, 0)
(2521, 3063, 2558, 0)
(2045, 2513, 2094, 0)
(2461, 3037, 2500, 0)
(2492, 3885, 2533, 0)
(2000, 2990, 2062, 0)
(2499, 3103, 2537, 0)
(2026, 3752, 2107, 0)
(2085, 2634, 2141, 0)
(2067, 2451, 2118, 0)
(2067, 2516, 2122, 0)
(2059, 2485, 2123, 0)
(2063, 2492, 2099, 0)
(2045, 2959, 2099, 0)
(2511, 3683, 2548, 0)
(2068, 3260, 2124, 0)
(2455, 3062, 2493, 0)
(2029, 2489, 2083, 0)
(2005, 2500, 2059, 0)
(2011, 4121, 2076, 0)
(2014, 3106, 2075, 0)
(2006, 3302, 2071, 0)
(2016, 3218, 2077, 0)
(2048, 2814, 2099, 0)
(2030, 2875, 2090, 0)
(2014, 5846, 2078, 0)
(2086, 4293, 2145, 0)
(2505, 4338, 2545, 0)
(2044, 9155, 2174, 0)
(1999, 2713, 2056, 0)
(2469, 5371, 2507, 0)
(2058, 3094, 2113, 0)
(2019, 3141, 2074, 0)
(2042, 3307, 2096, 0)
(1999, 2548, 2058, 0)
(2032, 3489, 2082, 0)
(2021, 2692, 2083, 0)
(2006, 3397, 2061, 0)
(2054, 3150, 2105, 0)
(2029, 2719, 2090, 0)
(2044, 3766, 2169, 0)
(2493, 4032, 2535, 0)
(2049, 2844, 2102, 0)
(2531, 5443, 2596, 0)
(2495, 4187, 2535, 0)
(1995, 3602, 2070, 0)
(2483, 4624, 2528, 0)
(2569, 3726, 2618, 0)
(2503, 3506, 2543, 0)
(2028, 5744, 2077, 0)
(2024, 2997, 2078, 0)
(2024, 3234, 2079, 0)
(2022, 3239, 2074, 0)
(2016, 3202, 2070, 0)
(2012, 3194, 2068, 0)
(2043, 2833, 2105, 0)
(2019, 2497, 2075, 0)
(1997, 4458, 2053, 0)
(2492, 4526, 2534, 0)
(2499, 3109, 2538, 0)
(2499, 3417, 2543, 0)
(2051, 2716, 2098, 0)
(2051, 2807, 2109, 0)
(2028, 3172, 2083, 0)
(1998, 3308, 2054, 0)
(2020, 2879, 2075, 0)
(2074, 3562, 2129, 0)
(2489, 4220, 2531, 0)
(2023, 3365, 2075, 0)
(2495, 4570, 2536, 0)
(2028, 4256, 2083, 0)
(2016, 3467, 2073, 0)
(2518, 3894, 2556, 0)
(2042, 11511, 2092, 0)
(2028, 2665, 2081, 0)
(2008, 3874, 2063, 0)
(2055, 2562, 2105, 0)
(2073, 3204, 2120, 0)
(2020, 2690, 2075, 0)
(2500, 4452, 2541, 0)
(2485, 5435, 2529, 0)
(2051, 3461, 2099, 0)
(2511, 3945, 2549, 0)
(2061, 2649, 2122, 0)
(2037, 3159, 2095, 0)
(2018, 3234, 2081, 0)
(2005, 2700, 2067, 0)
(2011, 3698, 2075, 0)
(2526, 3490, 2570, 0)
(2011, 2627, 2064, 0)
(2012, 2683, 2068, 0)
(2500, 3284, 2541, 0)
(2495, 3271, 2535, 0)
(2484, 4136, 2530, 0)
(2504, 6915, 2543, 0)
(2507, 3617, 2556, 0)
(2501, 3658, 2547, 0)
(2477, 3232, 2512, 0)
(2015, 3945, 2075, 0)
(2020, 2560, 2079, 0)
(2091, 3128, 2142, 0)
(2497, 3162, 2534, 0)
(2002, 2570, 2062, 0)
(2039, 2996, 2090, 0)
(2479, 5864, 2520, 0)
(2494, 4435, 2535, 0)
(2038, 2541, 2091, 0)
(2032, 2565, 2083, 0)
(2010, 3174, 2064, 0)
(2006, 2860, 2069, 0)
(2499, 4556, 2542, 0)
(2015, 3764, 2067, 0)
(2045, 3068, 2103, 0)
(2048, 2650, 2102, 0)
(2498, 2996, 2536, 0)
(2469, 3887, 2513, 0)
(2523, 3636, 2563, 0)
(2048, 2546, 2105, 0)
(2485, 3214, 2525, 0)
(2060, 2527, 2112, 0)
(2041, 3916, 2093, 0)
(2513, 3895, 2551, 0)
(2043, 2879, 2098, 0)
(2055, 5041, 2093, 0)
(2488, 8999, 2529, 0)
(2002, 3833, 2061, 0)
(2503, 3819, 2543, 0)
(2022, 4298, 2081, 0)
(2021, 3336, 2081, 0)
(2013, 3413, 2065, 0)
(2499, 3514, 2539, 0)
(2041, 2751, 2099, 0)
(2480, 15084, 2516, 0)
(2088, 2669, 2144, 0)
(2031, 5580, 2094, 0)
(2014, 2654, 2069, 0)
(2007, 13164, 2067, 0)
(2519, 3267, 2562, 0)
(2495, 4036, 2532, 0)
(2029, 2959, 2090, 0)
(2493, 3539, 2534, 0)
(2022, 2836, 2072, 0)
(2518, 3644, 2551, 0)
(2047, 2703, 2110, 0)
(1993, 6679, 2047, 0)
(2498, 4521, 2535, 0)
(2503, 4700, 2542, 0)
(2009, 3343, 2071, 0)
(2060, 3140, 2117, 0)
(2056, 2564, 2101, 0)
(2106, 2811, 2166, 0)
(2497, 4697, 2538, 0)
(2023, 2768, 2086, 0)
(2512, 3183, 2556, 0)
(2494, 3158, 2534, 0)
(2031, 2488, 2087, 0)
(2056, 3206, 2108, 0)
(2057, 3289, 2112, 0)
(2040, 3280, 2093, 0)
(2015, 2533, 2067, 0)
(1999, 3066, 2060, 0)
(2036, 3943, 2071, 0)
(2518, 3740, 2564, 0)
(2089, 3473, 2137, 0)
(2016, 2678, 2074, 0)
(2008, 4281, 2066, 0)
(2024, 4145, 2086, 0)
(2501, 3751, 2566, 0)
(2117, 3656, 2235, 0)
(2883, 3831, 2925, 0)
(2502, 3106, 2542, 0)
(2489, 3679, 2531, 0)
(2019, 2930, 2076, 0)
(2013, 2825, 2075, 0)
(2019, 2541, 2074, 0)
(2030, 2527, 2085, 0)
(2015, 4715, 2078, 0)
(2030, 2789, 2079, 0)
(2456, 2993, 2493, 0)
(2046, 2616, 2101, 0)
(2054, 2542, 2104, 0)
(2060, 2576, 2108, 0)
(2033, 3828, 2086, 0)
(2065, 2637, 2113, 0)
(2524, 3350, 2566, 0)
(2023, 3134, 2081, 0)
(2009, 2709, 2066, 0)
(2072, 2536, 2121, 0)
(2022, 12885, 2079, 0)
(2551, 3483, 2586, 0)
(1998, 3081, 2060, 0)
(2056, 3069, 2104, 0)
(2904, 5534, 2947, 0)
(2012, 2553, 2067, 0)
(2053, 2586, 2115, 0)
(2493, 3028, 2533, 0)
(2501, 3452, 2543, 0)
(2080, 3244, 2129, 0)
(2498, 3577, 2540, 0)
(2490, 7443, 2527, 0)
(2024, 2594, 2083, 0)
(2018, 3092, 2079, 0)
(2462, 3855, 2498, 0)
(2060, 12325, 2111, 0)
(2030, 2676, 2090, 0)
(2027, 2799, 2079, 0)
(2031, 5489, 2088, 0)
(2507, 3191, 2556, 0)
(2018, 2586, 2070, 0)
(2096, 2608, 2136, 0)
(2043, 2974, 2095, 0)
(2001, 3256, 2058, 0)
(2016, 2617, 2071, 0)
(2060, 2601, 2106, 0)
(2015, 2516, 2077, 0)
(2058, 2739, 2108, 0)
(2063, 3149, 2119, 0)
(2019, 2932, 2074, 0)
(2472, 3948, 2552, 0)
(2028, 4071, 2090, 0)
(2041, 7159, 2098, 0)
(2477, 4453, 2519, 0)
(2494, 7834, 2533, 0)
(2507, 8195, 2545, 0)
(2043, 2801, 2113, 0)
(2023, 2480, 2084, 0)
(2529, 3169, 2566, 0)
(2549, 3201, 2585, 0)
(2523, 3324, 2562, 0)
(2013, 2897, 2066, 0)
(2062, 3405, 2126, 0)
(2027, 13422, 2085, 0)
(2519, 3413, 2555, 0)
(2034, 2627, 2094, 0)
(2075, 2532, 2123, 0)
(2005, 2928, 2058, 0)
(2502, 3699, 2544, 0)
(2057, 6740, 2112, 0)
(2019, 2620, 2080, 0)
(2493, 3197, 2539, 0)
(2038, 3017, 2090, 0)
(2006, 4912, 2064, 0)
(2061, 2975, 2120, 0)
(2018, 2990, 2081, 0)
(2007, 4112, 2068, 0)
(2037, 2563, 2096, 0)
(2021, 2866, 2077, 0)
(2036, 2865, 2096, 0)
(2008, 13884, 2062, 0)
(2018, 3307, 2081, 0)
(2506, 15800, 2546, 0)
(2073, 3697, 2124, 0)
(2057, 3184, 2120, 0)
(2034, 2559, 2083, 0)
(2480, 3109, 2521, 0)
(2017, 3337, 2072, 0)
(2471, 3178, 2507, 0)
(2883, 7229, 2925, 0)
(2015, 11928, 2077, 0)
(2066, 2550, 2112, 0)
(2026, 13384, 2087, 0)
(2058, 8357, 2106, 0)
(2496, 5835, 2539, 0)
(2022, 12925, 2075, 0)
(2511, 4098, 2549, 0)
(2068, 2689, 2120, 0)
(2018, 3293, 2082, 0)
(2003, 2990, 2063, 0)
(2042, 4434, 2096, 0)
(2533, 3379, 2564, 0)
(2019, 3728, 2075, 0)
(2086, 4016, 2143, 0)
(2097, 2635, 2154, 0)
(2523, 5402, 2558, 0)
(2510, 3293, 2550, 0)
(2014, 3207, 2069, 0)
(2536, 7914, 2571, 0)
(2495, 3705, 2537, 0)
(2510, 5182, 2546, 0)
(2015, 4523, 2073, 0)
(2486, 3133, 2526, 0)
(2023, 2646, 2079, 0)
(2015, 2987, 2079, 0)
(2022, 2694, 2083, 0)
(2036, 3335, 2093, 0)
(2463, 3286, 2504, 0)
(2061, 2694, 2113, 0)
(2465, 4940, 2507, 0)
(2009, 2609, 2063, 0)
(2049, 2775, 2104, 0)
(2061, 2513, 2097, 0)
(2004, 2903, 2066, 0)
(2479, 4198, 2519, 0)
(2013, 2809, 2068, 0)
(2018, 2491, 2079, 0)
(2085, 2691, 2137, 0)
(2010, 14200, 2062, 0)
(2060, 6596, 2108, 0)
(2002, 3874, 2061, 0)
(2025, 2664, 2083, 0)
(2493, 3213, 2535, 0)
(2062, 4213, 2114, 0)
(2490, 3227, 2528, 0)
(2031, 2623, 2085, 0)
(2041, 4101, 2100, 0)
(2043, 2562, 2091, 0)
(2041, 2681, 2099, 0)
(2484, 3608, 2525, 0)
(2499, 3558, 2538, 0)
(2058, 2782, 2112, 0)
(2016, 6071, 2068, 0)
(2027, 2612, 2082, 0)
(2510, 3278, 2557, 0)
(2062, 2941, 2116, 0)
(2508, 16982, 2550, 0)
(2038, 3138, 2096, 0)
(1990, 2562, 2048, 0)
(2025, 2657, 2085, 0)
(2084, 2521, 2134, 0)
(2502, 4873, 2543, 0)
(2024, 3244, 2088, 0)
(2478, 7299, 2517, 0)
(2521, 3979, 2558, 0)
(2029, 4421, 2089, 0)
(2483, 15696, 2523, 0)
(2493, 3010, 2533, 0)
(2071, 2777, 2156, 0)
(2016, 14116, 2076, 0)
(2506, 3761, 2544, 0)
(1997, 3498, 2057, 0)
(2023, 3468, 2110, 0)
(2051, 2833, 2107, 0)
(2495, 6785, 2550, 0)
(2881, 4415, 2949, 0)
(2100, 2947, 2147, 0)
(2515, 6060, 2555, 0)
(2006, 2960, 2070, 0)
(2064, 2865, 2116, 0)
(2013, 2615, 2076, 0)
(2021, 3745, 2082, 0)
(2052, 2904, 2105, 0)
(2514, 4756, 2569, 0)
(2013, 3372, 2069, 0)
(2034, 2687, 2100, 0)
(2041, 2593, 2101, 0)
(2040, 4702, 2102, 0)
(2060, 3688, 2108, 0)
(2070, 3180, 2133, 0)
(2093, 3107, 2153, 0)
(2084, 13762, 2137, 0)
(2035, 2718, 2086, 0)
(2483, 4088, 2526, 0)
(2019, 2782, 2081, 0)
(2508, 3427, 2552, 0)
(2032, 4166, 2090, 0)
(2472, 3305, 2511, 0)
(2040, 2927, 2090, 0)
(2070, 2930, 2129, 0)
(2046, 3638, 2096, 0)
(1998, 12698, 2052, 0)
(2514, 3306, 2550, 0)
(2030, 2488, 2080, 0)
(2492, 3411, 2532, 0)
(2058, 3013, 2112, 0)
(2485, 3350, 2526, 0)
(2497, 7186, 2547, 0)
(2501, 3157, 2540, 0)
(2053, 4067, 2122, 0)
(2052, 3498, 2104, 0)
(2079, 3379, 2126, 0)
(2036, 3416, 2089, 0)
(2493, 5953, 2536, 0)
(2488, 4570, 2529, 0)
(2565, 3104, 2597, 0)
(2054, 3315, 2102, 0)
(2024, 3401, 2079, 0)
(2036, 3289, 2098, 0)
(2005, 2540, 2065, 0)
(2514, 3895, 2559, 0)
(2040, 2599, 2089, 0)
(2473, 4776, 2516, 0)
(2490, 5320, 2540, 0)
(2503, 3320, 2542, 0)
(2509, 3563, 2548, 0)
(2523, 3197, 2557, 0)
(2001, 5683, 2059, 0)
(2019, 5389, 2079, 0)
(2496, 4012, 2537, 0)
(2026, 4712, 2079, 0)
(2018, 3339, 2073, 0)
(2509, 3560, 2563, 0)
(2481, 3810, 2525, 0)
(2006, 5365, 2072, 0)
(1980, 2757, 2043, 0)
(2030, 2645, 2092, 0)
(2041, 2870, 2093, 0)
(2032, 3187, 2088, 0)
(2012, 3674, 2065, 0)
(2008, 3295, 2069, 0)
(2495, 6037, 2537, 0)
(2491, 3415, 2530, 0)
(2072, 2970, 2133, 0)
(2545, 3937, 2579, 0)
(2020, 4782, 2086, 0)
(2008, 2875, 2062, 0)
(2044, 3026, 2096, 0)
(2033, 3604, 2085, 0)
(1995, 3587, 2052, 0)
(2043, 2795, 2096, 0)
(2056, 3329, 2104, 0)
(2505, 3285, 2546, 0)
(2049, 2968, 2098, 0)
(2528, 3635, 2572, 0)
(2462, 3453, 2502, 0)
(2487, 7114, 2526, 0)
(2490, 3619, 2529, 0)
(2018, 2953, 2081, 0)
(2555, 3530, 2588, 0)
(2015, 8011, 2072, 0)
(2497, 3342, 2539, 0)
(2033, 2721, 2089, 0)
(2019, 6876, 2080, 0)
(2068, 3495, 2126, 0)
(2027, 2677, 2085, 0)
(2054, 2641, 2103, 0)
(2054, 3005, 2102, 0)
(2046, 2879, 2096, 0)
(2016, 3613, 2069, 0)
(2459, 3211, 2496, 0)
(2465, 3628, 2507, 0)
(2533, 3163, 2567, 0)
(2532, 8484, 2567, 0)
(2054, 5477, 2105, 0)
(2025, 2635, 2087, 0)
(2042, 2924, 2092, 0)
(2481, 3249, 2530, 0)
(2019, 2984, 2079, 0)
(2504, 3484, 2547, 0)
(2449, 3383, 2486, 0)
(2559, 3205, 2593, 0)
(2018, 2701, 2079, 0)
(2066, 2742, 2119, 0)
(2008, 3181, 2070, 0)
(2018, 2855, 2077, 0)
(2030, 6068, 2091, 0)
(2019, 2622, 2074, 0)
(2496, 3100, 2536, 0)
(2059, 2644, 2108, 0)
(2473, 3211, 2513, 0)
(2018, 3432, 2078, 0)
(2022, 2866, 2076, 0)
(2483, 3239, 2519, 0)
(2003, 2500, 2063, 0)
(2479, 3057, 2521, 0)
(2041, 3071, 2100, 0)
(2044, 12586, 2093, 0)
(2500, 3937, 2541, 0)
(2060, 2693, 2109, 0)
(2039, 3234, 2090, 0)
(2046, 2688, 2098, 0)
(2523, 3035, 2558, 0)
(2035, 3504, 2085, 0)
(2009, 2780, 2070, 0)
(3893, 5758, 3950, 0)
(2006, 3242, 2067, 0)
(2497, 3384, 2536, 0)
(2012, 4771, 2068, 0)
(2040, 2675, 2096, 0)
(2063, 3425, 2120, 0)
(2482, 3549, 2524, 0)
(2050, 6205, 2101, 0)
(2023, 2537, 2084, 0)
(2070, 2587, 2122, 0)
(2515, 3199, 2557, 0)
(2473, 9710, 2513, 0)
(2472, 4152, 2510, 0)
(2532, 5105, 2625, 0)
(2518, 4054, 2557, 0)
(1999, 4740, 2061, 0)
(2012, 2695, 2072, 0)
(2014, 4508, 2076, 0)
(2043, 5643, 2094, 0)
(1998, 2453, 2053, 0)
(2007, 12633, 2063, 0)
(2497, 4878, 2538, 0)
(2893, 4896, 2935, 0)
(2047, 2944, 2099, 0)
(2007, 2902, 2064, 0)
(2001, 2928, 2062, 0)
(2518, 4531, 2607, 0)
(2023, 3888, 2088, 0)
(2024, 2772, 2083, 0)
(2473, 3041, 2511, 0)
(2057, 3669, 2110, 0)
(2524, 5795, 2602, 0)
(2514, 3343, 2553, 0)
(2017, 3720, 2070, 0)
(2024, 2991, 2078, 0)
(2022, 3177, 2082, 0)
(2035, 3935, 2136, 0)
(2021, 4188, 2073, 0)
(2024, 3955, 2117, 0)
(2018, 2792, 2076, 0)
(2006, 2501, 2065, 0)
(2494, 4742, 2531, 0)
(2453, 3519, 2491, 0)
(2005, 2688, 2069, 0)
(2035, 2728, 2086, 0)
(2035, 2879, 2089, 0)
(2031, 2606, 2086, 0)
(2599, 5942, 2723, 0)
(2506, 3053, 2544, 0)
(2026, 2718, 2087, 0)
(2072, 2616, 2125, 0)
(2024, 2470, 2084, 0)
(2042, 2494, 2095, 0)
(2090, 2738, 2143, 0)
(2489, 5817, 2531, 0)
(2018, 2835, 2081, 0)
(2031, 2728, 2083, 0)
(2016, 2724, 2077, 0)
(2004, 2606, 2064, 0)
(2020, 3004, 2077, 0)
(2026, 2663, 2079, 0)
(2049, 3223, 2108, 0)
(2057, 5774, 2107, 0)
(2562, 15393, 2600, 0)
(2044, 2545, 2103, 0)
(2006, 4161, 2079, 0)
(2020, 3368, 2072, 0)
(2032, 2590, 2085, 0)
(2039, 4299, 2088, 0)
(2053, 2805, 2107, 0)
(2554, 16490, 2587, 0)
(2006, 2575, 2070, 0)
(2519, 4468, 2557, 0)
(2026, 3307, 2079, 0)
(2018, 4115, 2086, 0)
(2027, 2594, 2085, 0)
(2047, 2766, 2097, 0)
(2025, 3371, 2084, 0)
(2023, 3007, 2077, 0)
(2876, 3934, 2919, 0)
(2049, 5174, 2105, 0)
(2022, 2466, 2080, 0)
(2494, 3576, 2535, 0)
(2433, 3791, 2474, 0)
(2064, 2904, 2112, 0)
(2030, 4277, 2078, 0)
(2505, 3345, 2547, 0)
(2506, 3259, 2549, 0)
(2044, 2852, 2095, 0)
(2025, 2811, 2084, 0)
(2042, 7121, 2091, 0)
(2458, 3157, 2494, 0)
(2108, 3315, 2269, 0)
(2507, 5760, 2587, 0)
(2489, 3882, 2527, 0)
(2033, 2564, 2081, 0)
(2567, 3498, 2601, 0)
(2504, 4573, 2548, 0)
(2008, 11265, 2068, 0)
(2495, 3114, 2532, 0)
(2526, 4355, 2569, 0)
(2018, 3872, 2074, 0)
(2043, 2637, 2094, 0)
(2008, 2483, 2060, 0)
(2488, 3263, 2534, 0)
(2483, 3519, 2526, 0)
(2486, 4906, 2528, 0)
(1979, 2535, 2029, 0)
(2036, 2657, 2091, 0)
(2487, 3776, 2528, 0)
(2028, 3457, 2087, 0)
(2031, 3075, 2092, 0)
(2005, 2788, 2061, 0)
(2011, 3605, 2064, 0)
(2020, 3164, 2083, 0)
(2106, 3019, 2158, 0)
(2522, 4197, 2560, 0)
(2484, 3847, 2522, 0)
(2466, 15611, 2507, 0)
(2054, 2692, 2104, 0)
(2013, 13437, 2071, 0)
(2073, 2771, 2131, 0)
(2480, 4219, 2523, 0)
(2070, 2944, 2116, 0)
(2009, 3070, 2066, 0)
(2047, 3287, 2095, 0)
(2040, 2606, 2100, 0)
(2066, 11306, 2123, 0)
(2041, 3320, 2091, 0)
(2006, 3291, 2065, 0)
(2473, 3183, 2510, 0)
(2039, 3182, 2088, 0)
(2052, 2602, 2107, 0)
(2016, 3086, 2076, 0)
(2020, 2777, 2073, 0)
(2066, 3329, 2113, 0)
(2028, 12088, 2082, 0)
(2498, 3032, 2536, 0)
(2057, 2691, 2106, 0)
(2026, 3864, 2082, 0)
(2489, 3457, 2543, 0)
(2493, 3181, 2531, 0)
(2500, 2961, 2540, 0)
(2013, 2797, 2074, 0)
(2011, 5264, 2066, 0)
(2015, 2944, 2074, 0)
(2037, 3930, 2094, 0)
(2504, 3762, 2547, 0)
(2025, 3564, 2082, 0)
(2534, 3461, 2570, 0)
(2079, 5454, 2138, 0)
(1996, 3056, 2051, 0)
(2556, 4115, 2590, 0)
(2048, 3195, 2101, 0)
(2035, 3193, 2090, 0)
(2083, 4356, 2127, 0)
(2505, 5144, 2551, 0)
(2027, 3184, 2087, 0)
(2017, 3338, 2071, 0)
(2039, 4041, 2091, 0)
(2000, 3792, 2061, 0)
(2050, 2989, 2108, 0)
(2035, 2851, 2097, 0)
(2507, 5709, 2546, 0)
(2004, 2713, 2063, 0)
(1999, 3999, 2055, 0)
(2009, 5965, 2067, 0)
(2033, 2760, 2095, 0)
(2024, 3839, 2086, 0)
(2023, 3080, 2078, 0)
(2451, 5521, 2514, 0)
(2503, 3946, 2545, 0)
(2499, 3578, 2543, 0)
(2478, 3364, 2516, 0)
(2020, 3647, 2082, 0)
(2007, 7123, 2062, 0)
(2026, 3277, 2110, 0)
(2072, 2755, 2142, 0)
(2028, 2575, 2082, 0)
(2481, 4175, 2541, 0)
(2051, 3672, 2104, 0)
(2006, 2746, 2067, 0)
(2485, 3416, 2531, 0)
(2050, 2628, 2099, 0)
(2019, 2793, 2079, 0)
(2553, 3428, 2590, 0)
(2029, 13168, 2090, 0)
(2496, 8103, 2536, 0)
(2043, 2747, 2094, 0)
(2483, 15512, 2524, 0)
(2002, 2648, 2063, 0)
(2517, 3320, 2557, 0)
(2500, 3161, 2540, 0)
(2014, 3085, 2076, 0)
(2473, 3632, 2513, 0)
(2533, 4151, 2571, 0)
(2013, 2621, 2068, 0)
(2016, 2605, 2068, 0)
(2034, 3431, 2082, 0)
(2013, 2770, 2074, 0)
(2074, 13566, 2125, 0)
(2010, 2756, 2074, 0)
(2037, 2739, 2088, 0)
(2496, 3188, 2537, 0)
(2063, 4672, 2120, 0)
(2025, 4218, 2085, 0)
(2006, 4685, 2073, 0)
(2504, 3101, 2545, 0)
(2084, 3184, 2144, 0)
(2086, 3784, 2144, 0)
(2105, 3376, 2153, 0)
(2033, 4164, 2088, 0)
(2053, 4625, 2117, 0)
(2034, 2572, 2087, 0)
(2013, 3193, 2070, 0)
(2508, 3173, 2547, 0)
(2009, 2530, 2070, 0)
(2145, 3128, 2200, 0)
(2014, 3515, 2075, 0)
(2018, 3276, 2082, 0)
(2047, 3385, 2100, 0)
(2033, 3921, 2203, 0)
(2103, 3584, 2150, 0)
(2022, 3298, 2077, 0)
(2469, 3139, 2510, 0)
(2005, 3358, 2066, 0)
(2493, 4851, 2535, 0)
(2049, 3878, 2108, 0)
(2493, 5113, 2534, 0)
(2482, 4942, 2524, 0)
(1998, 2668, 2059, 0)
(2543, 16006, 2580, 0)
(2037, 7517, 2105, 0)
(2029, 3115, 2082, 0)
(2476, 3256, 2512, 0)
(2501, 4212, 2542, 0)
(2047, 2778, 2104, 0)
(2481, 4210, 2523, 0)
(2065, 3782, 2122, 0)
(2478, 3705, 2517, 0)
(2008, 2744, 2071, 0)
(2039, 2720, 2088, 0)
(2062, 3255, 2112, 0)
(1998, 3959, 2053, 0)
(2014, 2879, 2067, 0)
(2030, 2860, 2083, 0)
(2499, 3942, 2544, 0)
(1991, 3166, 2054, 0)
(2899, 8290, 2944, 0)
(2080, 3194, 2208, 0)
(2508, 3269, 2549, 0)
(2017, 2630, 2077, 0)
(2024, 3614, 2086, 0)
(2022, 3006, 2088, 0)
(2031, 2946, 2086, 0)
(2024, 2833, 2086, 0)
(2490, 3212, 2526, 0)
(2021, 4206, 2086, 0)
(2022, 5522, 2081, 0)
(1981, 3032, 2034, 0)
(2042, 3095, 2118, 0)
(2016, 5023, 2080, 0)
(2117, 13367, 2164, 0)
(2508, 7874, 2580, 0)
(2037, 12936, 2094, 0)
(2019, 2631, 2080, 0)
(2048, 13591, 2114, 0)
(2493, 5048, 2541, 0)
(2020, 4134, 2074, 0)
(2031, 2692, 2079, 0)
(2026, 2679, 2083, 0)
(2040, 4274, 2089, 0)
(2023, 3401, 2076, 0)
(2013, 2966, 2068, 0)
(2034, 5160, 2086, 0)
(2037, 3615, 2101, 0)
(2027, 3086, 2087, 0)
(2492, 3462, 2536, 0)
(2499, 4130, 2541, 0)
(2016, 2990, 2077, 0)
(2048, 2826, 2096, 0)
(2566, 3808, 2600, 0)
(2059, 2738, 2106, 0)
(2525, 3375, 2561, 0)
(2495, 3165, 2536, 0)
(2486, 3370, 2530, 0)
(2024, 3000, 2085, 0)
(2002, 12234, 2059, 0)
(2543, 17491, 2613, 0)
(2499, 6598, 2538, 0)
(2072, 2606, 2118, 0)
(2011, 3600, 2065, 0)
(2080, 3004, 2131, 0)
(2491, 3340, 2530, 0)
(2091, 3206, 2139, 0)
(2062, 2874, 2117, 0)
(2507, 3779, 2550, 0)
(2040, 3628, 2100, 0)
(2518, 6424, 2600, 0)
(2048, 4068, 2193, 0)
(2023, 3743, 2079, 0)
(2502, 3696, 2544, 0)
(2074, 3156, 2126, 0)
(2015, 2643, 2070, 0)
(2462, 2940, 2499, 0)
(2021, 3779, 2083, 0)
(2001, 3103, 2062, 0)
(2492, 3614, 2530, 0)
(2030, 3172, 2092, 0)
(2028, 3300, 2086, 0)
(2489, 3357, 2531, 0)
(2045, 4659, 2099, 0)
(2468, 3368, 2508, 0)
(2479, 3288, 2518, 0)
(2036, 2869, 2088, 0)
(2042, 3232, 2094, 0)
(2047, 2567, 2104, 0)
(2031, 3102, 2086, 0)
(2007, 12508, 2060, 0)
(2022, 4178, 2092, 0)
(2037, 4165, 2089, 0)
(2011, 3226, 2072, 0)
(2008, 3246, 2074, 0)
(2022, 4017, 2086, 0)
(2003, 3843, 2064, 0)
(2468, 3935, 2510, 0)
(2051, 3232, 2112, 0)
(2018, 13953, 2092, 0)
(2006, 3851, 2062, 0)
(2015, 3582, 2073, 0)
(2076, 13946, 2138, 0)
(2502, 3233, 2561, 0)
(2031, 2727, 2092, 0)
(2035, 2881, 2094, 0)
(2491, 4482, 2542, 0)
(2019, 3112, 2082, 0)
(2036, 3139, 2086, 0)
(2055, 2733, 2114, 0)
(2013, 2438, 2068, 0)
(2028, 2649, 2089, 0)
(2042, 2864, 2096, 0)
(2064, 3229, 2114, 0)
(2045, 2751, 2098, 0)
(2007, 2951, 2071, 0)
(2022, 2606, 2081, 0)
(2008, 2849, 2069, 0)
(2030, 3486, 2091, 0)
(2517, 4317, 2560, 0)
(2029, 2965, 2084, 0)
(2505, 3029, 2543, 0)
(2498, 3314, 2538, 0)
(1985, 2476, 2044, 0)
(2119, 3097, 2168, 0)
(2035, 3378, 2093, 0)
(2033, 3161, 2095, 0)
(2055, 2749, 2109, 0)
(2012, 2515, 2066, 0)
(2052, 3028, 2101, 0)
(2030, 3460, 2106, 0)
(2014, 2933, 2072, 0)
(2011, 3932, 2075, 0)
(2516, 3428, 2559, 0)
(2036, 2554, 2094, 0)
(2517, 3245, 2558, 0)
(2469, 3019, 2507, 0)
(1993, 2710, 2049, 0)
(2448, 2987, 2490, 0)
(2007, 2488, 2061, 0)
(2068, 2837, 2158, 0)
(2537, 3988, 2572, 0)
(2007, 2621, 2071, 0)
(2043, 2458, 2090, 0)
(2014, 2989, 2078, 0)
(1988, 2704, 2043, 0)
(2504, 3020, 2543, 0)
(2018, 2537, 2080, 0)
(2036, 2538, 2087, 0)
(1990, 2448, 2051, 0)
(2880, 3441, 2921, 0)
(2043, 2474, 2118, 0)
(2075, 2723, 2122, 0)
(2517, 3482, 2555, 0)
(2033, 2613, 2087, 0)
(2499, 3138, 2539, 0)
(2488, 3036, 2528, 0)
(2021, 2491, 2073, 0)
(2484, 3056, 2524, 0)
(2017, 2479, 2067, 0)
(2045, 3399, 2093, 0)
(2021, 2472, 2075, 0)
(2004, 2419, 2065, 0)
(2461, 2957, 2497, 0)
(2505, 3050, 2545, 0)
(2494, 4045, 2537, 0)
(2023, 2688, 2082, 0)
(2030, 2435, 2080, 0)
(2019, 2612, 2082, 0)
(2572, 3098, 2603, 0)
(2484, 3396, 2529, 0)
(2055, 3121, 2103, 0)
(2071, 2814, 2126, 0)
(2546, 3451, 2577, 0)
(2009, 2433, 2068, 0)
(2071, 2564, 2109, 0)
(2509, 3170, 2549, 0)
(2019, 2681, 2073, 0)
(2496, 3060, 2534, 0)
(2023, 2657, 2078, 0)
(2004, 2490, 2061, 0)
(2505, 2935, 2543, 0)
(2003, 2898, 2062, 0)
(2510, 3131, 2547, 0)
(2495, 3106, 2539, 0)
(2493, 2976, 2532, 0)
(2014, 2484, 2077, 0)
(2065, 2802, 2109, 0)
(2049, 2732, 2103, 0)
(2085, 2593, 2139, 0)
(2014, 2432, 2067, 0)
(2518, 2983, 2553, 0)
(2521, 3033, 2556, 0)
(2496, 3391, 2536, 0)
(2033, 2876, 2086, 0)
(1978, 2468, 2031, 0)
(2007, 2566, 2063, 0)
(2009, 2976, 2065, 0)
(2046, 3109, 2098, 0)
(2500, 3336, 2540, 0)
(2046, 2582, 2100, 0)
(2471, 2923, 2507, 0)
(2059, 2519, 2099, 0)
(2050, 2682, 2109, 0)
(2000, 2698, 2057, 0)
(2513, 3495, 2549, 0)
(2030, 2556, 2084, 0)
(2057, 2468, 2113, 0)
(2069, 2594, 2123, 0)
(2490, 2940, 2529, 0)
(2487, 2994, 2526, 0)
(2549, 3522, 2583, 0)
(2497, 3241, 2537, 0)
(2506, 3245, 2547, 0)
(2044, 2810, 2097, 0)
(2493, 2981, 2533, 0)
(2006, 2517, 2063, 0)
(2030, 2436, 2082, 0)
(2064, 3005, 2116, 0)
(2515, 3130, 2552, 0)
(2011, 2790, 2071, 0)
(2044, 2750, 2096, 0)
(2079, 2713, 2127, 0)
(1997, 2393, 2052, 0)
(2006, 2941, 2070, 0)
(2499, 3252, 2538, 0)
(1998, 2653, 2057, 0)
(2505, 3059, 2545, 0)
(2503, 2981, 2544, 0)
(2044, 2540, 2096, 0)
(2469, 3357, 2510, 0)
(2085, 2798, 2137, 0)
(2518, 3203, 2555, 0)
(2504, 2963, 2546, 0)
(2042, 2609, 2098, 0)
(2046, 2501, 2097, 0)
(2526, 3042, 2573, 0)
(2019, 2801, 2082, 0)
(2028, 2734, 2080, 0)
(2502, 2984, 2542, 0)
(2023, 2471, 2082, 0)
(2491, 3024, 2525, 0)
(2019, 2822, 2077, 0)
(2048, 2744, 2099, 0)
(2051, 2593, 2109, 0)
(2020, 2557, 2080, 0)
(2022, 2486, 2077, 0)
(2022, 2524, 2083, 0)
(2495, 3470, 2534, 0)
(2523, 3541, 2561, 0)
(2021, 2740, 2078, 0)
(2525, 3396, 2561, 0)
(2020, 2433, 2077, 0)
(2484, 2964, 2522, 0)
(2574, 3048, 2608, 0)
(2017, 2450, 2069, 0)
(2505, 3031, 2542, 0)
(2498, 3006, 2538, 0)
(2052, 2653, 2101, 0)
(2521, 4032, 2564, 0)
(2016, 2722, 2070, 0)
(2008, 2513, 2072, 0)
(2022, 2434, 2080, 0)
(2530, 2993, 2565, 0)
(2499, 3750, 2539, 0)
(2027, 2736, 2081, 0)
(2468, 3112, 2506, 0)
(2502, 3030, 2540, 0)
(2022, 2554, 2076, 0)
(2493, 3459, 2534, 0)
(2488, 3216, 2525, 0)
(2058, 2690, 2118, 0)
(2033, 2496, 2093, 0)
(2058, 2436, 2102, 0)
(2506, 2990, 2546, 0)
(2035, 2688, 2087, 0)
(2040, 2508, 2093, 0)
(2032, 2891, 2091, 0)
(2012, 2707, 2064, 0)
(2063, 2580, 2108, 0)
(2075, 2569, 2110, 0)
(2482, 3433, 2522, 0)
(2500, 3239, 2539, 0)
(2024, 2558, 2082, 0)
(2036, 2481, 2081, 0)
(2044, 2960, 2090, 0)
(2026, 3147, 2080, 0)
(2058, 2728, 2112, 0)
(2014, 2498, 2075, 0)
(2050, 2546, 2100, 0)
(2515, 3062, 2552, 0)
(2039, 2599, 2093, 0)
