(54900, 63764, 56447, 0)
(53955, 63448, 55290, 0)
(53817, 64149, 55214, 0)
(53817, 62893, 55049, 0)
(54039, 67647, 55265, 0)
(54141, 64854, 55797, 0)
(54654, 65256, 55889, 0)
(53800, 64576, 55213, 0)
(54069, 62747, 55601, 0)
(54513, 71384, 55933, 0)
(54184, 61652, 55347, 0)
(54248, 61696, 55639, 0)
(55065, 68564, 56572, 0)
(53993, 68884, 55448, 0)
(53874, 63272, 55287, 0)
(53478, 72782, 55005, 0)
(53893, 66262, 55452, 0)
(54347, 68413, 55745, 0)
(54401, 63222, 55891, 0)
(54112, 63749, 55327, 0)
(54623, 65308, 56152, 0)
(54215, 66523, 55624, 0)
(53884, 65396, 55569, 0)
(54856, 67348, 56298, 0)
(53847, 66862, 55329, 0)
(53721, 72684, 55312, 0)
(54545, 72737, 56200, 0)
(53842, 66267, 55197, 0)
(54864, 63327, 56338, 0)
(53877, 70189, 55432, 0)
(53796, 66987, 55473, 0)
(53528, 67105, 55274, 0)
(53969, 67302, 55305, 0)
(54839, 64435, 56221, 0)
(53661, 65965, 55290, 0)
(55573, 63902, 56978, 0)
(54008, 60518, 55286, 0)
(53856, 95414, 55282, 0)
(54004, 65776, 55243, 0)
(53495, 69753, 55078, 0)
(54019, 62118, 55212, 0)
(53645, 69289, 55263, 0)
(53992, 67858, 55533, 0)
(55152, 63199, 56552, 0)
(54125, 66885, 55518, 0)
(60356, 73214, 62092, 0)
(54163, 71660, 55722, 0)
(54271, 63274, 55830, 0)
(54021, 66641, 55517, 0)
(54722, 69429, 56362, 0)
(54053, 71504, 55622, 0)
(53418, 68801, 54942, 0)
(54767, 85740, 56448, 0)
(53747, 67848, 55358, 0)
(54788, 72298, 56442, 0)
(53849, 61071, 55198, 0)
(54042, 65957, 55625, 0)
(53763, 62669, 55363, 0)
(53782, 213304, 55296, 0)
(53970, 63579, 55262, 0)
(54862, 69698, 56192, 0)
(54081, 64689, 55504, 0)
(56751, 64264, 57989, 0)
(53940, 66895, 55305, 0)
(53949, 63701, 55224, 0)
(53845, 66178, 55230, 0)
(53984, 63583, 55218, 0)
(54900, 69086, 56374, 0)
(53996, 93697, 55271, 0)
(54086, 66297, 55460, 0)
(54044, 64119, 55592, 0)
(53891, 67794, 55262, 0)
(53768, 64626, 55208, 0)
(54078, 67104, 55536, 0)
(53948, 101060, 55653, 0)
(54828, 69844, 56397, 0)
(54129, 64816, 55798, 0)
(54467, 69165, 56014, 0)
(55292, 64829, 56573, 0)
(53901, 68372, 55317, 0)
(54814, 63912, 56056, 0)
(53862, 65468, 55482, 0)
(54876, 67519, 56639, 0)
(54017, 71581, 55630, 0)
(53880, 70431, 55533, 0)
(53550, 72688, 55081, 0)
(55100, 64466, 56519, 0)
(54462, 69475, 55912, 0)
(54101, 61017, 55507, 0)
(54267, 66051, 55721, 0)
(53551, 69793, 55111, 0)
(54054, 108566, 55582, 0)
(54044, 63068, 55444, 0)
(55549, 74198, 57118, 0)
(54979, 65962, 56881, 0)
(53918, 61987, 55252, 0)
(53750, 67566, 55366, 0)
(53788, 62076, 55167, 0)
