(1044, 1511, 1080, 0)
(4984, 6515, 5236, 0)
(1043, 1626, 1081, 0)
(1028, 1557, 1060, 0)
(1043, 1583, 1086, 0)
(1030, 1642, 1066, 0)
(1042, 1659, 1082, 0)
(1027, 1625, 1062, 0)
(1029, 1584, 1068, 0)
(1027, 1556, 1063, 0)
(2060, 3014, 2193, 0)
(1035, 1620, 1069, 0)
(2091, 3162, 2211, 0)
(1028, 1615, 1064, 0)
(1027, 1615, 1062, 0)
(1028, 1708, 1065, 0)
(1034, 1685, 1073, 0)
(1027, 1578, 1061, 0)
(1028, 1601, 1062, 0)
(1055, 1789, 1093, 0)
(1041, 1571, 1078, 0)
(1027, 1673, 1060, 0)
(1027, 1697, 1062, 0)
(1038, 1664, 1076, 0)
(1027, 1521, 1059, 0)
(1027, 1666, 1062, 0)
(1027, 1695, 1063, 0)
(1027, 1665, 1060, 0)
(1049, 1719, 1092, 0)
(1042, 1621, 1080, 0)
(1028, 1511, 1061, 0)
(1041, 1566, 1075, 0)
(1027, 1684, 1063, 0)
(1029, 1747, 1067, 0)
(1043, 1680, 1079, 0)
(1028, 1686, 1062, 0)
(1028, 1861, 1065, 0)
(1028, 1588, 1067, 0)
(1039, 1533, 1078, 0)
(1027, 1544, 1060, 0)
(1045, 1660, 1081, 0)
(1028, 1467, 1059, 0)
(1026, 1536, 1059, 0)
(1063, 1759, 1121, 0)
(1055, 1692, 1115, 0)
(1026, 1518, 1058, 0)
(1038, 1785, 1072, 0)
(1030, 1604, 1062, 0)
(1027, 1664, 1058, 0)
(1028, 1514, 1060, 0)
(1049, 1644, 1083, 0)
(1028, 1561, 1061, 0)
(1030, 1544, 1065, 0)
(1062, 1587, 1108, 0)
(1043, 1551, 1085, 0)
(1030, 1615, 1063, 0)
(1036, 1575, 1072, 0)
(1026, 1496, 1059, 0)
(1044, 1675, 1084, 0)
(1027, 1629, 1060, 0)
(2086, 3118, 2200, 0)
(1029, 1660, 1064, 0)
(1026, 1565, 1060, 0)
(1028, 1561, 1060, 0)
(1027, 1584, 1059, 0)
(1035, 1723, 1073, 0)
(1027, 1429, 1059, 0)
(1028, 1564, 1060, 0)
(1053, 1715, 1108, 0)
(1027, 1684, 1059, 0)
(1082, 1718, 1143, 0)
(2067, 3089, 2180, 0)
(1026, 1477, 1057, 0)
(1044, 1598, 1080, 0)
(1028, 1591, 1067, 0)
(1048, 1615, 1084, 0)
(1040, 1552, 1075, 0)
(1038, 1627, 1076, 0)
(1050, 1673, 1089, 0)
(1044, 1685, 1085, 0)
(1075, 1712, 1126, 0)
(1027, 1525, 1060, 0)
(2083, 3322, 2212, 0)
(1030, 1648, 1067, 0)
(1055, 1608, 1091, 0)
(1028, 1560, 1060, 0)
(1027, 1767, 1064, 0)
(1049, 1630, 1094, 0)
(1041, 1654, 1078, 0)
(1071, 1580, 1104, 0)
(1042, 1586, 1080, 0)
(1027, 1582, 1062, 0)
(1028, 1673, 1063, 0)
(1028, 1535, 1060, 0)
(1027, 1634, 1063, 0)
(1041, 1546, 1075, 0)
(1027, 1624, 1059, 0)
(1029, 1719, 1064, 0)
(1028, 1559, 1060, 0)
(1030, 1565, 1062, 0)
(1027, 1649, 1062, 0)
(1030, 1568, 1066, 0)
(1042, 1633, 1078, 0)
(1064, 1704, 1128, 0)
(1028, 1647, 1065, 0)
(1035, 1531, 1067, 0)
(1028, 1683, 1064, 0)
(1045, 1553, 1083, 0)
(1028, 1605, 1060, 0)
(1027, 1530, 1058, 0)
(1030, 1660, 1071, 0)
(1027, 1587, 1060, 0)
(1031, 1676, 1067, 0)
(2056, 3020, 2211, 0)
(1045, 1582, 1086, 0)
(1028, 1518, 1064, 0)
(1027, 1674, 1065, 0)
(2095, 3035, 2219, 0)
(1027, 1650, 1063, 0)
(1029, 1588, 1062, 0)
(1048, 1687, 1090, 0)
(1051, 1577, 1091, 0)
(1028, 1649, 1064, 0)
(2082, 3098, 2198, 0)
(1027, 1628, 1059, 0)
(1033, 1626, 1070, 0)
(1056, 1649, 1111, 0)
(1030, 1725, 1067, 0)
(1052, 1720, 1091, 0)
(1028, 1493, 1062, 0)
(1029, 1747, 1074, 0)
(1031, 1561, 1065, 0)
(2093, 2955, 2199, 0)
(1049, 1814, 1093, 0)
(1027, 1554, 1060, 0)
(1037, 1628, 1069, 0)
(1026, 1644, 1057, 0)
(1029, 1676, 1064, 0)
(1026, 1440, 1058, 0)
(1067, 1623, 1114, 0)
(1042, 1605, 1086, 0)
(1029, 1725, 1066, 0)
(1054, 1630, 1104, 0)
(1052, 1604, 1093, 0)
(1027, 1623, 1063, 0)
(1028, 1777, 1066, 0)
(1027, 1586, 1061, 0)
(1066, 1648, 1103, 0)
(1027, 1660, 1061, 0)
(1028, 1867, 1064, 0)
(2084, 2975, 2199, 0)
(1037, 1668, 1069, 0)
(1035, 1640, 1070, 0)
(1027, 1551, 1062, 0)
(1027, 1486, 1059, 0)
(1026, 1598, 1061, 0)
(1034, 1634, 1070, 0)
(1030, 1625, 1071, 0)
(1045, 1733, 1082, 0)
(1028, 1612, 1064, 0)
(1037, 1591, 1074, 0)
(1065, 1605, 1102, 0)
(1038, 1668, 1073, 0)
(1028, 1801, 1066, 0)
(1044, 1582, 1084, 0)
(1033, 1627, 1069, 0)
(1048, 1779, 1093, 0)
(2082, 3049, 2238, 0)
(1058, 1669, 1097, 0)
(1043, 1611, 1078, 0)
(1030, 1539, 1064, 0)
(1046, 1592, 1081, 0)
(1028, 1665, 1065, 0)
(1027, 1740, 1065, 0)
(1043, 1581, 1081, 0)
(1032, 1702, 1069, 0)
(1028, 1567, 1061, 0)
(1029, 1647, 1064, 0)
(1027, 1643, 1062, 0)
(1048, 1733, 1087, 0)
(1028, 1655, 1065, 0)
(1027, 1572, 1059, 0)
(1044, 1691, 1082, 0)
(1043, 1559, 1085, 0)
(1046, 1564, 1088, 0)
(1049, 1667, 1086, 0)
(1026, 1506, 1058, 0)
(1035, 1497, 1067, 0)
(1049, 1618, 1090, 0)
(1028, 1518, 1059, 0)
(1046, 1772, 1081, 0)
(1050, 1570, 1091, 0)
(1048, 1709, 1093, 0)
(1026, 1623, 1063, 0)
(1026, 1550, 1058, 0)
(1027, 1630, 1060, 0)
(1028, 1522, 1059, 0)
(1027, 1583, 1061, 0)
(1037, 1650, 1076, 0)
(1033, 1626, 1071, 0)
(1038, 1507, 1071, 0)
(1028, 1614, 1064, 0)
(1057, 1724, 1099, 0)
(1045, 1577, 1090, 0)
(1028, 1609, 1062, 0)
(1031, 1982, 1067, 0)
(1027, 1590, 1060, 0)
(1028, 1665, 1062, 0)
(1026, 1562, 1058, 0)
(1029, 1686, 1067, 0)
(2082, 3173, 2195, 0)
(1031, 1613, 1066, 0)
(1027, 1646, 1063, 0)
(1029, 1511, 1061, 0)
(1043, 1525, 1081, 0)
(1038, 1669, 1080, 0)
(1043, 1633, 1089, 0)
(1065, 1708, 1104, 0)
(1028, 1575, 1060, 0)
(1041, 1683, 1076, 0)
(1036, 1632, 1069, 0)
(1030, 1583, 1064, 0)
(1031, 1708, 1067, 0)
(1028, 1600, 1065, 0)
(1027, 1620, 1059, 0)
(1050, 1557, 1091, 0)
(1027, 1563, 1058, 0)
(1029, 1545, 1062, 0)
(1040, 1643, 1074, 0)
(1049, 1654, 1091, 0)
(1027, 1662, 1059, 0)
(1044, 1637, 1093, 0)
(1028, 1522, 1063, 0)
(1052, 1722, 1093, 0)
(3188, 4442, 3384, 0)
(1028, 1530, 1061, 0)
(1045, 1526, 1083, 0)
(1027, 1542, 1059, 0)
(1026, 1645, 1059, 0)
(1027, 1600, 1061, 0)
(1028, 1528, 1060, 0)
(1052, 1687, 1094, 0)
(1048, 1612, 1083, 0)
(1036, 1580, 1071, 0)
(1028, 1700, 1064, 0)
(1028, 1671, 1066, 0)
(1046, 1704, 1088, 0)
(2094, 2901, 2202, 0)
(1027, 1552, 1062, 0)
(1053, 1665, 1094, 0)
(1042, 1542, 1084, 0)
(1043, 1691, 1084, 0)
(1029, 1515, 1061, 0)
(1027, 1687, 1059, 0)
(1065, 1893, 1097, 0)
(2065, 2969, 2196, 0)
(1041, 1554, 1075, 0)
(1037, 1633, 1073, 0)
(1028, 1586, 1063, 0)
(1028, 1455, 1060, 0)
(1027, 1623, 1059, 0)
(1056, 1653, 1116, 0)
(1043, 1574, 1081, 0)
(1027, 1490, 1061, 0)
(1029, 1718, 1065, 0)
(1028, 1533, 1060, 0)
(1043, 1725, 1077, 0)
(1034, 1705, 1069, 0)
(3210, 4737, 3438, 0)
(1027, 1528, 1059, 0)
(1049, 1735, 1082, 0)
(1028, 1508, 1060, 0)
(1043, 1601, 1086, 0)
(1027, 1535, 1059, 0)
(1035, 1486, 1066, 0)
(1027, 1520, 1061, 0)
(1026, 1500, 1058, 0)
(1050, 1649, 1099, 0)
(1027, 1555, 1058, 0)
(2073, 3030, 2227, 0)
(1027, 1639, 1058, 0)
(1045, 1686, 1081, 0)
(1026, 1470, 1058, 0)
(2074, 3066, 2218, 0)
(1027, 1643, 1062, 0)
(1028, 1698, 1064, 0)
(1042, 1481, 1078, 0)
(2063, 2991, 2197, 0)
(1026, 1609, 1061, 0)
(1026, 1587, 1061, 0)
(1041, 1659, 1073, 0)
(1028, 1612, 1060, 0)
(1049, 1530, 1082, 0)
(1027, 1574, 1059, 0)
(1049, 1691, 1086, 0)
(1056, 1705, 1108, 0)
(1027, 1603, 1063, 0)
(2063, 3037, 2193, 0)
(1029, 1619, 1063, 0)
(1039, 1567, 1077, 0)
(1027, 1803, 1067, 0)
(1042, 1550, 1076, 0)
(1037, 1676, 1075, 0)
(1043, 1691, 1084, 0)
(1027, 1655, 1061, 0)
(1029, 1542, 1061, 0)
(1044, 1607, 1086, 0)
(1032, 1648, 1064, 0)
(1050, 1823, 1097, 0)
(1038, 1703, 1077, 0)
(1028, 1755, 1066, 0)
(1026, 1714, 1060, 0)
(1050, 1842, 1099, 0)
(1028, 1627, 1067, 0)
(1069, 1580, 1113, 0)
(1036, 1552, 1068, 0)
(1028, 1706, 1063, 0)
(1046, 1632, 1082, 0)
(1027, 1629, 1062, 0)
(1034, 1662, 1073, 0)
(1030, 1582, 1064, 0)
(1043, 1600, 1086, 0)
(1027, 1477, 1060, 0)
(1039, 1748, 1079, 0)
(1029, 1682, 1068, 0)
(1036, 1770, 1076, 0)
(1042, 1543, 1077, 0)
(1028, 1543, 1060, 0)
(1028, 1675, 1065, 0)
(1043, 1624, 1082, 0)
(1028, 1603, 1064, 0)
(1028, 1530, 1062, 0)
(1027, 1549, 1059, 0)
(1060, 1841, 1104, 0)
(1055, 1663, 1108, 0)
(1028, 1603, 1061, 0)
(1027, 1589, 1059, 0)
(1054, 1657, 1105, 0)
(1048, 1563, 1086, 0)
(1027, 1640, 1062, 0)
(1050, 1675, 1097, 0)
(1029, 1552, 1061, 0)
(1027, 1595, 1059, 0)
(1028, 1579, 1062, 0)
(1027, 1556, 1062, 0)
(1028, 1545, 1061, 0)
(1027, 1613, 1059, 0)
(1026, 1535, 1057, 0)
(1043, 1614, 1091, 0)
(1048, 1600, 1083, 0)
(2076, 2951, 2183, 0)
(1027, 1666, 1061, 0)
(1028, 1557, 1060, 0)
(2062, 2955, 2195, 0)
(1042, 1675, 1085, 0)
(1043, 1590, 1084, 0)
(1027, 1582, 1063, 0)
(1043, 1636, 1079, 0)
(2065, 3326, 2182, 0)
(1027, 1709, 1063, 0)
(1030, 1605, 1068, 0)
(1028, 1715, 1065, 0)
(1044, 1669, 1088, 0)
(1027, 1807, 1064, 0)
(1027, 1510, 1057, 0)
(1055, 1557, 1097, 0)
(1027, 1474, 1060, 0)
(1039, 1686, 1072, 0)
(1028, 1471, 1060, 0)
(1028, 1685, 1066, 0)
(1041, 1556, 1077, 0)
(1027, 1634, 1059, 0)
(1028, 1569, 1064, 0)
(1037, 1636, 1073, 0)
(2082, 3206, 2195, 0)
(1027, 1504, 1060, 0)
(1055, 1712, 1105, 0)
(1028, 1645, 1064, 0)
(1027, 1700, 1059, 0)
(1027, 1509, 1059, 0)
(1072, 1518, 1108, 0)
(1040, 1528, 1072, 0)
(1027, 1506, 1058, 0)
(1038, 1560, 1080, 0)
(1027, 1477, 1058, 0)
(1027, 1484, 1059, 0)
(1043, 1598, 1080, 0)
(1027, 1510, 1059, 0)
(1026, 1615, 1062, 0)
(1025, 1624, 1057, 0)
(1027, 1577, 1059, 0)
(1027, 1590, 1059, 0)
(1028, 1602, 1060, 0)
(1045, 1615, 1088, 0)
(1050, 1645, 1089, 0)
(1027, 1470, 1059, 0)
(1028, 1921, 1066, 0)
(1054, 1520, 1085, 0)
(1048, 1727, 1091, 0)
(1045, 1641, 1083, 0)
(1050, 1703, 1088, 0)
(1026, 1571, 1057, 0)
(1048, 1638, 1086, 0)
(1028, 1650, 1065, 0)
(1028, 1554, 1064, 0)
(2062, 3129, 2174, 0)
(1027, 1494, 1060, 0)
(1040, 1583, 1074, 0)
(1049, 1689, 1087, 0)
(1041, 1537, 1076, 0)
(1030, 1551, 1062, 0)
(1044, 1709, 1086, 0)
(1044, 1552, 1077, 0)
(1027, 1663, 1061, 0)
(1030, 1645, 1068, 0)
(1032, 1669, 1076, 0)
(1057, 1784, 1092, 0)
(1028, 1564, 1063, 0)
(1052, 1618, 1097, 0)
(1027, 1666, 1062, 0)
(1049, 1610, 1092, 0)
(1029, 1512, 1062, 0)
(1030, 1489, 1063, 0)
(1047, 1658, 1086, 0)
(1026, 1534, 1058, 0)
(1041, 1558, 1077, 0)
(2092, 3069, 2217, 0)
(1027, 1445, 1059, 0)
(1027, 1591, 1061, 0)
(1028, 1631, 1066, 0)
(1055, 1877, 1112, 0)
(1028, 1681, 1066, 0)
(1029, 1703, 1067, 0)
(1033, 1513, 1066, 0)
(1034, 1676, 1070, 0)
(1026, 1598, 1061, 0)
(1045, 1550, 1079, 0)
(1027, 1595, 1058, 0)
(1027, 1593, 1059, 0)
(1056, 1655, 1107, 0)
(1027, 1527, 1059, 0)
(2073, 3059, 2187, 0)
(1029, 1535, 1063, 0)
(1037, 1622, 1077, 0)
(1028, 1711, 1066, 0)
(1028, 1612, 1064, 0)
(1028, 1589, 1064, 0)
(1028, 1607, 1065, 0)
(1031, 1568, 1063, 0)
(1048, 1766, 1095, 0)
(1029, 1590, 1059, 0)
(1053, 1532, 1084, 0)
(1043, 1601, 1080, 0)
(1036, 1778, 1072, 0)
(1028, 1609, 1060, 0)
(1050, 1684, 1096, 0)
(1035, 1646, 1069, 0)
(1033, 1710, 1066, 0)
(2072, 2955, 2193, 0)
(1028, 1502, 1059, 0)
(1035, 1568, 1072, 0)
(2069, 3064, 2212, 0)
(1029, 1556, 1064, 0)
(1028, 1548, 1064, 0)
(1050, 1591, 1090, 0)
(1028, 1645, 1066, 0)
(1027, 1473, 1059, 0)
(1026, 1522, 1058, 0)
(1029, 1554, 1062, 0)
(1028, 1597, 1067, 0)
(1050, 1738, 1094, 0)
(1033, 1591, 1067, 0)
(1028, 1698, 1064, 0)
(1038, 1628, 1081, 0)
(1028, 1528, 1060, 0)
(1040, 1539, 1078, 0)
(1030, 1624, 1067, 0)
(1042, 1487, 1078, 0)
(1027, 1518, 1059, 0)
(1039, 1532, 1075, 0)
(1088, 1787, 1144, 0)
(1027, 1932, 1059, 0)
(1029, 1635, 1068, 0)
(1027, 1512, 1059, 0)
(1026, 1639, 1062, 0)
(1027, 1636, 1059, 0)
(2071, 3130, 2178, 0)
(1028, 1631, 1065, 0)
(1028, 1466, 1059, 0)
(1042, 1574, 1079, 0)
(1030, 1580, 1065, 0)
(1037, 1696, 1076, 0)
(1032, 1638, 1070, 0)
(1051, 1564, 1081, 0)
(1028, 1529, 1060, 0)
(1027, 1738, 1062, 0)
(1029, 1553, 1062, 0)
(1041, 1611, 1078, 0)
(1028, 1716, 1065, 0)
(1029, 1603, 1066, 0)
(1058, 1878, 1107, 0)
(1054, 1765, 1104, 0)
(1026, 1588, 1061, 0)
(1026, 1625, 1064, 0)
(1035, 1774, 1084, 0)
(1027, 1508, 1060, 0)
(1027, 1564, 1062, 0)
(1028, 1709, 1065, 0)
(1057, 1822, 1112, 0)
(1028, 1645, 1066, 0)
(1027, 1448, 1059, 0)
(1029, 1573, 1065, 0)
(1038, 1650, 1078, 0)
(1026, 1540, 1058, 0)
(1040, 1553, 1073, 0)
(1026, 1577, 1062, 0)
(1036, 1570, 1071, 0)
(1036, 1601, 1075, 0)
(1041, 1697, 1074, 0)
(1028, 1638, 1063, 0)
(1030, 1493, 1062, 0)
(1027, 1545, 1060, 0)
(1028, 1626, 1064, 0)
(2066, 3022, 2211, 0)
(1051, 1677, 1091, 0)
(1026, 1630, 1064, 0)
(1028, 1619, 1064, 0)
(1058, 1731, 1118, 0)
(1069, 1725, 1112, 0)
(2055, 3008, 2214, 0)
(1026, 1450, 1058, 0)
(1047, 1619, 1082, 0)
(2077, 3046, 2193, 0)
(1047, 1521, 1083, 0)
(1042, 1740, 1085, 0)
(1026, 1499, 1057, 0)
(1028, 1613, 1063, 0)
(1035, 1489, 1071, 0)
(1034, 1757, 1070, 0)
(1040, 1641, 1076, 0)
(1028, 1465, 1061, 0)
(1061, 1644, 1101, 0)
(1028, 1609, 1063, 0)
(1026, 1577, 1058, 0)
(1027, 1603, 1059, 0)
(1049, 1586, 1093, 0)
(1035, 1592, 1071, 0)
(1047, 1710, 1086, 0)
(2075, 2971, 2201, 0)
(1052, 1684, 1092, 0)
(1031, 1546, 1063, 0)
(1028, 1578, 1064, 0)
(1027, 1585, 1061, 0)
(2061, 3093, 2204, 0)
(1026, 1688, 1058, 0)
(1036, 1542, 1067, 0)
(1059, 1622, 1108, 0)
(1027, 1474, 1058, 0)
(1028, 1526, 1061, 0)
(2106, 3007, 2252, 0)
(1029, 1572, 1062, 0)
(1031, 1599, 1067, 0)
(1027, 1584, 1063, 0)
(2069, 3135, 2223, 0)
(2070, 2874, 2175, 0)
(1027, 1583, 1060, 0)
(1028, 1594, 1063, 0)
(1030, 1591, 1067, 0)
(1044, 1649, 1092, 0)
(1028, 1691, 1064, 0)
(2083, 3108, 2243, 0)
(1027, 1630, 1059, 0)
(1030, 1612, 1066, 0)
(1028, 1496, 1059, 0)
(1034, 1620, 1072, 0)
(2066, 2916, 2203, 0)
(1034, 1522, 1071, 0)
(1037, 1534, 1072, 0)
(1039, 1739, 1082, 0)
(1026, 1480, 1058, 0)
(1027, 1692, 1059, 0)
(1030, 1684, 1068, 0)
(1037, 1604, 1071, 0)
(1027, 1546, 1059, 0)
(1054, 1562, 1095, 0)
(1058, 1627, 1092, 0)
(1053, 1599, 1085, 0)
(1028, 1714, 1067, 0)
(1035, 1636, 1076, 0)
(1035, 1544, 1070, 0)
(1028, 1490, 1059, 0)
(1027, 1711, 1063, 0)
(1030, 1656, 1063, 0)
(1026, 1553, 1058, 0)
(1060, 1594, 1109, 0)
(1027, 1730, 1065, 0)
(1026, 1513, 1058, 0)
(1054, 1605, 1090, 0)
(1048, 1537, 1094, 0)
(1048, 1713, 1092, 0)
(1030, 1571, 1068, 0)
(1029, 1517, 1061, 0)
(1029, 1551, 1063, 0)
(1028, 1499, 1061, 0)
(1029, 1682, 1066, 0)
(1033, 1542, 1066, 0)
(1045, 1707, 1087, 0)
(1027, 1538, 1059, 0)
(1028, 1658, 1063, 0)
(1041, 1578, 1078, 0)
(1028, 1603, 1060, 0)
(1043, 1642, 1091, 0)
(1028, 1589, 1065, 0)
(1039, 1637, 1079, 0)
(1027, 1711, 1063, 0)
(1027, 1731, 1062, 0)
(1049, 1664, 1095, 0)
(1047, 1550, 1092, 0)
(1028, 1470, 1061, 0)
(1028, 1663, 1067, 0)
(1045, 1646, 1085, 0)
(1027, 1574, 1059, 0)
(1026, 1536, 1059, 0)
(1031, 1605, 1066, 0)
(1040, 1684, 1081, 0)
(1028, 1564, 1063, 0)
(1044, 1576, 1092, 0)
(1026, 1608, 1058, 0)
(3232, 4287, 3381, 0)
(1057, 1646, 1098, 0)
(1055, 2020, 1097, 0)
(1052, 1576, 1084, 0)
(1026, 1617, 1058, 0)
(1027, 1669, 1059, 0)
(1027, 1600, 1062, 0)
(1031, 1595, 1063, 0)
(1027, 1455, 1060, 0)
(1027, 1581, 1061, 0)
(1027, 1533, 1058, 0)
(1026, 1523, 1057, 0)
(1043, 1545, 1085, 0)
(1027, 1610, 1062, 0)
(1027, 1566, 1059, 0)
(1028, 1765, 1063, 0)
(2090, 3087, 2230, 0)
(1028, 1581, 1060, 0)
(1042, 1572, 1082, 0)
(2064, 3045, 2179, 0)
(1036, 1463, 1073, 0)
(1027, 1616, 1063, 0)
(1049, 1640, 1098, 0)
(1050, 1730, 1097, 0)
(1028, 1621, 1063, 0)
(1052, 1650, 1088, 0)
(1028, 1578, 1060, 0)
(1071, 1753, 1134, 0)
(2061, 3107, 2201, 0)
(1030, 1478, 1063, 0)
(1027, 1657, 1062, 0)
(1027, 1667, 1065, 0)
(1031, 1696, 1065, 0)
(1052, 1712, 1091, 0)
(1038, 1528, 1075, 0)
(1057, 1614, 1098, 0)
(1027, 1617, 1058, 0)
(1034, 1419, 1066, 0)
(1030, 1589, 1064, 0)
(2088, 3068, 2205, 0)
(1028, 1626, 1063, 0)
(1042, 1710, 1083, 0)
(1029, 1544, 1064, 0)
(1028, 1612, 1061, 0)
(1028, 1648, 1062, 0)
(1025, 1790, 1060, 0)
(1036, 1691, 1077, 0)
(1052, 1572, 1092, 0)
(1041, 1650, 1078, 0)
(1044, 1552, 1077, 0)
(1027, 1628, 1066, 0)
(1045, 1621, 1088, 0)
(1029, 1681, 1063, 0)
(1048, 1684, 1086, 0)
(1059, 1671, 1125, 0)
(1026, 1482, 1058, 0)
(1027, 1671, 1063, 0)
(1028, 1621, 1061, 0)
(1026, 1599, 1058, 0)
(1044, 1543, 1076, 0)
(1048, 1618, 1087, 0)
(1030, 1556, 1064, 0)
(1038, 1511, 1073, 0)
(2073, 2992, 2200, 0)
(1036, 1652, 1073, 0)
(1027, 1559, 1063, 0)
(1047, 1713, 1089, 0)
(1026, 1757, 1060, 0)
(1028, 1615, 1067, 0)
(1027, 1475, 1060, 0)
(1027, 1510, 1059, 0)
(1029, 1703, 1065, 0)
(1027, 1612, 1067, 0)
(1027, 1522, 1059, 0)
(1027, 1585, 1060, 0)
(1051, 1657, 1088, 0)
(1027, 1744, 1064, 0)
(1043, 1565, 1081, 0)
(1027, 1607, 1062, 0)
(1028, 1573, 1064, 0)
(1061, 1849, 1099, 0)
(1034, 1608, 1069, 0)
(1027, 1615, 1064, 0)
(1027, 1496, 1059, 0)
(1026, 1577, 1058, 0)
(1050, 1567, 1085, 0)
(1044, 1610, 1081, 0)
(1035, 1489, 1067, 0)
(1029, 1595, 1066, 0)
(1026, 1607, 1058, 0)
(2086, 3323, 2204, 0)
(1028, 1555, 1061, 0)
(1026, 1586, 1060, 0)
(1050, 1716, 1095, 0)
(1035, 1535, 1068, 0)
(1027, 1592, 1060, 0)
(1043, 1621, 1078, 0)
(1033, 1636, 1068, 0)
(1027, 1482, 1058, 0)
(1048, 1607, 1090, 0)
(1071, 1712, 1112, 0)
(1046, 1593, 1082, 0)
(1028, 1594, 1059, 0)
(1028, 1615, 1069, 0)
(1041, 1683, 1080, 0)
(1028, 1547, 1061, 0)
(1027, 1664, 1061, 0)
(1040, 1595, 1076, 0)
(2062, 3047, 2222, 0)
(1037, 1518, 1072, 0)
(1028, 1570, 1062, 0)
(1027, 1598, 1064, 0)
(1028, 1609, 1064, 0)
(1027, 1662, 1064, 0)
(1030, 1682, 1069, 0)
(1033, 1559, 1070, 0)
(1026, 1575, 1058, 0)
(1057, 1710, 1108, 0)
(1027, 1550, 1059, 0)
(1054, 1551, 1093, 0)
(1041, 1562, 1077, 0)
(1030, 1647, 1070, 0)
(1043, 1581, 1086, 0)
(1049, 1783, 1091, 0)
(1030, 1528, 1062, 0)
(1033, 1462, 1066, 0)
(1049, 1676, 1087, 0)
(2096, 3107, 2227, 0)
(1026, 1641, 1058, 0)
(1029, 1471, 1062, 0)
(1043, 1546, 1082, 0)
(1036, 1608, 1070, 0)
(1025, 1589, 1059, 0)
(1037, 1622, 1073, 0)
(1054, 1609, 1102, 0)
(1028, 1741, 1066, 0)
(1044, 1629, 1088, 0)
(1030, 1663, 1064, 0)
(1026, 1534, 1058, 0)
(1028, 1835, 1066, 0)
(1029, 1724, 1065, 0)
(3227, 4495, 3379, 0)
(1033, 1711, 1070, 0)
(1032, 1632, 1074, 0)
(1027, 1485, 1059, 0)
(1027, 1598, 1063, 0)
(1053, 1590, 1098, 0)
(1030, 1616, 1066, 0)
(1029, 1459, 1060, 0)
(1026, 1593, 1062, 0)
(1036, 1589, 1078, 0)
(1052, 1553, 1083, 0)
(1039, 1528, 1075, 0)
(1054, 1617, 1092, 0)
(1026, 1512, 1060, 0)
(1043, 1576, 1083, 0)
(1033, 1635, 1071, 0)
(1028, 1571, 1061, 0)
(1028, 1543, 1060, 0)
(1036, 1587, 1073, 0)
(1033, 1590, 1069, 0)
(1033, 1531, 1067, 0)
(1028, 1547, 1064, 0)
(1046, 1650, 1090, 0)
(1050, 1627, 1087, 0)
(1029, 1499, 1060, 0)
(1046, 1596, 1085, 0)
(1041, 1616, 1080, 0)
(1027, 1588, 1062, 0)
(1043, 1588, 1086, 0)
(1044, 1588, 1084, 0)
(1029, 1625, 1065, 0)
(1028, 1515, 1060, 0)
(1028, 1660, 1063, 0)
(1031, 1463, 1062, 0)
(1057, 1527, 1094, 0)
(1050, 1634, 1090, 0)
(1046, 1581, 1080, 0)
(1068, 1604, 1123, 0)
(1052, 1499, 1093, 0)
(1027, 1444, 1058, 0)
(1058, 1596, 1117, 0)
(2082, 2957, 2194, 0)
(1032, 1589, 1072, 0)
(1035, 1538, 1070, 0)
(1027, 1617, 1063, 0)
(1028, 1566, 1063, 0)
(2075, 2915, 2202, 0)
(1028, 1566, 1065, 0)
(1066, 1528, 1114, 0)
(1030, 1643, 1074, 0)
(1039, 1606, 1078, 0)
(1055, 1645, 1108, 0)
(1029, 1574, 1065, 0)
(1037, 1497, 1069, 0)
(1050, 1685, 1104, 0)
(1027, 1599, 1062, 0)
(1040, 1565, 1077, 0)
(1043, 1644, 1079, 0)
(1036, 1749, 1077, 0)
(2080, 2977, 2190, 0)
(1093, 1694, 1165, 0)
(1044, 1591, 1094, 0)
(1027, 1593, 1058, 0)
(1048, 1557, 1085, 0)
(1027, 1588, 1063, 0)
(1029, 1620, 1070, 0)
(1028, 1656, 1066, 0)
(1028, 1577, 1067, 0)
(1027, 1572, 1062, 0)
(1037, 1548, 1074, 0)
(1027, 1580, 1063, 0)
(1047, 1656, 1091, 0)
(1026, 1456, 1058, 0)
(1035, 1504, 1068, 0)
(1028, 1651, 1065, 0)
(1029, 1435, 1061, 0)
(1040, 1534, 1075, 0)
(1035, 1472, 1067, 0)
(1057, 1679, 1121, 0)
(1035, 1566, 1069, 0)
(2105, 3027, 2218, 0)
(1027, 1663, 1063, 0)
(1027, 1499, 1060, 0)
(1050, 1622, 1093, 0)
(1041, 1607, 1074, 0)
(1050, 1590, 1088, 0)
(1038, 1537, 1086, 0)
(1038, 1640, 1091, 0)
(1028, 1570, 1063, 0)
(1027, 1554, 1058, 0)
(1030, 1583, 1067, 0)
(1028, 1470, 1061, 0)
(1026, 1584, 1058, 0)
(1035, 1567, 1072, 0)
(1029, 1576, 1065, 0)
(1027, 1578, 1061, 0)
(2089, 2990, 2213, 0)
(1027, 1510, 1059, 0)
(1027, 1552, 1062, 0)
(1033, 1468, 1066, 0)
(1028, 1490, 1060, 0)
(1027, 1570, 1062, 0)
(1029, 1627, 1068, 0)
(1027, 1484, 1058, 0)
(1056, 1762, 1105, 0)
(1050, 1682, 1097, 0)
(1026, 1470, 1058, 0)
(1026, 1535, 1061, 0)
(1028, 1472, 1060, 0)
(1039, 1636, 1081, 0)
(1035, 1557, 1075, 0)
(1029, 1615, 1066, 0)
(1028, 1690, 1064, 0)
(1041, 1593, 1082, 0)
(1036, 1487, 1070, 0)
(1041, 1586, 1075, 0)
(1038, 1576, 1074, 0)
(1055, 1694, 1111, 0)
(1028, 1500, 1059, 0)
(1039, 1522, 1077, 0)
(1043, 1564, 1085, 0)
(1028, 1528, 1062, 0)
(1031, 1562, 1067, 0)
(1027, 1492, 1059, 0)
(1028, 1492, 1060, 0)
(1028, 1496, 1062, 0)
(3273, 4435, 3490, 0)
(1037, 1628, 1073, 0)
(1074, 1616, 1132, 0)
(1043, 1563, 1077, 0)
(1027, 1580, 1061, 0)
(1029, 1578, 1068, 0)
(1029, 1465, 1063, 0)
(1030, 1606, 1067, 0)
(1029, 1492, 1061, 0)
(1044, 1710, 1080, 0)
(1027, 1497, 1058, 0)
(1027, 1562, 1062, 0)
(1058, 1656, 1105, 0)
(1028, 1497, 1061, 0)
(1028, 1555, 1063, 0)
(1027, 1515, 1062, 0)
(2091, 2990, 2209, 0)
(1026, 1532, 1058, 0)
(1026, 1545, 1058, 0)
(1052, 1561, 1088, 0)
(1028, 1512, 1061, 0)
(1064, 1655, 1102, 0)
(1028, 1593, 1064, 0)
(5003, 6367, 5249, 0)
(1026, 1567, 1061, 0)
(1028, 1535, 1060, 0)
(1047, 1518, 1080, 0)
(1048, 1627, 1091, 0)
(1048, 1537, 1083, 0)
(1029, 1619, 1067, 0)
(1029, 1602, 1064, 0)
(1046, 1550, 1090, 0)
(1043, 1475, 1079, 0)
(1031, 1532, 1065, 0)
(1028, 1625, 1068, 0)
(1043, 1579, 1085, 0)
(1045, 1472, 1077, 0)
(1027, 1526, 1060, 0)
(1045, 1541, 1092, 0)
(1041, 1660, 1075, 0)
(1028, 1506, 1061, 0)
(1029, 1477, 1063, 0)
(1026, 1500, 1059, 0)
(1051, 1587, 1089, 0)
(1027, 1552, 1061, 0)
(1036, 1527, 1070, 0)
(1028, 1545, 1060, 0)
(1027, 1557, 1064, 0)
(1027, 1536, 1060, 0)
(1027, 1609, 1063, 0)
(1029, 1747, 1065, 0)
(1045, 1582, 1087, 0)
(1050, 1639, 1100, 0)
(1027, 1600, 1064, 0)
(1042, 1566, 1079, 0)
(1030, 1572, 1065, 0)
(1026, 1500, 1059, 0)
(1042, 1563, 1078, 0)
(1044, 1500, 1081, 0)
(1030, 1585, 1068, 0)
(1062, 1641, 1119, 0)
(1030, 1542, 1064, 0)
(1067, 1684, 1122, 0)
(1042, 1546, 1079, 0)
(2086, 2985, 2250, 0)
(1032, 1600, 1069, 0)
(1028, 1581, 1062, 0)
(1026, 1576, 1061, 0)
(1026, 1512, 1058, 0)
(1028, 1508, 1060, 0)
(1028, 1586, 1064, 0)
(1027, 1704, 1059, 0)
(1027, 1536, 1058, 0)
(1040, 1537, 1069, 0)
(1028, 1568, 1066, 0)
(1027, 1486, 1058, 0)
(1045, 1539, 1079, 0)
(1033, 1447, 1066, 0)
(1028, 1538, 1062, 0)
(1034, 1554, 1071, 0)
(1027, 1445, 1063, 0)
(1037, 1480, 1070, 0)
(1036, 1658, 1071, 0)
(1027, 1495, 1059, 0)
(1028, 1514, 1063, 0)
(1032, 1565, 1069, 0)
(1027, 1493, 1060, 0)
(1028, 1491, 1060, 0)
(1027, 1481, 1059, 0)
(1030, 1629, 1072, 0)
(1028, 1509, 1059, 0)
(1030, 1645, 1064, 0)
(1028, 1552, 1064, 0)
(1034, 1560, 1068, 0)
(1029, 1526, 1064, 0)
(1028, 1510, 1061, 0)
(1029, 1508, 1060, 0)
(1028, 1598, 1060, 0)
(1027, 1673, 1064, 0)
(1052, 1666, 1089, 0)
(1028, 1531, 1063, 0)
(1026, 1570, 1058, 0)
(1027, 1517, 1059, 0)
(1027, 1535, 1061, 0)
(1027, 1594, 1059, 0)
