(215595, 257011, 219250, 0)
(215573, 240246, 218991, 0)
(216120, 238152, 221102, 0)
(215938, 234036, 219053, 0)
(216999, 259034, 220094, 0)
(232715, 261073, 237340, 0)
(232981, 259366, 237322, 0)
(217200, 238992, 220443, 0)
(238566, 269247, 241442, 0)
(235555, 267577, 240385, 0)
(233186, 246546, 237390, 0)
(218170, 259377, 223237, 0)
(247205, 269097, 253095, 0)
(247715, 329079, 253207, 0)
(216457, 238692, 220450, 0)
(216728, 266101, 221398, 0)
(231713, 248879, 235788, 0)
(215263, 267463, 218763, 0)
(214415, 232108, 218395, 0)
(237788, 260834, 241251, 0)
(246881, 283065, 252082, 0)
(217679, 248913, 220820, 0)
(214587, 230393, 218281, 0)
(216078, 274117, 221244, 0)
(217312, 238716, 220462, 0)
(235425, 259321, 239799, 0)
(234861, 259884, 239973, 0)
(233542, 318021, 236929, 0)
(236203, 307731, 241906, 0)
(216414, 240982, 220424, 0)
(235926, 252753, 238408, 0)
(235246, 270633, 239579, 0)
(214164, 229254, 219301, 0)
(216147, 236731, 219360, 0)
(233394, 254886, 237619, 0)
(234586, 260448, 238695, 0)
(237557, 273253, 241841, 0)
(216666, 240121, 219369, 0)
(215613, 240599, 219172, 0)
(215215, 234408, 220324, 0)
(234513, 275664, 240301, 0)
(217305, 266295, 222408, 0)
(215807, 248912, 219935, 0)
(213590, 246650, 217049, 0)
(248989, 279586, 253373, 0)
(248411, 277270, 253150, 0)
(233334, 274689, 237416, 0)
(215438, 228632, 219106, 0)
(215248, 239747, 219353, 0)
(215201, 244041, 218680, 0)
(234655, 249056, 239449, 0)
(235245, 272851, 240150, 0)
(234726, 253818, 238914, 0)
(214205, 234471, 218317, 0)
(232801, 249252, 235781, 0)
(217436, 260475, 221085, 0)
(216086, 234517, 219390, 0)
(213859, 234131, 217686, 0)
(217436, 233581, 222241, 0)
(217269, 241464, 221288, 0)
(214841, 250304, 219239, 0)
(239687, 274142, 244075, 0)
(235361, 268448, 239792, 0)
(246945, 273303, 251552, 0)
(214217, 232091, 217938, 0)
(246964, 283550, 251152, 0)
(235947, 259801, 240574, 0)
(216382, 250591, 219637, 0)
(215662, 270187, 219463, 0)
(217634, 257372, 221668, 0)
(219086, 242035, 222504, 0)
(246687, 283011, 251498, 0)
(215714, 239148, 219119, 0)
(234130, 268000, 237100, 0)
(213849, 244909, 217178, 0)
(213651, 231674, 217277, 0)
(215370, 236005, 218371, 0)
(232278, 288197, 236704, 0)
(215390, 239139, 219004, 0)
(215458, 236069, 218566, 0)
(235981, 321308, 239587, 0)
(249689, 270699, 253639, 0)
(249083, 269001, 252969, 0)
(216508, 232837, 221483, 0)
(232020, 254904, 237115, 0)
(216395, 246051, 219891, 0)
(233642, 251390, 237291, 0)
(232441, 289904, 236019, 0)
(215738, 250471, 218771, 0)
(232600, 262501, 237915, 0)
(247760, 279576, 252267, 0)
(216337, 231560, 220458, 0)
(233967, 270551, 237889, 0)
(214345, 245360, 217980, 0)
(233688, 268499, 238614, 0)
(232655, 251091, 236059, 0)
(232473, 366701, 236164, 0)
(234183, 261559, 237881, 0)
(232353, 270426, 235697, 0)
(233123, 278014, 238067, 0)
(220811, 262919, 225624, 0)
(233647, 257163, 237483, 0)
(219443, 240995, 224670, 0)
(233991, 259378, 238181, 0)
(217851, 234159, 220458, 0)
(216109, 247336, 219529, 0)
(233010, 265038, 236618, 0)
(214047, 231121, 217335, 0)
(217469, 240954, 220922, 0)
(220563, 239221, 225393, 0)
(214758, 235946, 218725, 0)
