(266, 365, 276, 0)
(734, 988, 757, 0)
(268, 378, 277, 0)
(263, 403, 275, 0)
(259, 404, 271, 0)
(266, 419, 276, 0)
(260, 432, 272, 0)
(265, 417, 281, 0)
(264, 371, 273, 0)
(265, 403, 278, 0)
(269, 475, 278, 0)
(468, 704, 485, 0)
(261, 388, 273, 0)
(269, 447, 277, 0)
(281, 408, 295, 0)
(261, 417, 273, 0)
(271, 404, 282, 0)
(464, 695, 480, 0)
(465, 739, 481, 0)
(266, 430, 283, 0)
(259, 391, 271, 0)
(259, 404, 271, 0)
(260, 409, 271, 0)
(265, 372, 273, 0)
(260, 400, 272, 0)
(264, 414, 278, 0)
(467, 667, 485, 0)
(265, 347, 273, 0)
(265, 363, 273, 0)
(265, 431, 278, 0)
(261, 421, 273, 0)
(260, 468, 275, 0)
(261, 411, 271, 0)
(264, 481, 274, 0)
(260, 480, 271, 0)
(264, 391, 273, 0)
(468, 716, 487, 0)
(271, 368, 280, 0)
(265, 378, 273, 0)
(262, 403, 273, 0)
(258, 423, 270, 0)
(464, 743, 481, 0)
(261, 434, 272, 0)
(265, 399, 273, 0)
(265, 379, 273, 0)
(260, 405, 271, 0)
(259, 414, 270, 0)
(259, 420, 270, 0)
(259, 402, 271, 0)
(261, 452, 273, 0)
(266, 387, 274, 0)
(265, 400, 273, 0)
(260, 385, 271, 0)
(261, 427, 271, 0)
(259, 417, 271, 0)
(265, 436, 281, 0)
(261, 432, 273, 0)
(265, 391, 273, 0)
(258, 408, 271, 0)
(468, 713, 485, 0)
(259, 431, 271, 0)
(463, 712, 480, 0)
(263, 376, 276, 0)
(259, 387, 271, 0)
(265, 425, 273, 0)
(265, 769, 273, 0)
(265, 459, 273, 0)
(270, 470, 279, 0)
(268, 420, 285, 0)
(262, 390, 273, 0)
(271, 376, 280, 0)
(269, 409, 279, 0)
(263, 428, 273, 0)
(260, 432, 271, 0)
(265, 432, 273, 0)
(264, 372, 273, 0)
(261, 408, 273, 0)
(265, 379, 273, 0)
(261, 424, 272, 0)
(468, 712, 484, 0)
(265, 485, 273, 0)
(265, 348, 273, 0)
(262, 413, 273, 0)
(267, 366, 275, 0)
(265, 397, 273, 0)
(265, 401, 273, 0)
(264, 376, 273, 0)
(265, 425, 273, 0)
(265, 381, 274, 0)
(269, 418, 277, 0)
(259, 431, 271, 0)
(264, 419, 272, 0)
(260, 402, 271, 0)
(259, 390, 271, 0)
(259, 451, 271, 0)
(268, 421, 280, 0)
(262, 434, 273, 0)
(261, 476, 273, 0)
(259, 390, 270, 0)
(277, 449, 291, 0)
(474, 700, 490, 0)
(724, 1060, 745, 0)
(267, 373, 282, 0)
(263, 401, 274, 0)
(267, 405, 278, 0)
(467, 727, 483, 0)
(265, 396, 273, 0)
(271, 388, 281, 0)
(265, 365, 273, 0)
(265, 480, 274, 0)
(261, 402, 273, 0)
(259, 428, 271, 0)
(266, 419, 274, 0)
(259, 503, 271, 0)
(269, 399, 279, 0)
(260, 427, 271, 0)
(260, 376, 271, 0)
(259, 374, 271, 0)
(463, 722, 480, 0)
(263, 392, 273, 0)
(259, 393, 271, 0)
(264, 450, 276, 0)
(265, 420, 273, 0)
(261, 474, 273, 0)
(464, 659, 480, 0)
(264, 370, 272, 0)
(261, 548, 271, 0)
(464, 711, 480, 0)
(259, 399, 271, 0)
(260, 414, 271, 0)
(272, 465, 287, 0)
(267, 428, 279, 0)
(269, 404, 277, 0)
(467, 1072, 485, 0)
(271, 417, 280, 0)
(463, 729, 479, 0)
(270, 430, 280, 0)
(714, 1072, 732, 0)
(262, 386, 273, 0)
(267, 418, 284, 0)
(260, 401, 271, 0)
(268, 454, 284, 0)
(270, 383, 285, 0)
(259, 420, 271, 0)
(259, 402, 271, 0)
(260, 392, 272, 0)
(266, 421, 276, 0)
(259, 433, 271, 0)
(264, 452, 274, 0)
(259, 367, 270, 0)
(263, 396, 273, 0)
(260, 433, 271, 0)
(260, 401, 271, 0)
(262, 438, 274, 0)
(261, 423, 274, 0)
(261, 413, 271, 0)
(258, 430, 271, 0)
(259, 457, 271, 0)
(264, 410, 273, 0)
(266, 468, 276, 0)
(260, 416, 271, 0)
(267, 399, 277, 0)
(263, 404, 279, 0)
(262, 442, 271, 0)
(265, 382, 273, 0)
(262, 441, 273, 0)
(265, 356, 273, 0)
(258, 481, 271, 0)
(271, 477, 289, 0)
(260, 426, 271, 0)
(267, 397, 277, 0)
(264, 420, 273, 0)
(259, 419, 271, 0)
(270, 467, 279, 0)
(263, 445, 279, 0)
(259, 404, 271, 0)
(267, 426, 283, 0)
(259, 381, 271, 0)
(260, 490, 271, 0)
(467, 690, 485, 0)
(260, 402, 272, 0)
(260, 421, 271, 0)
(268, 418, 277, 0)
(264, 382, 272, 0)
(270, 392, 285, 0)
(263, 444, 273, 0)
(259, 425, 271, 0)
(261, 419, 273, 0)
(261, 417, 271, 0)
(263, 404, 274, 0)
(261, 466, 271, 0)
(261, 410, 271, 0)
(465, 715, 482, 0)
(259, 456, 270, 0)
(259, 405, 271, 0)
(265, 368, 274, 0)
(264, 401, 273, 0)
(260, 427, 271, 0)
(270, 469, 279, 0)
(263, 443, 272, 0)
(261, 441, 273, 0)
(259, 457, 270, 0)
(259, 383, 270, 0)
(463, 795, 480, 0)
(259, 446, 271, 0)
(269, 392, 280, 0)
(273, 506, 285, 0)
(261, 448, 272, 0)
(260, 409, 271, 0)
(259, 440, 271, 0)
(265, 374, 273, 0)
(268, 451, 277, 0)
(260, 405, 272, 0)
(265, 423, 274, 0)
(262, 438, 272, 0)
(260, 440, 271, 0)
(262, 431, 273, 0)
(260, 413, 271, 0)
(468, 724, 484, 0)
(270, 474, 285, 0)
(262, 383, 272, 0)
(266, 383, 274, 0)
(263, 440, 273, 0)
(463, 678, 480, 0)
(261, 421, 273, 0)
(269, 411, 278, 0)
(262, 452, 275, 0)
(262, 504, 273, 0)
(267, 408, 276, 0)
(463, 687, 480, 0)
(464, 662, 480, 0)
(259, 371, 271, 0)
(263, 410, 273, 0)
(259, 383, 271, 0)
(470, 780, 487, 0)
(269, 396, 278, 0)
(272, 421, 291, 0)
(463, 689, 480, 0)
(270, 420, 279, 0)
(263, 390, 275, 0)
(265, 437, 273, 0)
(267, 534, 275, 0)
(261, 441, 273, 0)
(273, 394, 285, 0)
(262, 414, 273, 0)
(259, 454, 270, 0)
(259, 373, 270, 0)
(264, 398, 274, 0)
(260, 394, 271, 0)
(464, 649, 481, 0)
(260, 405, 273, 0)
(259, 381, 271, 0)
(260, 430, 271, 0)
(259, 425, 271, 0)
(265, 377, 273, 0)
(262, 408, 278, 0)
(264, 429, 277, 0)
(265, 363, 273, 0)
(262, 405, 273, 0)
(274, 451, 285, 0)
(265, 467, 281, 0)
(262, 432, 273, 0)
(463, 710, 480, 0)
(465, 679, 482, 0)
(259, 399, 271, 0)
(259, 470, 271, 0)
(261, 435, 273, 0)
(265, 388, 273, 0)
(262, 528, 274, 0)
(474, 771, 490, 0)
(259, 482, 272, 0)
(260, 382, 271, 0)
(259, 443, 271, 0)
(269, 365, 277, 0)
(273, 409, 285, 0)
(269, 403, 279, 0)
(264, 350, 273, 0)
(265, 336, 273, 0)
(259, 428, 271, 0)
(263, 412, 273, 0)
(260, 412, 270, 0)
(262, 383, 274, 0)
(262, 422, 273, 0)
(264, 492, 280, 0)
(278, 565, 294, 0)
(266, 356, 274, 0)
(468, 694, 485, 0)
(266, 407, 278, 0)
(267, 399, 283, 0)
(259, 432, 271, 0)
(261, 451, 270, 0)
(260, 408, 271, 0)
(470, 730, 487, 0)
(265, 367, 276, 0)
(265, 392, 273, 0)
(258, 421, 272, 0)
(259, 411, 271, 0)
(260, 430, 273, 0)
(259, 420, 271, 0)
(265, 379, 273, 0)
(259, 407, 271, 0)
(258, 426, 270, 0)
(259, 467, 271, 0)
(263, 412, 273, 0)
(259, 430, 271, 0)
(262, 393, 273, 0)
(265, 442, 274, 0)
(265, 369, 273, 0)
(260, 439, 271, 0)
(261, 445, 273, 0)
(258, 388, 269, 0)
(468, 726, 485, 0)
(260, 399, 271, 0)
(261, 387, 271, 0)
(273, 421, 284, 0)
(262, 457, 273, 0)
(259, 419, 271, 0)
(262, 436, 273, 0)
(265, 363, 273, 0)
(263, 546, 273, 0)
(258, 408, 271, 0)
(262, 379, 273, 0)
(273, 371, 285, 0)
(270, 434, 280, 0)
(280, 396, 292, 0)
(270, 361, 281, 0)
(259, 374, 271, 0)
(259, 464, 271, 0)
(259, 402, 271, 0)
(265, 363, 273, 0)
(270, 400, 279, 0)
(259, 413, 271, 0)
(259, 406, 271, 0)
(264, 348, 273, 0)
(264, 380, 278, 0)
(263, 402, 273, 0)
(266, 474, 281, 0)
(269, 475, 279, 0)
(258, 395, 271, 0)
(264, 383, 273, 0)
(258, 442, 271, 0)
(267, 416, 281, 0)
(266, 402, 281, 0)
(259, 411, 271, 0)
(265, 417, 281, 0)
(261, 426, 271, 0)
(266, 358, 274, 0)
(258, 426, 271, 0)
(463, 688, 480, 0)
(476, 748, 494, 0)
(719, 1052, 742, 0)
(270, 411, 280, 0)
(266, 376, 274, 0)
(266, 428, 273, 0)
(264, 376, 273, 0)
(265, 476, 273, 0)
(270, 433, 279, 0)
(260, 378, 271, 0)
(261, 466, 273, 0)
(261, 416, 271, 0)
(259, 459, 271, 0)
(262, 464, 273, 0)
(258, 420, 271, 0)
(259, 394, 271, 0)
(260, 399, 271, 0)
(269, 424, 286, 0)
(463, 705, 480, 0)
(264, 415, 274, 0)
(468, 743, 486, 0)
(266, 369, 274, 0)
(260, 513, 271, 0)
(265, 406, 278, 0)
(259, 404, 271, 0)
(265, 394, 279, 0)
(260, 411, 270, 0)
(268, 490, 277, 0)
(267, 433, 281, 0)
(260, 452, 273, 0)
(259, 403, 271, 0)
(468, 671, 485, 0)
(261, 491, 273, 0)
(262, 412, 273, 0)
(261, 404, 273, 0)
(264, 393, 273, 0)
(271, 406, 282, 0)
(265, 455, 273, 0)
(269, 392, 279, 0)
(261, 461, 274, 0)
(265, 346, 273, 0)
(264, 380, 273, 0)
(265, 425, 278, 0)
(269, 365, 278, 0)
(468, 684, 485, 0)
(262, 441, 274, 0)
(265, 364, 273, 0)
(267, 399, 277, 0)
(260, 415, 271, 0)
(259, 439, 271, 0)
(268, 396, 277, 0)
(263, 450, 272, 0)
(262, 422, 274, 0)
(259, 423, 271, 0)
(265, 461, 274, 0)
(259, 451, 271, 0)
(259, 396, 273, 0)
(269, 370, 283, 0)
(260, 408, 271, 0)
(259, 444, 271, 0)
(264, 367, 273, 0)
(261, 424, 273, 0)
(264, 466, 274, 0)
(265, 714, 273, 0)
(268, 434, 276, 0)
(258, 398, 271, 0)
(270, 415, 279, 0)
(267, 456, 284, 0)
(262, 408, 271, 0)
(261, 384, 272, 0)
(266, 425, 274, 0)
(259, 404, 271, 0)
(265, 432, 278, 0)
(262, 424, 273, 0)
(267, 453, 282, 0)
(265, 365, 273, 0)
(472, 717, 488, 0)
(268, 473, 281, 0)
(266, 391, 280, 0)
(259, 424, 271, 0)
(260, 427, 271, 0)
(262, 470, 273, 0)
(463, 683, 480, 0)
(261, 434, 273, 0)
(267, 445, 277, 0)
(269, 403, 283, 0)
(468, 716, 485, 0)
(264, 383, 273, 0)
(270, 411, 279, 0)
(264, 349, 273, 0)
(261, 446, 273, 0)
(259, 384, 271, 0)
(262, 443, 274, 0)
(266, 410, 277, 0)
(266, 349, 273, 0)
(258, 427, 271, 0)
(262, 419, 273, 0)
(473, 720, 490, 0)
(268, 398, 278, 0)
(267, 424, 281, 0)
(260, 443, 271, 0)
(260, 404, 271, 0)
(259, 425, 271, 0)
(268, 430, 279, 0)
(265, 402, 273, 0)
(271, 396, 281, 0)
(264, 409, 279, 0)
(260, 409, 271, 0)
(261, 469, 273, 0)
(266, 435, 281, 0)
(268, 449, 278, 0)
(262, 437, 273, 0)
(265, 359, 272, 0)
(271, 514, 280, 0)
(464, 686, 480, 0)
(271, 405, 281, 0)
(269, 416, 278, 0)
(265, 345, 273, 0)
(266, 488, 281, 0)
(264, 353, 273, 0)
(265, 348, 273, 0)
(265, 347, 273, 0)
(271, 438, 284, 0)
(259, 436, 271, 0)
(258, 411, 271, 0)
(273, 416, 285, 0)
(261, 437, 271, 0)
(266, 523, 274, 0)
(265, 380, 273, 0)
(261, 396, 273, 0)
(261, 372, 273, 0)
(267, 458, 285, 0)
(264, 385, 274, 0)
(258, 472, 271, 0)
(262, 430, 273, 0)
(259, 414, 272, 0)
(268, 423, 279, 0)
(265, 375, 273, 0)
(262, 403, 273, 0)
(265, 441, 273, 0)
(258, 548, 271, 0)
(260, 441, 269, 0)
(262, 405, 273, 0)
(265, 367, 273, 0)
(269, 395, 279, 0)
(269, 381, 285, 0)
(259, 441, 270, 0)
(261, 392, 273, 0)
(260, 451, 271, 0)
(271, 418, 283, 0)
(262, 438, 274, 0)
(262, 390, 273, 0)
(261, 395, 273, 0)
(262, 426, 274, 0)
(468, 746, 487, 0)
(464, 721, 480, 0)
(262, 390, 274, 0)
(269, 391, 277, 0)
(279, 566, 290, 0)
(259, 429, 271, 0)
(260, 399, 271, 0)
(270, 426, 280, 0)
(265, 408, 273, 0)
(265, 402, 273, 0)
(259, 394, 271, 0)
(264, 450, 274, 0)
(259, 390, 271, 0)
(260, 460, 271, 0)
(259, 392, 271, 0)
(263, 413, 274, 0)
(260, 472, 271, 0)
(261, 402, 273, 0)
(262, 450, 271, 0)
(261, 419, 279, 0)
(260, 382, 271, 0)
(262, 573, 273, 0)
(259, 472, 271, 0)
(258, 470, 271, 0)
(265, 367, 273, 0)
(264, 440, 273, 0)
(260, 442, 271, 0)
(269, 398, 285, 0)
(261, 408, 273, 0)
(261, 397, 272, 0)
(265, 419, 273, 0)
(275, 487, 286, 0)
(264, 447, 272, 0)
(262, 394, 273, 0)
(259, 387, 271, 0)
(264, 499, 276, 0)
(259, 421, 271, 0)
(259, 378, 271, 0)
(268, 431, 278, 0)
(259, 512, 271, 0)
(260, 410, 271, 0)
(260, 388, 271, 0)
(265, 371, 273, 0)
(261, 449, 273, 0)
(259, 468, 271, 0)
(259, 412, 271, 0)
(263, 412, 273, 0)
(260, 394, 271, 0)
(468, 652, 485, 0)
(263, 432, 272, 0)
(259, 406, 271, 0)
(264, 415, 275, 0)
(259, 428, 271, 0)
(464, 706, 481, 0)
(264, 396, 273, 0)
(259, 378, 271, 0)
(260, 406, 271, 0)
(259, 403, 271, 0)
(268, 428, 278, 0)
(259, 409, 270, 0)
(265, 374, 273, 0)
(259, 489, 271, 0)
(272, 406, 281, 0)
(262, 403, 273, 0)
(260, 501, 271, 0)
(270, 380, 279, 0)
(260, 400, 273, 0)
(269, 463, 278, 0)
(269, 500, 280, 0)
(265, 578, 274, 0)
(265, 382, 273, 0)
(260, 408, 271, 0)
(263, 397, 278, 0)
(272, 449, 281, 0)
(259, 409, 271, 0)
(265, 428, 273, 0)
(260, 473, 271, 0)
(260, 374, 271, 0)
(265, 367, 273, 0)
(264, 443, 275, 0)
(264, 432, 273, 0)
(260, 427, 271, 0)
(258, 377, 271, 0)
(259, 411, 271, 0)
(259, 419, 271, 0)
(265, 428, 280, 0)
(267, 396, 278, 0)
(259, 407, 271, 0)
(468, 694, 485, 0)
(265, 373, 273, 0)
(259, 471, 271, 0)
(722, 1133, 742, 0)
(265, 394, 273, 0)
(264, 430, 283, 0)
(259, 409, 271, 0)
(265, 370, 273, 0)
(265, 343, 273, 0)
(265, 370, 273, 0)
(269, 440, 279, 0)
(267, 400, 276, 0)
(271, 412, 282, 0)
(463, 678, 480, 0)
(270, 405, 280, 0)
(268, 432, 277, 0)
(468, 698, 485, 0)
(467, 784, 485, 0)
(261, 429, 273, 0)
(259, 397, 271, 0)
(260, 421, 271, 0)
(269, 467, 283, 0)
(260, 491, 271, 0)
(259, 400, 271, 0)
(259, 404, 271, 0)
(264, 416, 280, 0)
(265, 395, 274, 0)
(268, 412, 276, 0)
(265, 367, 273, 0)
(467, 689, 484, 0)
(262, 461, 273, 0)
(267, 467, 285, 0)
(261, 461, 273, 0)
(260, 400, 271, 0)
(260, 392, 273, 0)
(270, 460, 279, 0)
(260, 393, 271, 0)
(259, 411, 271, 0)
(260, 376, 271, 0)
(259, 425, 272, 0)
(259, 403, 271, 0)
(261, 387, 271, 0)
(271, 405, 286, 0)
(262, 386, 274, 0)
(258, 452, 271, 0)
(262, 397, 273, 0)
(260, 394, 271, 0)
(267, 394, 278, 0)
(264, 350, 273, 0)
(259, 532, 271, 0)
(260, 422, 271, 0)
(263, 385, 273, 0)
(464, 721, 480, 0)
(262, 435, 277, 0)
(259, 390, 271, 0)
(259, 449, 271, 0)
(259, 443, 271, 0)
(265, 375, 273, 0)
(260, 463, 271, 0)
(259, 382, 271, 0)
(260, 407, 271, 0)
(468, 692, 485, 0)
(263, 404, 274, 0)
(259, 438, 271, 0)
(259, 392, 271, 0)
(270, 440, 278, 0)
(259, 426, 270, 0)
(259, 425, 271, 0)
(269, 464, 279, 0)
(261, 428, 273, 0)
(264, 420, 273, 0)
(470, 804, 488, 0)
(269, 419, 278, 0)
(266, 520, 279, 0)
(261, 454, 271, 0)
(260, 413, 271, 0)
(267, 399, 276, 0)
(262, 387, 273, 0)
(267, 406, 277, 0)
(259, 403, 271, 0)
(266, 376, 276, 0)
(260, 438, 271, 0)
(261, 394, 273, 0)
(258, 386, 271, 0)
(260, 426, 272, 0)
(261, 395, 272, 0)
(261, 445, 273, 0)
(264, 424, 274, 0)
(265, 476, 278, 0)
(264, 358, 273, 0)
(263, 417, 277, 0)
(265, 374, 273, 0)
(259, 480, 271, 0)
(261, 398, 273, 0)
(260, 449, 271, 0)
(259, 379, 271, 0)
(259, 386, 272, 0)
(261, 374, 273, 0)
(261, 423, 273, 0)
(260, 436, 271, 0)
(271, 388, 279, 0)
(266, 363, 276, 0)
(264, 367, 273, 0)
(470, 718, 487, 0)
(265, 376, 273, 0)
(260, 427, 271, 0)
(262, 426, 272, 0)
(267, 364, 275, 0)
(261, 409, 271, 0)
(262, 452, 273, 0)
(262, 472, 272, 0)
(260, 408, 271, 0)
(275, 498, 288, 0)
(259, 392, 271, 0)
(259, 403, 271, 0)
(267, 453, 283, 0)
(265, 392, 273, 0)
(263, 422, 277, 0)
(473, 743, 490, 0)
(464, 679, 480, 0)
(261, 389, 273, 0)
(269, 454, 279, 0)
(262, 406, 273, 0)
(260, 402, 271, 0)
(267, 408, 277, 0)
(263, 415, 274, 0)
(264, 365, 273, 0)
(260, 438, 271, 0)
(269, 361, 277, 0)
(259, 390, 271, 0)
(266, 387, 276, 0)
(268, 418, 287, 0)
(259, 423, 269, 0)
(259, 438, 271, 0)
(263, 422, 273, 0)
(259, 440, 271, 0)
(264, 426, 273, 0)
(262, 378, 273, 0)
(258, 401, 271, 0)
(262, 397, 273, 0)
(259, 431, 271, 0)
(262, 400, 273, 0)
(464, 751, 480, 0)
(260, 413, 273, 0)
(270, 392, 285, 0)
(267, 379, 275, 0)
(283, 476, 296, 0)
(263, 443, 273, 0)
(259, 421, 271, 0)
(266, 390, 273, 0)
(468, 803, 485, 0)
(262, 400, 273, 0)
(261, 412, 271, 0)
(466, 684, 481, 0)
(269, 446, 278, 0)
(260, 408, 271, 0)
(269, 474, 279, 0)
(263, 410, 278, 0)
(259, 412, 271, 0)
(269, 418, 279, 0)
(262, 420, 273, 0)
(261, 447, 270, 0)
(259, 465, 271, 0)
(259, 458, 270, 0)
(259, 414, 271, 0)
(259, 422, 271, 0)
(262, 366, 273, 0)
(259, 429, 271, 0)
(267, 460, 278, 0)
(259, 429, 271, 0)
(261, 396, 271, 0)
(259, 445, 272, 0)
(259, 445, 271, 0)
(260, 414, 271, 0)
(265, 351, 273, 0)
(258, 418, 271, 0)
(270, 434, 279, 0)
(260, 431, 272, 0)
(468, 721, 485, 0)
(713, 1013, 732, 0)
(270, 413, 281, 0)
(264, 440, 273, 0)
(261, 405, 273, 0)
(260, 465, 271, 0)
(260, 413, 271, 0)
(262, 464, 273, 0)
(275, 513, 284, 0)
(259, 549, 271, 0)
(463, 703, 480, 0)
(262, 443, 273, 0)
(265, 366, 273, 0)
(259, 393, 271, 0)
(260, 486, 270, 0)
(265, 391, 273, 0)
(266, 383, 273, 0)
(263, 424, 274, 0)
(265, 436, 273, 0)
(271, 407, 282, 0)
(262, 457, 272, 0)
(259, 381, 271, 0)
(259, 382, 272, 0)
(468, 771, 486, 0)
(258, 399, 271, 0)
(263, 400, 274, 0)
(264, 427, 277, 0)
(260, 435, 272, 0)
(269, 448, 279, 0)
(263, 395, 273, 0)
(261, 401, 272, 0)
(261, 373, 274, 0)
(260, 394, 271, 0)
(260, 460, 271, 0)
(270, 387, 279, 0)
(261, 400, 271, 0)
(265, 425, 273, 0)
(264, 383, 273, 0)
(260, 396, 271, 0)
(268, 545, 278, 0)
(275, 438, 293, 0)
(260, 411, 271, 0)
(265, 390, 273, 0)
(265, 431, 273, 0)
(265, 375, 273, 0)
(464, 703, 482, 0)
(260, 458, 271, 0)
(266, 385, 274, 0)
(262, 455, 273, 0)
(270, 443, 280, 0)
(260, 387, 271, 0)
(261, 422, 275, 0)
(261, 411, 273, 0)
(263, 364, 273, 0)
(260, 381, 271, 0)
(260, 418, 271, 0)
(259, 460, 271, 0)
(258, 421, 271, 0)
(265, 467, 280, 0)
(269, 456, 279, 0)
(467, 691, 485, 0)
(270, 405, 278, 0)
(263, 439, 281, 0)
(264, 390, 273, 0)
(270, 441, 281, 0)
(264, 369, 273, 0)
(260, 395, 271, 0)
(261, 503, 273, 0)
(259, 379, 271, 0)
(265, 373, 278, 0)
(265, 359, 273, 0)
(259, 574, 271, 0)
(278, 444, 289, 0)
(260, 482, 271, 0)
(270, 420, 280, 0)
(263, 408, 273, 0)
(268, 438, 284, 0)
(259, 456, 270, 0)
(265, 371, 273, 0)
(263, 427, 273, 0)
(260, 411, 271, 0)
(260, 436, 272, 0)
(258, 392, 271, 0)
(260, 418, 271, 0)
(474, 732, 494, 0)
(259, 455, 270, 0)
(466, 740, 482, 0)
(259, 430, 271, 0)
(262, 397, 273, 0)
(260, 398, 272, 0)
(262, 409, 273, 0)
(260, 489, 271, 0)
(259, 455, 271, 0)
(469, 743, 486, 0)
(259, 432, 271, 0)
(261, 406, 272, 0)
(269, 421, 278, 0)
(262, 455, 273, 0)
(464, 661, 480, 0)
(265, 447, 273, 0)
(261, 423, 271, 0)
(274, 358, 285, 0)
(469, 726, 488, 0)
(258, 437, 270, 0)
(261, 425, 273, 0)
(262, 404, 273, 0)
(259, 436, 271, 0)
(261, 389, 274, 0)
(264, 361, 273, 0)
(269, 496, 277, 0)
(269, 413, 279, 0)
(271, 434, 280, 0)
(259, 401, 271, 0)
(274, 371, 284, 0)
(266, 356, 274, 0)
(269, 420, 278, 0)
(263, 409, 273, 0)
(264, 354, 273, 0)
(261, 408, 273, 0)
(463, 751, 479, 0)
(265, 462, 274, 0)
(264, 388, 273, 0)
(261, 430, 274, 0)
(271, 395, 280, 0)
(265, 389, 273, 0)
(260, 422, 271, 0)
(265, 345, 273, 0)
(275, 424, 286, 0)
(262, 411, 273, 0)
(265, 375, 273, 0)
(259, 420, 271, 0)
(270, 463, 279, 0)
(259, 441, 271, 0)
(266, 363, 273, 0)
(267, 425, 277, 0)
(265, 398, 278, 0)
(265, 383, 273, 0)
(266, 376, 276, 0)
(263, 400, 273, 0)
(262, 408, 276, 0)
(268, 459, 278, 0)
(259, 424, 271, 0)
(262, 431, 275, 0)
(270, 429, 279, 0)
(262, 415, 273, 0)
(262, 432, 273, 0)
(259, 453, 271, 0)
(259, 422, 271, 0)
(259, 420, 271, 0)
(268, 399, 278, 0)
(474, 650, 494, 0)
(262, 466, 273, 0)
(270, 483, 280, 0)
(270, 444, 280, 0)
(264, 460, 273, 0)
(259, 431, 271, 0)
(265, 364, 273, 0)
(261, 389, 273, 0)
(263, 413, 273, 0)
(267, 394, 278, 0)
(259, 393, 271, 0)
(272, 438, 281, 0)
(259, 435, 271, 0)
(271, 414, 282, 0)
(258, 438, 271, 0)
(265, 420, 273, 0)
(260, 439, 271, 0)
(261, 430, 273, 0)
(264, 397, 273, 0)
(259, 416, 271, 0)
(269, 491, 278, 0)
(259, 465, 271, 0)
(265, 420, 273, 0)
(259, 410, 271, 0)
(265, 453, 273, 0)
(273, 395, 283, 0)
(260, 415, 271, 0)
(468, 760, 484, 0)
(268, 471, 278, 0)
(260, 438, 271, 0)
(262, 414, 273, 0)
(260, 428, 271, 0)
(269, 417, 283, 0)
(265, 468, 273, 0)
(262, 431, 273, 0)
(261, 473, 272, 0)
(260, 446, 270, 0)
(259, 383, 271, 0)
(263, 436, 273, 0)
(268, 405, 278, 0)
(268, 466, 278, 0)
(260, 409, 271, 0)
(266, 368, 274, 0)
(259, 451, 271, 0)
(261, 404, 274, 0)
(259, 431, 271, 0)
(259, 411, 271, 0)
(265, 346, 273, 0)
(266, 456, 276, 0)
(259, 382, 271, 0)
(258, 412, 271, 0)
(261, 414, 271, 0)
(271, 366, 280, 0)
(261, 415, 273, 0)
(259, 421, 271, 0)
(269, 430, 278, 0)
(262, 382, 273, 0)
(265, 361, 273, 0)
(464, 726, 480, 0)
(262, 421, 273, 0)
(476, 802, 496, 0)
(468, 626, 485, 0)
(260, 371, 271, 0)
(271, 418, 283, 0)
(265, 394, 273, 0)
(264, 389, 273, 0)
(262, 382, 273, 0)
(463, 690, 480, 0)
(467, 1039, 484, 0)
(266, 422, 276, 0)
(262, 450, 274, 0)
(261, 413, 273, 0)
(262, 473, 273, 0)
(264, 506, 278, 0)
(261, 433, 274, 0)
(260, 392, 271, 0)
(264, 405, 273, 0)
(260, 410, 271, 0)
(466, 725, 481, 0)
(260, 479, 271, 0)
(261, 455, 273, 0)
(273, 410, 290, 0)
