(748, 1025, 773, 0)
(546, 802, 565, 0)
(535, 774, 556, 0)
(539, 909, 559, 0)
(540, 848, 561, 0)
(540, 763, 560, 0)
(542, 750, 562, 0)
(542, 760, 562, 0)
(548, 814, 570, 0)
(540, 959, 561, 0)
(540, 860, 560, 0)
(548, 812, 569, 0)
(551, 791, 573, 0)
(546, 823, 564, 0)
(552, 755, 581, 0)
(539, 795, 557, 0)
(547, 853, 569, 0)
(553, 906, 579, 0)
(546, 790, 567, 0)
(550, 855, 571, 0)
(545, 793, 560, 0)
(740, 1214, 762, 0)
(550, 828, 569, 0)
(562, 824, 585, 0)
(552, 918, 578, 0)
(550, 791, 571, 0)
(558, 797, 579, 0)
(540, 837, 562, 0)
(538, 898, 559, 0)
(539, 804, 559, 0)
(738, 1018, 760, 0)
(546, 843, 566, 0)
(755, 1175, 782, 0)
(542, 892, 567, 0)
(546, 781, 565, 0)
(539, 725, 562, 0)
(531, 826, 552, 0)
(540, 814, 563, 0)
(539, 761, 558, 0)
(553, 860, 570, 0)
(738, 1165, 762, 0)
(545, 817, 565, 0)
(553, 776, 574, 0)
(543, 781, 566, 0)
(549, 936, 571, 0)
(548, 864, 568, 0)
(744, 1164, 766, 0)
(545, 765, 566, 0)
(540, 779, 562, 0)
(561, 860, 585, 0)
(551, 892, 570, 0)
(541, 813, 563, 0)
(534, 764, 557, 0)
(551, 789, 572, 0)
(543, 924, 564, 0)
(545, 860, 565, 0)
(540, 722, 559, 0)
(548, 755, 566, 0)
(547, 840, 567, 0)
(544, 837, 569, 0)
(543, 814, 564, 0)
(730, 1042, 756, 0)
(552, 827, 574, 0)
(539, 843, 558, 0)
(544, 826, 564, 0)
(559, 814, 581, 0)
(548, 811, 569, 0)
(564, 840, 590, 0)
(546, 821, 566, 0)
(550, 797, 571, 0)
(744, 1192, 767, 0)
(543, 744, 561, 0)
(540, 751, 560, 0)
(548, 811, 574, 0)
(537, 843, 557, 0)
(540, 717, 559, 0)
(547, 832, 570, 0)
(546, 841, 562, 0)
(540, 897, 561, 0)
(542, 856, 558, 0)
(532, 751, 557, 0)
(557, 814, 584, 0)
(1348, 1696, 1369, 0)
(541, 793, 558, 0)
(541, 733, 558, 0)
(545, 757, 564, 0)
(540, 824, 561, 0)
(538, 844, 560, 0)
(564, 780, 586, 0)
(558, 789, 577, 0)
(542, 760, 560, 0)
(545, 823, 565, 0)
(532, 772, 554, 0)
(547, 808, 567, 0)
(540, 771, 562, 0)
(541, 886, 559, 0)
(746, 1256, 771, 0)
(755, 1040, 778, 0)
(541, 764, 561, 0)
(552, 905, 581, 0)
(542, 855, 565, 0)
(537, 802, 560, 0)
(546, 823, 566, 0)
(560, 786, 583, 0)
(547, 833, 569, 0)
(545, 856, 567, 0)
(548, 844, 568, 0)
(563, 825, 586, 0)
(539, 778, 561, 0)
(564, 824, 590, 0)
(547, 820, 564, 0)
(539, 767, 561, 0)
(552, 825, 571, 0)
(536, 923, 558, 0)
(552, 842, 568, 0)
(551, 768, 571, 0)
(559, 756, 581, 0)
(550, 786, 570, 0)
(547, 914, 573, 0)
(543, 814, 562, 0)
(542, 807, 563, 0)
(541, 703, 559, 0)
(546, 824, 566, 0)
(545, 753, 563, 0)
(558, 796, 581, 0)
(556, 833, 578, 0)
(541, 812, 559, 0)
(540, 799, 560, 0)
(548, 762, 564, 0)
(541, 858, 559, 0)
(543, 771, 560, 0)
(548, 857, 563, 0)
(545, 786, 565, 0)
(544, 846, 564, 0)
(547, 830, 567, 0)
(545, 780, 563, 0)
(542, 813, 564, 0)
(559, 839, 590, 0)
(555, 895, 577, 0)
(753, 1110, 783, 0)
(558, 851, 580, 0)
(539, 741, 558, 0)
(544, 772, 564, 0)
(545, 821, 564, 0)
(545, 852, 562, 0)
(549, 904, 569, 0)
(737, 973, 760, 0)
(551, 785, 570, 0)
(549, 843, 569, 0)
(561, 923, 585, 0)
(556, 863, 577, 0)
(546, 865, 562, 0)
(550, 902, 570, 0)
(548, 765, 566, 0)
(541, 736, 560, 0)
(751, 1025, 780, 0)
(537, 740, 556, 0)
(550, 900, 571, 0)
(540, 814, 562, 0)
(549, 922, 570, 0)
(556, 910, 582, 0)
(545, 888, 565, 0)
(551, 823, 573, 0)
(554, 902, 582, 0)
(545, 814, 567, 0)
(552, 830, 572, 0)
(549, 832, 568, 0)
(535, 830, 557, 0)
(538, 804, 559, 0)
(542, 841, 563, 0)
(539, 773, 556, 0)
(547, 870, 569, 0)
(532, 835, 554, 0)
(544, 813, 564, 0)
(532, 819, 556, 0)
(554, 841, 581, 0)
(757, 966, 788, 0)
(542, 826, 559, 0)
(558, 818, 581, 0)
(553, 916, 575, 0)
(545, 880, 564, 0)
(540, 822, 561, 0)
(539, 839, 560, 0)
(546, 826, 566, 0)
(755, 1194, 797, 0)
(548, 951, 567, 0)
(554, 884, 575, 0)
(537, 817, 558, 0)
(551, 824, 573, 0)
(540, 944, 561, 0)
(547, 834, 567, 0)
(734, 1078, 761, 0)
(549, 781, 567, 0)
(738, 993, 761, 0)
(541, 857, 560, 0)
(551, 825, 572, 0)
(554, 844, 576, 0)
(559, 780, 581, 0)
(545, 846, 566, 0)
(542, 798, 566, 0)
(546, 844, 568, 0)
(549, 822, 567, 0)
(546, 898, 564, 0)
(554, 876, 574, 0)
(542, 800, 559, 0)
(550, 791, 576, 0)
(536, 833, 556, 0)
(540, 859, 560, 0)
(550, 784, 570, 0)
(539, 782, 561, 0)
(540, 788, 557, 0)
(541, 952, 560, 0)
(567, 914, 590, 0)
(547, 784, 566, 0)
(540, 779, 559, 0)
(550, 761, 570, 0)
(551, 841, 572, 0)
(552, 798, 570, 0)
(547, 846, 569, 0)
(580, 895, 606, 0)
(546, 794, 566, 0)
(548, 893, 572, 0)
(555, 871, 582, 0)
(545, 823, 565, 0)
(549, 841, 571, 0)
(545, 842, 565, 0)
(558, 863, 579, 0)
(553, 820, 574, 0)
(541, 819, 561, 0)
(540, 785, 560, 0)
(729, 1046, 752, 0)
(546, 829, 568, 0)
(993, 1378, 1034, 0)
(544, 799, 562, 0)
(545, 877, 563, 0)
(537, 892, 557, 0)
(548, 950, 573, 0)
(742, 1101, 766, 0)
(544, 803, 566, 0)
(554, 830, 576, 0)
(538, 784, 562, 0)
(531, 840, 553, 0)
(548, 801, 567, 0)
(539, 772, 560, 0)
(541, 816, 562, 0)
(547, 828, 566, 0)
(555, 952, 576, 0)
(739, 991, 760, 0)
(551, 866, 572, 0)
(542, 783, 559, 0)
(548, 840, 570, 0)
(543, 855, 563, 0)
(540, 810, 564, 0)
(547, 762, 563, 0)
(548, 870, 573, 0)
(561, 813, 582, 0)
(537, 883, 556, 0)
(548, 966, 567, 0)
(746, 1079, 777, 0)
(549, 834, 565, 0)
(537, 792, 559, 0)
(553, 824, 570, 0)
(558, 894, 579, 0)
(537, 786, 559, 0)
(540, 784, 561, 0)
(551, 786, 568, 0)
(549, 886, 573, 0)
(550, 964, 574, 0)
(540, 825, 557, 0)
(552, 824, 574, 0)
(735, 999, 758, 0)
(551, 788, 570, 0)
(717, 1102, 741, 0)
(538, 899, 559, 0)
(548, 789, 575, 0)
(550, 793, 566, 0)
(539, 782, 559, 0)
(548, 764, 568, 0)
(532, 771, 554, 0)
(553, 874, 575, 0)
(554, 841, 570, 0)
(549, 813, 569, 0)
(542, 839, 563, 0)
(553, 795, 582, 0)
(538, 740, 558, 0)
(542, 933, 562, 0)
(538, 821, 559, 0)
(546, 834, 568, 0)
(544, 813, 568, 0)
(543, 845, 562, 0)
(541, 861, 565, 0)
(550, 780, 570, 0)
(543, 791, 563, 0)
(555, 784, 575, 0)
(538, 785, 557, 0)
(548, 846, 569, 0)
(562, 815, 586, 0)
(539, 767, 558, 0)
(546, 886, 567, 0)
(549, 866, 569, 0)
(549, 799, 569, 0)
(537, 767, 556, 0)
(556, 938, 584, 0)
(567, 998, 590, 0)
(548, 788, 567, 0)
(551, 767, 566, 0)
(540, 765, 559, 0)
(547, 800, 567, 0)
(544, 812, 561, 0)
(552, 810, 575, 0)
(545, 793, 563, 0)
(758, 1077, 787, 0)
(551, 834, 572, 0)
(533, 819, 555, 0)
(542, 851, 561, 0)
(546, 818, 566, 0)
(738, 1017, 760, 0)
(546, 859, 569, 0)
(540, 839, 559, 0)
(548, 827, 569, 0)
(547, 844, 568, 0)
(534, 780, 556, 0)
(544, 927, 563, 0)
(559, 789, 585, 0)
(543, 785, 565, 0)
(545, 876, 567, 0)
(747, 1118, 772, 0)
(552, 801, 571, 0)
(547, 807, 566, 0)
(745, 1038, 765, 0)
(734, 996, 756, 0)
(554, 829, 570, 0)
(545, 890, 563, 0)
(555, 841, 573, 0)
(560, 777, 577, 0)
(548, 858, 569, 0)
(540, 746, 558, 0)
(538, 771, 556, 0)
(742, 1011, 766, 0)
(550, 980, 572, 0)
(539, 743, 557, 0)
(557, 801, 575, 0)
(546, 826, 567, 0)
(537, 846, 560, 0)
(550, 932, 574, 0)
(542, 752, 561, 0)
(545, 869, 564, 0)
(531, 772, 552, 0)
(540, 779, 559, 0)
(543, 761, 564, 0)
(548, 913, 566, 0)
(558, 784, 579, 0)
(563, 798, 583, 0)
(540, 801, 561, 0)
(548, 767, 564, 0)
(546, 826, 564, 0)
(550, 764, 568, 0)
(545, 798, 565, 0)
(535, 715, 557, 0)
(762, 1065, 791, 0)
(544, 850, 564, 0)
(543, 840, 567, 0)
(545, 783, 566, 0)
(537, 747, 558, 0)
(554, 816, 571, 0)
(541, 867, 562, 0)
(540, 794, 560, 0)
(546, 805, 564, 0)
(551, 771, 569, 0)
(549, 788, 569, 0)
(538, 758, 559, 0)
(554, 825, 579, 0)
(546, 821, 567, 0)
(548, 784, 567, 0)
(550, 832, 576, 0)
(554, 866, 577, 0)
(567, 951, 590, 0)
(557, 810, 579, 0)
(537, 763, 557, 0)
(538, 763, 561, 0)
(541, 842, 564, 0)
(554, 838, 574, 0)
(548, 752, 564, 0)
(541, 838, 562, 0)
(566, 906, 587, 0)
(541, 731, 559, 0)
(778, 1091, 823, 0)
(540, 819, 559, 0)
(554, 933, 575, 0)
(548, 862, 566, 0)
(549, 778, 571, 0)
(545, 807, 566, 0)
(547, 818, 565, 0)
(547, 838, 571, 0)
(535, 785, 556, 0)
(543, 815, 563, 0)
(536, 823, 557, 0)
(555, 836, 578, 0)
(545, 774, 563, 0)
(540, 814, 558, 0)
(554, 950, 573, 0)
(547, 876, 567, 0)
(541, 797, 562, 0)
(558, 798, 580, 0)
(537, 758, 553, 0)
(538, 863, 559, 0)
(541, 857, 561, 0)
(557, 859, 583, 0)
(542, 909, 563, 0)
(537, 854, 559, 0)
(537, 833, 558, 0)
(752, 1138, 792, 0)
(560, 855, 583, 0)
(561, 778, 577, 0)
(547, 761, 568, 0)
(542, 834, 560, 0)
(543, 813, 564, 0)
(542, 770, 558, 0)
(551, 816, 573, 0)
(540, 768, 563, 0)
(564, 913, 586, 0)
(540, 872, 557, 0)
(548, 795, 566, 0)
(989, 1408, 1021, 0)
(554, 861, 573, 0)
(547, 812, 567, 0)
(547, 827, 572, 0)
(542, 859, 560, 0)
(539, 751, 557, 0)
(533, 760, 555, 0)
(538, 816, 558, 0)
(742, 1125, 765, 0)
(553, 808, 573, 0)
(550, 776, 568, 0)
(547, 794, 568, 0)
(538, 762, 561, 0)
(547, 864, 567, 0)
(538, 799, 559, 0)
(543, 783, 563, 0)
(541, 767, 558, 0)
(550, 755, 573, 0)
(548, 905, 569, 0)
(549, 798, 567, 0)
(539, 740, 558, 0)
(563, 775, 585, 0)
(548, 817, 568, 0)
(548, 790, 564, 0)
(547, 779, 570, 0)
(555, 792, 575, 0)
(548, 881, 567, 0)
(550, 875, 572, 0)
(549, 884, 566, 0)
(749, 1000, 767, 0)
(550, 810, 576, 0)
(549, 850, 572, 0)
(554, 767, 575, 0)
(553, 823, 572, 0)
(546, 829, 567, 0)
(543, 813, 565, 0)
(541, 897, 562, 0)
(544, 812, 566, 0)
(540, 762, 557, 0)
(540, 823, 560, 0)
(544, 851, 564, 0)
(535, 763, 554, 0)
(551, 784, 571, 0)
(553, 878, 575, 0)
(553, 824, 574, 0)
(549, 808, 570, 0)
(537, 795, 558, 0)
(558, 875, 577, 0)
(549, 917, 571, 0)
(555, 829, 573, 0)
(541, 830, 559, 0)
(559, 839, 583, 0)
(554, 808, 577, 0)
(553, 814, 573, 0)
(543, 860, 558, 0)
(548, 726, 564, 0)
(551, 781, 574, 0)
(546, 770, 565, 0)
(549, 889, 570, 0)
(541, 821, 564, 0)
(540, 762, 560, 0)
(554, 799, 573, 0)
(550, 821, 576, 0)
(542, 962, 562, 0)
(551, 873, 569, 0)
(549, 769, 567, 0)
(560, 901, 582, 0)
(551, 1235, 572, 0)
(736, 1128, 759, 0)
(545, 803, 566, 0)
(539, 733, 558, 0)
(550, 734, 567, 0)
(541, 884, 562, 0)
(544, 814, 565, 0)
(550, 815, 569, 0)
(545, 802, 565, 0)
(540, 769, 561, 0)
(548, 925, 566, 0)
(551, 859, 572, 0)
(543, 924, 563, 0)
(562, 836, 582, 0)
(548, 759, 568, 0)
(549, 893, 571, 0)
(543, 831, 563, 0)
(546, 818, 570, 0)
(542, 730, 560, 0)
(542, 921, 562, 0)
(541, 844, 564, 0)
(539, 773, 557, 0)
(551, 769, 572, 0)
(553, 871, 573, 0)
(549, 852, 570, 0)
(544, 905, 564, 0)
(542, 770, 563, 0)
(555, 828, 579, 0)
(539, 744, 560, 0)
(552, 805, 572, 0)
(539, 885, 559, 0)
(538, 792, 558, 0)
(540, 885, 558, 0)
(572, 803, 597, 0)
(542, 868, 564, 0)
(554, 845, 575, 0)
(554, 806, 575, 0)
(549, 828, 571, 0)
(557, 946, 579, 0)
(547, 819, 565, 0)
(766, 1049, 812, 0)
(540, 777, 560, 0)
(544, 788, 565, 0)
(539, 749, 559, 0)
(544, 755, 566, 0)
(550, 758, 566, 0)
(735, 972, 758, 0)
(763, 1188, 796, 0)
(532, 865, 551, 0)
(733, 986, 757, 0)
(543, 757, 562, 0)
(550, 788, 570, 0)
(541, 813, 562, 0)
(545, 864, 567, 0)
(549, 951, 570, 0)
(544, 823, 565, 0)
(559, 890, 581, 0)
(532, 784, 553, 0)
(540, 871, 561, 0)
(543, 803, 563, 0)
(537, 776, 559, 0)
(760, 1080, 785, 0)
(540, 918, 558, 0)
(548, 866, 568, 0)
(550, 751, 571, 0)
(554, 817, 576, 0)
(547, 899, 568, 0)
(741, 1152, 764, 0)
(548, 887, 572, 0)
(542, 771, 566, 0)
(563, 846, 582, 0)
(555, 813, 576, 0)
(546, 806, 569, 0)
(733, 1020, 756, 0)
(550, 800, 569, 0)
(545, 778, 564, 0)
(562, 793, 584, 0)
(544, 776, 569, 0)
(547, 833, 568, 0)
(540, 861, 559, 0)
(559, 883, 579, 0)
(554, 795, 575, 0)
(566, 775, 583, 0)
(551, 793, 573, 0)
(549, 817, 575, 0)
(554, 898, 576, 0)
(553, 902, 573, 0)
(533, 789, 554, 0)
(543, 760, 564, 0)
(742, 980, 764, 0)
(539, 871, 559, 0)
(549, 837, 569, 0)
(547, 755, 568, 0)
(546, 826, 566, 0)
(545, 829, 565, 0)
(552, 847, 571, 0)
(552, 775, 573, 0)
(548, 776, 567, 0)
(540, 893, 562, 0)
(543, 826, 560, 0)
(548, 859, 569, 0)
(549, 818, 572, 0)
(543, 780, 566, 0)
(547, 959, 568, 0)
(734, 1065, 757, 0)
(565, 775, 588, 0)
(551, 871, 568, 0)
(553, 973, 575, 0)
(551, 807, 569, 0)
(538, 830, 559, 0)
(540, 882, 560, 0)
(542, 886, 566, 0)
(748, 1048, 771, 0)
(542, 764, 562, 0)
(739, 988, 762, 0)
(551, 823, 574, 0)
(539, 766, 559, 0)
(548, 798, 568, 0)
(561, 804, 582, 0)
(538, 857, 559, 0)
(539, 740, 559, 0)
(555, 804, 574, 0)
(550, 810, 572, 0)
(550, 834, 575, 0)
(541, 839, 562, 0)
(553, 792, 580, 0)
(549, 802, 565, 0)
(731, 1028, 757, 0)
(540, 749, 559, 0)
(544, 902, 565, 0)
(762, 1100, 789, 0)
(559, 860, 580, 0)
(539, 829, 558, 0)
(570, 871, 594, 0)
(551, 724, 572, 0)
(543, 821, 562, 0)
(555, 862, 573, 0)
(541, 803, 557, 0)
(553, 815, 573, 0)
(541, 953, 562, 0)
(540, 774, 561, 0)
(540, 757, 560, 0)
(752, 1024, 776, 0)
(545, 898, 563, 0)
(544, 825, 565, 0)
(747, 1030, 777, 0)
(559, 767, 580, 0)
(553, 840, 574, 0)
(536, 805, 557, 0)
(547, 883, 574, 0)
(563, 874, 583, 0)
(734, 983, 757, 0)
(560, 828, 582, 0)
(532, 835, 551, 0)
(540, 787, 559, 0)
(544, 749, 564, 0)
(554, 981, 577, 0)
(548, 894, 574, 0)
(542, 868, 564, 0)
(541, 762, 560, 0)
(554, 811, 574, 0)
(553, 837, 585, 0)
(554, 1010, 573, 0)
(537, 810, 557, 0)
(539, 794, 561, 0)
(550, 854, 570, 0)
(542, 795, 559, 0)
(548, 833, 569, 0)
(536, 733, 557, 0)
(1006, 1322, 1032, 0)
(540, 803, 564, 0)
(553, 835, 571, 0)
(537, 794, 557, 0)
(555, 846, 576, 0)
(556, 837, 578, 0)
(742, 1033, 766, 0)
(553, 725, 569, 0)
(548, 807, 573, 0)
(547, 802, 568, 0)
(546, 792, 566, 0)
(541, 765, 560, 0)
(548, 830, 568, 0)
(549, 881, 566, 0)
(554, 887, 578, 0)
(549, 757, 567, 0)
(555, 801, 574, 0)
(542, 786, 560, 0)
(536, 779, 558, 0)
(549, 776, 570, 0)
(548, 1231, 569, 0)
(534, 860, 554, 0)
(545, 802, 563, 0)
(543, 777, 562, 0)
(555, 818, 576, 0)
(549, 920, 570, 0)
(540, 784, 563, 0)
(532, 814, 553, 0)
(546, 871, 571, 0)
(542, 847, 558, 0)
(534, 799, 556, 0)
(550, 848, 572, 0)
(549, 770, 569, 0)
(555, 803, 577, 0)
(548, 942, 564, 0)
(558, 888, 580, 0)
(545, 851, 566, 0)
(541, 811, 561, 0)
(550, 785, 567, 0)
(557, 799, 578, 0)
(737, 1000, 759, 0)
(540, 895, 562, 0)
(550, 928, 577, 0)
(553, 820, 576, 0)
(555, 897, 576, 0)
(558, 908, 578, 0)
(539, 753, 558, 0)
(556, 812, 576, 0)
(540, 846, 563, 0)
(538, 852, 557, 0)
(554, 840, 576, 0)
(557, 798, 577, 0)
(542, 807, 561, 0)
(550, 798, 566, 0)
(541, 851, 561, 0)
(749, 1061, 778, 0)
(561, 799, 579, 0)
(553, 801, 575, 0)
(549, 851, 571, 0)
(544, 1187, 564, 0)
(560, 886, 583, 0)
(540, 902, 561, 0)
(564, 903, 583, 0)
(550, 767, 565, 0)
(540, 820, 557, 0)
(541, 790, 558, 0)
(542, 824, 563, 0)
(545, 762, 565, 0)
(541, 829, 562, 0)
(559, 891, 581, 0)
(557, 970, 579, 0)
(549, 838, 568, 0)
(553, 898, 572, 0)
(552, 1156, 607, 0)
(545, 775, 564, 0)
(557, 811, 579, 0)
(548, 823, 569, 0)
(537, 828, 558, 0)
(549, 807, 569, 0)
(550, 822, 576, 0)
(548, 1016, 568, 0)
(536, 781, 556, 0)
(546, 737, 562, 0)
(543, 778, 561, 0)
(562, 873, 585, 0)
(553, 791, 573, 0)
(557, 836, 575, 0)
(532, 808, 550, 0)
(538, 800, 558, 0)
(532, 727, 554, 0)
(544, 892, 564, 0)
(542, 806, 560, 0)
(547, 816, 568, 0)
(549, 795, 569, 0)
(542, 936, 563, 0)
(538, 794, 559, 0)
(545, 775, 567, 0)
(540, 870, 560, 0)
(546, 922, 569, 0)
(548, 808, 569, 0)
(553, 752, 576, 0)
(543, 741, 565, 0)
(546, 818, 567, 0)
(549, 862, 569, 0)
(541, 794, 560, 0)
(558, 791, 582, 0)
(754, 1182, 779, 0)
(547, 886, 568, 0)
(546, 757, 562, 0)
(761, 1094, 789, 0)
(546, 831, 571, 0)
(539, 815, 558, 0)
(539, 850, 557, 0)
(555, 813, 575, 0)
(549, 786, 570, 0)
(566, 802, 584, 0)
(560, 917, 583, 0)
(538, 803, 560, 0)
(540, 943, 562, 0)
(541, 740, 559, 0)
(545, 805, 565, 0)
(541, 929, 559, 0)
(552, 784, 571, 0)
(558, 944, 582, 0)
(553, 828, 577, 0)
(546, 808, 562, 0)
(577, 828, 601, 0)
(550, 886, 576, 0)
(540, 785, 557, 0)
(550, 832, 572, 0)
(544, 732, 563, 0)
(540, 825, 559, 0)
(549, 812, 569, 0)
(539, 825, 560, 0)
(551, 850, 571, 0)
(541, 851, 562, 0)
(548, 815, 572, 0)
(546, 917, 565, 0)
(547, 710, 563, 0)
(550, 825, 573, 0)
(548, 755, 566, 0)
(558, 938, 583, 0)
(551, 1235, 571, 0)
(543, 796, 564, 0)
(549, 849, 569, 0)
(549, 809, 568, 0)
(567, 800, 585, 0)
(547, 848, 568, 0)
(542, 854, 562, 0)
(542, 812, 561, 0)
(549, 768, 569, 0)
(560, 801, 580, 0)
(544, 850, 563, 0)
(544, 815, 560, 0)
(543, 798, 564, 0)
(547, 808, 573, 0)
(547, 783, 569, 0)
(537, 840, 557, 0)
(540, 803, 562, 0)
(541, 794, 562, 0)
(549, 794, 568, 0)
(547, 801, 566, 0)
(542, 808, 562, 0)
(552, 778, 571, 0)
(540, 768, 560, 0)
(540, 914, 565, 0)
(546, 944, 565, 0)
(543, 821, 567, 0)
(529, 777, 550, 0)
(547, 792, 569, 0)
(538, 821, 561, 0)
(557, 860, 577, 0)
(552, 911, 582, 0)
(550, 802, 570, 0)
(552, 807, 572, 0)
(550, 777, 574, 0)
(558, 909, 583, 0)
(561, 856, 585, 0)
(547, 761, 567, 0)
(546, 788, 568, 0)
(542, 881, 559, 0)
(551, 817, 571, 0)
(537, 785, 559, 0)
(547, 1267, 573, 0)
(552, 842, 574, 0)
(540, 756, 559, 0)
(554, 874, 576, 0)
(545, 863, 564, 0)
(561, 926, 584, 0)
(538, 796, 559, 0)
(549, 851, 571, 0)
(551, 798, 571, 0)
(546, 831, 566, 0)
(547, 794, 569, 0)
(530, 778, 547, 0)
(551, 875, 573, 0)
(540, 785, 561, 0)
(547, 843, 571, 0)
(544, 804, 564, 0)
(539, 901, 560, 0)
(550, 902, 571, 0)
(547, 824, 566, 0)
(564, 860, 591, 0)
(549, 837, 575, 0)
(541, 787, 564, 0)
(550, 825, 569, 0)
(556, 861, 577, 0)
(553, 837, 575, 0)
(543, 860, 562, 0)
(538, 798, 559, 0)
(546, 765, 563, 0)
(546, 790, 567, 0)
(541, 890, 558, 0)
(539, 924, 560, 0)
(542, 739, 560, 0)
(547, 766, 566, 0)
(539, 765, 561, 0)
(556, 812, 574, 0)
(561, 901, 587, 0)
(549, 787, 568, 0)
(549, 812, 569, 0)
(561, 835, 582, 0)
(550, 805, 571, 0)
(558, 827, 579, 0)
(533, 852, 556, 0)
(547, 788, 569, 0)
(551, 862, 573, 0)
(545, 837, 568, 0)
(547, 760, 566, 0)
(559, 844, 582, 0)
(550, 904, 570, 0)
(550, 825, 571, 0)
(537, 856, 558, 0)
(558, 838, 579, 0)
(738, 1044, 760, 0)
(755, 1044, 781, 0)
(548, 881, 567, 0)
(549, 803, 568, 0)
(553, 809, 575, 0)
(549, 825, 566, 0)
(544, 880, 563, 0)
(535, 816, 556, 0)
(542, 780, 563, 0)
(543, 807, 564, 0)
(538, 874, 561, 0)
(554, 983, 572, 0)
(549, 717, 563, 0)
(750, 1057, 775, 0)
(549, 848, 575, 0)
(537, 868, 558, 0)
(539, 771, 559, 0)
(545, 847, 568, 0)
(558, 853, 582, 0)
(539, 772, 558, 0)
(545, 822, 566, 0)
(560, 807, 580, 0)
(542, 912, 561, 0)
(563, 858, 586, 0)
(736, 1172, 759, 0)
(549, 887, 569, 0)
(545, 839, 567, 0)
(549, 926, 570, 0)
(539, 817, 561, 0)
(531, 750, 553, 0)
(545, 776, 564, 0)
(542, 838, 562, 0)
(564, 896, 583, 0)
(540, 734, 559, 0)
(549, 705, 565, 0)
(546, 876, 568, 0)
(547, 933, 567, 0)
(531, 754, 554, 0)
(548, 873, 568, 0)
(543, 820, 564, 0)
(550, 780, 569, 0)
(535, 883, 557, 0)
(546, 885, 565, 0)
(550, 851, 575, 0)
(544, 733, 562, 0)
(553, 882, 582, 0)
(544, 925, 566, 0)
(552, 837, 570, 0)
(551, 824, 573, 0)
(550, 791, 568, 0)
(559, 787, 579, 0)
(552, 841, 576, 0)
(547, 801, 563, 0)
(543, 718, 559, 0)
(540, 773, 565, 0)
(547, 817, 567, 0)
(550, 827, 570, 0)
(541, 818, 559, 0)
(741, 1051, 766, 0)
(732, 1024, 757, 0)
(545, 850, 567, 0)
(766, 989, 805, 0)
(541, 792, 562, 0)
(547, 868, 567, 0)
(552, 873, 573, 0)
(545, 795, 563, 0)
(544, 850, 566, 0)
(546, 746, 568, 0)
(539, 767, 560, 0)
(547, 795, 562, 0)
(552, 808, 568, 0)
(559, 824, 582, 0)
(540, 771, 559, 0)
(543, 840, 561, 0)
(548, 868, 567, 0)
(540, 761, 559, 0)
(549, 744, 569, 0)
(546, 872, 565, 0)
(542, 836, 560, 0)
(551, 832, 570, 0)
(544, 812, 567, 0)
(550, 825, 569, 0)
(545, 862, 564, 0)
(544, 848, 565, 0)
(546, 772, 565, 0)
(539, 847, 555, 0)
(548, 797, 569, 0)
(550, 798, 570, 0)
(553, 839, 574, 0)
(547, 907, 568, 0)
(549, 883, 570, 0)
(553, 807, 575, 0)
(542, 796, 560, 0)
(560, 868, 583, 0)
(549, 881, 569, 0)
(553, 783, 578, 0)
(546, 714, 562, 0)
(541, 809, 561, 0)
(551, 922, 579, 0)
(537, 855, 558, 0)
(551, 806, 574, 0)
(545, 805, 565, 0)
(551, 835, 572, 0)
(751, 1366, 778, 0)
(545, 772, 564, 0)
(545, 855, 566, 0)
(546, 761, 562, 0)
