(5828, 8278, 5879, 18939)
(3970, 5517, 4033, 12678)
(3992, 5731, 4058, 12782)
(4006, 5673, 4052, 12850)
(4044, 5654, 4099, 12930)
(4051, 5943, 4103, 12816)
(3978, 5695, 4040, 12688)
(5846, 7792, 5884, 18911)
(4006, 5876, 4067, 12723)
(4012, 5625, 4065, 12819)
(5909, 8400, 5948, 19149)
(4055, 7439, 4158, 12853)
(3978, 5894, 4042, 12604)
(4033, 6863, 4089, 12791)
(4036, 5963, 4093, 12708)
(4000, 5906, 4066, 12783)
(4014, 5891, 4092, 12702)
(3956, 6100, 4023, 12588)
(4026, 5646, 4086, 12706)
(3994, 5823, 4060, 12615)
(4024, 5905, 4073, 12711)
(4020, 5730, 4067, 12745)
(3985, 5917, 4044, 12688)
(3965, 5194, 4029, 12698)
(4038, 5396, 4089, 12751)
(4024, 5269, 4071, 12854)
(3988, 5197, 4050, 12691)
(4041, 5435, 4100, 12793)
(4007, 5619, 4056, 12905)
(4014, 5250, 4062, 12809)
(3971, 5636, 4038, 12657)
(4037, 5414, 4082, 12815)
(4029, 5591, 4080, 12886)
(5879, 8509, 5919, 19065)
(4042, 5648, 4099, 12767)
(4010, 5787, 4058, 12901)
(3953, 5534, 4021, 12738)
(4068, 5555, 4133, 12853)
(4034, 5785, 4094, 12801)
(3973, 6060, 4041, 12729)
(4117, 6145, 4162, 12768)
(3941, 5898, 4008, 12803)
(4009, 6079, 4057, 12864)
(3987, 5806, 4051, 12648)
(3982, 6366, 4051, 12611)
(4002, 6412, 4062, 12717)
(4008, 5907, 4064, 12721)
(4078, 6048, 4138, 12876)
(4238, 7337, 4463, 12682)
(3959, 5860, 4022, 12646)
(5805, 7794, 5842, 18878)
(4023, 5839, 4076, 12660)
(4016, 6293, 4083, 12770)
(3972, 5970, 4045, 12665)
(3965, 6152, 4033, 12637)
(3989, 5788, 4053, 12806)
(3999, 6240, 4071, 12700)
(3984, 6195, 4050, 12559)
(4062, 6437, 4114, 12895)
(4001, 5515, 4064, 12757)
(3989, 5710, 4053, 12683)
(3967, 5903, 4028, 12755)
(5844, 8825, 5887, 19000)
(4004, 5725, 4064, 12719)
(3960, 5277, 4024, 12694)
(4022, 5664, 4071, 12739)
(4030, 6128, 4087, 12747)
(5840, 8278, 5877, 18869)
(4018, 6025, 4067, 12813)
(5827, 8847, 5867, 18962)
(3998, 5945, 4059, 12702)
(5843, 8865, 5881, 18988)
(4029, 6334, 4090, 12830)
(4018, 5756, 4090, 12693)
(3983, 5779, 4045, 12702)
(3919, 5561, 3983, 12625)
(3990, 6123, 4063, 12563)
(4003, 5866, 4055, 12700)
(3998, 5709, 4062, 12647)
(3965, 7012, 4027, 12695)
(4021, 6372, 4085, 12686)
(4057, 6183, 4119, 12765)
(5806, 7993, 5844, 18947)
(3958, 6064, 4023, 12685)
(5844, 9010, 5884, 19166)
(4013, 5799, 4062, 12805)
(5802, 9325, 5846, 18920)
(4015, 6743, 4065, 12855)
(4011, 5964, 4079, 12647)
(5827, 7911, 5870, 18985)
(3973, 5491, 4038, 12569)
(5770, 8488, 5810, 18965)
(3985, 5804, 4053, 12714)
(4047, 5626, 4097, 12700)
(3946, 5651, 4008, 12728)
(5869, 8204, 5910, 19121)
(4034, 7471, 4145, 12619)
(3965, 6871, 4028, 12660)
(4069, 5775, 4123, 12792)
(3998, 6165, 4068, 12837)
(3986, 5600, 4051, 12703)
(4062, 5824, 4120, 12883)
(5760, 7831, 5798, 18829)
(4001, 6095, 4067, 12716)
(4003, 6457, 4069, 12871)
(3970, 5911, 4058, 12719)
(4041, 6440, 4149, 12657)
(4014, 5666, 4082, 12720)
(4191, 6469, 4318, 12667)
(5800, 7833, 5847, 19047)
(4027, 5879, 4088, 12738)
(3978, 6541, 4040, 12652)
(4016, 6144, 4070, 12726)
(3972, 5496, 4034, 12706)
(3970, 6119, 4033, 12645)
(3983, 6621, 4058, 12652)
(4008, 5579, 4066, 12682)
(4051, 5793, 4106, 12825)
(5806, 8179, 5853, 18970)
(3947, 5786, 4014, 12594)
(5843, 8545, 5884, 18913)
(3951, 6495, 4047, 12714)
(4225, 6541, 4328, 12844)
(3976, 5494, 4040, 12693)
(3984, 5560, 4053, 12686)
(3983, 5639, 4045, 12822)
(4026, 6065, 4112, 12911)
(4024, 5652, 4082, 12710)
(4021, 6499, 4127, 12671)
(4020, 5684, 4080, 12691)
(4022, 6638, 4067, 12718)
(4004, 6662, 4069, 12654)
(4034, 6216, 4099, 12616)
(4023, 6437, 4095, 12782)
(4047, 5586, 4100, 12897)
(3945, 5804, 4011, 12632)
(4044, 5538, 4095, 12841)
(3993, 5767, 4059, 12788)
(4003, 5943, 4068, 12598)
(4021, 6445, 4087, 12832)
(4025, 5696, 4090, 12835)
(4035, 6108, 4103, 12755)
(4023, 6652, 4151, 12780)
(4048, 6134, 4133, 12680)
(3978, 5366, 4033, 12728)
(3985, 5509, 4051, 12822)
(3985, 5212, 4033, 12844)
(4052, 6322, 4121, 12852)
(4032, 5662, 4085, 12696)
(4022, 6182, 4088, 12730)
(3998, 5643, 4059, 12672)
(5811, 7830, 5853, 18973)
(3979, 5917, 4043, 12716)
(5854, 8572, 5893, 19045)
(3954, 5566, 4018, 12638)
(3999, 5483, 4063, 12677)
(3996, 5586, 4057, 12744)
(3954, 5318, 4018, 12785)
(4036, 6584, 4099, 12886)
(5870, 7717, 5915, 19005)
(4077, 5564, 4128, 12863)
(4002, 5631, 4069, 12789)
(3946, 5389, 4010, 12738)
(4250, 6313, 4390, 12775)
(4013, 5691, 4072, 12643)
(3983, 5416, 4032, 12710)
(4016, 6695, 4072, 12927)
(4016, 5667, 4079, 12759)
(4037, 5878, 4089, 12784)
(5804, 9233, 5846, 18971)
(4010, 5417, 4066, 12761)
(3994, 5495, 4059, 12793)
(4027, 5598, 4075, 12897)
(3992, 5923, 4053, 12723)
(3988, 5362, 4053, 12726)
(4006, 5790, 4069, 12684)
(4021, 5887, 4069, 12773)
(4054, 5723, 4106, 12939)
(3952, 5721, 4014, 12711)
(3969, 5211, 4030, 12638)
(3965, 5513, 4027, 12716)
(4021, 5586, 4085, 12808)
(3979, 5494, 4044, 12769)
(3977, 5852, 4053, 12700)
(3966, 5532, 4031, 12671)
(3963, 5767, 4025, 12734)
(3982, 5734, 4047, 12770)
(3962, 5347, 4025, 12725)
(3950, 5473, 4013, 12582)
(3950, 5821, 4012, 12623)
(3991, 5477, 4051, 12728)
(5807, 8077, 5846, 19063)
(4024, 5766, 4076, 12912)
(4006, 5691, 4071, 12733)
(3991, 6357, 4058, 12699)
(4015, 7158, 4075, 12638)
(5870, 10175, 5990, 18987)
(5788, 9583, 5831, 18870)
(4007, 5428, 4071, 12631)
(4001, 5399, 4048, 12837)
(3966, 5704, 4027, 12719)
(4069, 5639, 4117, 12882)
(3988, 5489, 4051, 12572)
(3951, 5835, 4015, 12642)
(5839, 8059, 5882, 18939)
(4010, 5550, 4074, 12752)
(3989, 5547, 4051, 12821)
(3967, 5578, 4024, 12680)
(4026, 5993, 4089, 12719)
(3973, 5459, 4031, 12665)
(3969, 5371, 4033, 12661)
(3990, 5301, 4046, 12813)
(3975, 5606, 4040, 12766)
(4029, 5877, 4094, 12752)
(4014, 5509, 4084, 12634)
(4013, 5546, 4067, 12855)
(4067, 5628, 4123, 12791)
(3947, 5972, 4008, 12582)
(4006, 5433, 4070, 12686)
(3991, 5423, 4060, 12691)
(3974, 5667, 4044, 12633)
(4005, 5525, 4068, 12725)
(3972, 5538, 4038, 12783)
(3995, 5516, 4062, 12824)
(4107, 5536, 4157, 12866)
(3968, 5411, 4031, 12678)
(3967, 5231, 4031, 12704)
(3975, 5593, 4040, 12727)
(3999, 5556, 4061, 12759)
(4022, 5503, 4075, 12758)
(3985, 5539, 4054, 12725)
(4060, 5658, 4115, 12891)
(3973, 5697, 4039, 12558)
(4028, 5488, 4090, 12773)
(3986, 5437, 4044, 12786)
(4081, 6444, 4147, 12786)
(4012, 6183, 4059, 12790)
(3994, 5509, 4057, 12759)
(4067, 5459, 4121, 12841)
(3989, 5544, 4053, 12806)
(4021, 5554, 4086, 12789)
(3976, 5583, 4041, 12671)
(4028, 5712, 4089, 12646)
(3980, 5589, 4052, 12706)
(3965, 5837, 4033, 12723)
(4022, 5525, 4076, 12789)
(4059, 6521, 4112, 12792)
(4182, 5985, 4258, 12755)
(4070, 5370, 4128, 12876)
(4032, 5535, 4100, 12803)
(4042, 5719, 4097, 12918)
(4018, 5578, 4068, 12788)
(3992, 5431, 4052, 12633)
(4022, 5352, 4085, 12835)
(3998, 6471, 4060, 12682)
(5856, 8063, 5896, 18932)
(4000, 5624, 4067, 12859)
(3954, 5435, 4016, 12831)
(4041, 5651, 4100, 12660)
(4014, 5899, 4065, 12626)
(3979, 5353, 4043, 12760)
(4010, 5683, 4071, 12756)
(4014, 5344, 4078, 12841)
(4059, 5578, 4112, 12935)
(3995, 5559, 4060, 12704)
(3976, 5635, 4039, 12574)
(3971, 5826, 4037, 12786)
(4035, 5535, 4089, 12794)
(4009, 5462, 4071, 12813)
(5902, 8018, 5945, 19156)
(3995, 5190, 4059, 12862)
(3914, 5343, 3977, 12655)
(4001, 5530, 4065, 12766)
(3970, 5466, 4036, 12714)
(5854, 7690, 5900, 19028)
(4014, 5588, 4064, 12831)
(4005, 5519, 4058, 12825)
(3960, 5468, 4023, 12754)
(5831, 8617, 5869, 19080)
(3997, 5680, 4061, 12861)
(5779, 7964, 5818, 18845)
(3975, 5404, 4029, 12767)
(4021, 5512, 4069, 12806)
(3967, 5796, 4031, 12758)
(4010, 5520, 4059, 12889)
(4012, 5468, 4064, 12794)
(4042, 6658, 4108, 12797)
(4039, 5531, 4109, 12758)
(4031, 6312, 4092, 12839)
(3955, 5548, 4023, 12590)
(3953, 5289, 4016, 12701)
(3988, 5523, 4052, 12655)
(3973, 5603, 4036, 12831)
(3967, 5389, 4037, 12636)
(3936, 5532, 4005, 12525)
(4031, 5730, 4095, 12650)
(5808, 7690, 5853, 18931)
(4019, 6358, 4084, 12780)
(4072, 5560, 4127, 12940)
(4044, 5490, 4093, 12854)
(4036, 5401, 4091, 12810)
(3971, 5232, 4033, 12604)
(3995, 5366, 4062, 12829)
(3992, 5101, 4040, 12783)
(3963, 5467, 4026, 12618)
(3993, 5603, 4059, 12630)
(4013, 5850, 4084, 12723)
(3981, 5741, 4047, 12700)
(3993, 6145, 4055, 12776)
(4029, 6630, 4088, 12766)
(3992, 5897, 4055, 12681)
(5776, 9150, 5816, 18941)
(4042, 5738, 4095, 12716)
(4000, 5597, 4048, 12685)
(3987, 5696, 4055, 12775)
(4009, 5428, 4057, 12826)
(3962, 5494, 4026, 12694)
(3989, 5681, 4059, 12641)
(4136, 6274, 4262, 12752)
(3999, 5893, 4064, 12669)
(5833, 7902, 5876, 19067)
(4031, 5783, 4094, 12708)
(3979, 5954, 4035, 12722)
(4080, 6053, 4135, 12857)
(4003, 6091, 4064, 12746)
(3974, 5882, 4038, 12639)
(5813, 8091, 5855, 18816)
(3969, 5611, 4031, 12687)
(5921, 7892, 5983, 19117)
(4015, 5391, 4076, 12751)
(4085, 5935, 4142, 12773)
(4014, 5722, 4083, 12584)
(3969, 5298, 4032, 12692)
(3968, 5601, 4030, 12754)
(4008, 5617, 4071, 12819)
(4027, 5348, 4077, 12817)
(3980, 5605, 4043, 12640)
(4003, 5524, 4067, 12741)
(4042, 5653, 4098, 12767)
(4039, 5771, 4089, 12905)
(3987, 5442, 4051, 12663)
(3997, 5482, 4065, 12795)
(3942, 6323, 4004, 12616)
(3980, 5343, 4050, 12708)
(3984, 5483, 4045, 12803)
(4016, 5515, 4083, 12837)
(3956, 5480, 4024, 12714)
(4041, 5378, 4087, 12831)
(4016, 5554, 4084, 12635)
(4004, 5722, 4051, 12675)
(3948, 5283, 4012, 12658)
(3970, 5355, 4037, 12771)
(5856, 8600, 5894, 19050)
(5829, 7548, 5876, 18940)
(3977, 5349, 4043, 12734)
(5838, 7771, 5877, 19092)
(4048, 5447, 4103, 12837)
(3964, 5653, 4032, 12678)
(4007, 5712, 4058, 12787)
(4027, 5634, 4093, 12796)
(7984, 10904, 8038, 26103)
(4027, 5605, 4090, 12791)
(3983, 5354, 4050, 12657)
(3978, 5439, 4041, 12698)
(3982, 5735, 4030, 12808)
(5892, 7880, 5939, 19129)
(5793, 7754, 5833, 18927)
(3990, 5482, 4056, 12711)
(3988, 5667, 4050, 12695)
(4023, 5365, 4080, 12751)
(4009, 5467, 4079, 12710)
(3982, 5347, 4047, 12663)
(4004, 5403, 4064, 12687)
(5805, 7344, 5844, 19098)
(4004, 5093, 4052, 12720)
(5850, 7567, 5886, 19095)
(3964, 5692, 4029, 12737)
(4017, 5393, 4074, 12713)
(4012, 5439, 4065, 12635)
(4014, 5413, 4066, 12740)
(4035, 5468, 4098, 12854)
(4013, 5660, 4071, 12656)
(3980, 5997, 4044, 12818)
(3950, 6221, 4015, 12733)
(3965, 6008, 4027, 12633)
(3954, 6002, 4020, 12659)
(3949, 5461, 4017, 12750)
(4067, 5250, 4122, 12905)
(3989, 5351, 4056, 12768)
(4045, 5375, 4102, 12634)
(4044, 5511, 4097, 12797)
(3997, 6414, 4064, 12646)
(4002, 5800, 4064, 12614)
(3996, 5513, 4068, 12678)
(5830, 8349, 5870, 18906)
(3999, 5740, 4060, 12791)
(3965, 5731, 4030, 12556)
(4002, 5500, 4068, 12798)
(3946, 5680, 4011, 12693)
(5826, 7874, 5866, 18897)
(3965, 5405, 4028, 12619)
(4044, 5850, 4104, 12744)
(3992, 5367, 4062, 12826)
(4005, 5510, 4068, 12652)
(4033, 6678, 4088, 12712)
(4017, 5710, 4081, 12699)
(3937, 5208, 4008, 12639)
(4054, 5847, 4113, 12739)
(5860, 7541, 5902, 19153)
(4003, 5197, 4049, 12886)
(4007, 5252, 4071, 12796)
(3940, 5135, 4002, 12648)
(3996, 5479, 4059, 12840)
(3977, 5439, 4043, 12829)
(5810, 7550, 5850, 18902)
(3975, 5823, 4038, 12696)
(3977, 5367, 4045, 12757)
(3958, 5295, 4021, 12686)
(3956, 5779, 4021, 12666)
(3993, 5362, 4056, 12866)
(4021, 5164, 4080, 12681)
(3975, 5451, 4042, 12710)
(4000, 5313, 4056, 12772)
(3983, 5456, 4045, 12832)
(4008, 5211, 4075, 12761)
(3991, 5850, 4053, 12794)
(4024, 5213, 4079, 12842)
(4010, 5086, 4074, 12823)
(3935, 5249, 3997, 12661)
(4117, 5494, 4170, 12954)
(4016, 5514, 4081, 12815)
(4016, 5376, 4086, 12751)
(4087, 5481, 4141, 12820)
(4031, 5145, 4084, 12889)
(3965, 5309, 4028, 12786)
(3983, 5390, 4045, 12729)
(3970, 5451, 4032, 12789)
(3980, 5473, 4047, 12746)
(4026, 5664, 4074, 12745)
(4010, 5796, 4062, 12706)
(5802, 8194, 5845, 18899)
(3978, 5602, 4042, 12661)
(5788, 8003, 5833, 18938)
(4033, 5558, 4087, 12866)
(5827, 7838, 5867, 19061)
(5787, 7736, 5827, 19047)
(5787, 7989, 5835, 18907)
(4095, 6023, 4201, 12800)
(4034, 5567, 4090, 12803)
(3970, 5746, 4032, 12635)
(3979, 5636, 4039, 12760)
(4334, 6438, 4492, 12781)
(4007, 5791, 4073, 12631)
(3956, 5514, 4019, 12826)
(3967, 5798, 4028, 12680)
(5851, 8296, 5901, 18979)
(3971, 5459, 4032, 12739)
(4009, 5602, 4057, 12826)
(4004, 5993, 4067, 12790)
(4139, 5978, 4255, 12675)
(5829, 7873, 5866, 18996)
(3981, 5610, 4049, 12779)
(4042, 5543, 4103, 12764)
(3953, 5552, 4016, 12670)
(4033, 5734, 4099, 12713)
(3969, 5435, 4033, 12560)
(3993, 6319, 4057, 12716)
(4036, 5753, 4085, 12827)
(3974, 5932, 4039, 12732)
(3960, 5297, 4018, 12665)
(5848, 7813, 5888, 19075)
(4038, 5533, 4108, 12836)
(5831, 7735, 5868, 18861)
(5798, 7669, 5838, 18951)
(3976, 5303, 4036, 12772)
(5781, 8116, 5825, 18966)
(4082, 5718, 4132, 12830)
(3979, 5396, 4038, 12793)
(3980, 5545, 4046, 12761)
(3982, 5508, 4036, 12724)
(4035, 5540, 4091, 12682)
(3970, 5817, 4034, 12687)
(3976, 5607, 4040, 12728)
(3990, 5405, 4051, 12711)
(3995, 5654, 4061, 12559)
(3976, 6818, 4045, 12735)
(4014, 5331, 4077, 12704)
(4005, 5667, 4069, 12632)
(3996, 5866, 4064, 12772)
(4005, 5443, 4053, 12831)
(3970, 5494, 4036, 12690)
(3971, 5309, 4034, 12839)
(3967, 5476, 4033, 12695)
(3976, 5983, 4044, 12649)
(5947, 8561, 6052, 19009)
(4032, 5657, 4097, 12722)
(4026, 5813, 4085, 12752)
(4026, 6337, 4085, 12785)
(3981, 5571, 4048, 12660)
(4004, 5547, 4055, 12717)
(3985, 5538, 4047, 12740)
(3991, 5466, 4053, 12708)
(4031, 5553, 4089, 12714)
(3969, 5503, 4032, 12609)
(4028, 5620, 4078, 12782)
(3995, 5288, 4060, 12799)
(4017, 5153, 4081, 12767)
(5810, 7688, 5850, 19004)
(4004, 5223, 4055, 12822)
(4034, 5370, 4091, 12836)
(4039, 5646, 4085, 12850)
(4099, 6255, 4234, 12687)
(4025, 5524, 4093, 12729)
(5820, 7842, 5863, 18949)
(4024, 5529, 4071, 12843)
(5848, 8815, 5886, 19143)
(3991, 5191, 4040, 12877)
(5788, 7396, 5828, 18973)
(3984, 5598, 4049, 12629)
(5821, 7499, 5860, 18951)
(3929, 5258, 3992, 12612)
(4002, 5518, 4067, 12777)
(3957, 5246, 4022, 12639)
(3952, 5583, 4015, 12576)
(3961, 5596, 4025, 12701)
(4021, 5277, 4074, 12800)
(3999, 5459, 4066, 12791)
(3981, 5838, 4045, 12781)
(3989, 6333, 4053, 12858)
(5834, 7538, 5876, 19013)
(4011, 5297, 4079, 12696)
(3984, 5252, 4052, 12806)
(3998, 6031, 4062, 12672)
(4023, 5575, 4073, 12752)
(4013, 5431, 4077, 12741)
(4024, 5708, 4084, 12841)
(3939, 5188, 4001, 12790)
(5780, 7527, 5826, 18917)
(4028, 5238, 4085, 12767)
(4000, 5319, 4059, 12756)
(4003, 5268, 4066, 12792)
(3970, 5124, 4032, 12629)
(4043, 5411, 4100, 12813)
(3989, 5371, 4053, 12616)
(3974, 5179, 4035, 12716)
(4058, 5651, 4120, 12846)
(3990, 5406, 4062, 12677)
(3960, 5370, 4026, 12663)
(4051, 7224, 4107, 12840)
(4003, 5684, 4072, 12667)
(3962, 5215, 4026, 12768)
(4010, 5411, 4072, 12667)
(4008, 5455, 4076, 12602)
(4020, 5492, 4086, 12681)
(4042, 6151, 4098, 12821)
(5856, 7448, 5895, 19135)
(5820, 7290, 5860, 18973)
(4011, 5904, 4075, 12729)
(4006, 5642, 4053, 12814)
(4038, 5574, 4083, 12899)
(5892, 7884, 5949, 18906)
(3989, 5382, 4039, 12742)
(4027, 5576, 4076, 12811)
(3955, 4994, 4018, 12875)
(4025, 5480, 4073, 12782)
(4044, 5316, 4096, 12918)
(3987, 5244, 4050, 12748)
(4000, 5539, 4064, 12662)
(3967, 5038, 4030, 12815)
(4007, 5593, 4061, 12746)
(3965, 5733, 4029, 12615)
(4070, 5386, 4122, 12928)
(3969, 5349, 4029, 12777)
(3970, 5348, 4032, 12714)
(3996, 5365, 4058, 12714)
(4009, 5154, 4074, 12761)
(4041, 5488, 4095, 12910)
(3983, 5418, 4048, 12723)
(5867, 7611, 5917, 18931)
(4014, 5479, 4064, 12912)
(5938, 7589, 5987, 18960)
(3991, 5517, 4054, 12689)
(4027, 5721, 4082, 12712)
(3965, 5253, 4030, 12756)
(5750, 7501, 5792, 18803)
(3973, 5192, 4037, 12749)
(3982, 5172, 4049, 12740)
(3994, 6359, 4060, 12647)
(4013, 5657, 4064, 12860)
(3973, 5292, 4038, 12736)
(3985, 5228, 4032, 12946)
(3986, 5523, 4055, 12809)
(4011, 5873, 4077, 12637)
(4067, 5460, 4120, 12842)
(4053, 5628, 4104, 12820)
(4027, 5256, 4081, 12781)
(4006, 5183, 4062, 12778)
(4037, 5460, 4089, 12616)
(3961, 5002, 4019, 12643)
(5853, 7451, 5895, 19038)
(3958, 5133, 4021, 12700)
(3991, 5209, 4057, 12691)
(3993, 5193, 4055, 12722)
(4018, 5208, 4082, 12747)
(3951, 5146, 4013, 12769)
(3995, 5513, 4043, 12698)
(4020, 5501, 4085, 12785)
(3988, 5269, 4057, 12655)
(3982, 5508, 4030, 12798)
(4026, 5099, 4087, 12804)
(3996, 5195, 4054, 12852)
(4015, 5449, 4077, 12742)
(4015, 5171, 4073, 12624)
(4016, 5503, 4082, 12781)
(3987, 6071, 4049, 12684)
(4017, 5315, 4083, 12664)
(3990, 5326, 4056, 12604)
(4050, 5478, 4105, 12690)
(3986, 6101, 4047, 12650)
(3952, 5211, 4018, 12720)
(4020, 5471, 4072, 12833)
(4023, 5351, 4079, 12662)
(3995, 5527, 4058, 12722)
(4029, 5443, 4092, 12874)
(4017, 5446, 4066, 12869)
(4027, 6355, 4090, 12835)
(3953, 5113, 4021, 12641)
(5825, 7726, 5869, 19031)
(4018, 5497, 4072, 12733)
(3952, 5239, 4013, 12692)
(5901, 7567, 5945, 19029)
(3987, 5373, 4050, 12788)
(4012, 5207, 4060, 12833)
(5888, 7598, 5947, 18957)
(3958, 5293, 4022, 12779)
(3986, 5204, 4049, 12737)
(4013, 5279, 4060, 12860)
(4042, 5260, 4095, 12808)
(4016, 5329, 4064, 12876)
(4029, 5444, 4086, 12746)
(3991, 5638, 4057, 12653)
(4118, 5751, 4173, 13031)
(4028, 5427, 4094, 12701)
(3985, 5169, 4041, 12778)
(4034, 5424, 4087, 12861)
(4060, 5507, 4118, 12840)
(4068, 5461, 4122, 12880)
(4004, 5449, 4055, 12760)
(3994, 5208, 4044, 12746)
(3984, 5271, 4031, 12762)
(4026, 5606, 4084, 12816)
(4041, 5486, 4099, 12912)
(4005, 5327, 4052, 12837)
(4030, 5402, 4093, 12747)
(3981, 5326, 4045, 12764)
(3998, 5948, 4061, 12736)
(3981, 5461, 4044, 12703)
(4036, 6319, 4104, 12682)
(3993, 5717, 4040, 12808)
(4025, 5613, 4072, 12720)
(4003, 5273, 4071, 12748)
(3971, 5232, 4032, 12657)
(3955, 5443, 4022, 12773)
(4034, 5357, 4091, 12802)
(3974, 5291, 4039, 12767)
(4012, 5319, 4078, 12704)
(4043, 5449, 4095, 12961)
(3973, 5475, 4041, 12595)
(3978, 5357, 4041, 12725)
(3999, 5166, 4057, 12625)
(4051, 5551, 4110, 12858)
(4028, 5620, 4082, 12828)
(4030, 5317, 4090, 12705)
(4023, 5432, 4079, 12751)
(3958, 5564, 4024, 12664)
(5828, 7823, 5872, 18997)
(4031, 6148, 4079, 12843)
(8045, 11887, 8110, 26347)
(7981, 10669, 8039, 26234)
(4019, 5465, 4078, 12720)
(3988, 6456, 4052, 12708)
(4000, 5512, 4079, 12710)
(5800, 7633, 5842, 18991)
(3975, 6339, 4041, 12739)
(4032, 5427, 4083, 12920)
(3994, 5241, 4055, 12678)
(4012, 5561, 4064, 12718)
(3976, 5053, 4039, 12723)
(4012, 5346, 4077, 12793)
(4053, 5238, 4101, 12841)
(3992, 5109, 4054, 12832)
(3999, 5188, 4055, 12758)
(5795, 7455, 5833, 18899)
(5821, 7298, 5868, 19039)
(4000, 5864, 4059, 12778)
(4002, 5392, 4066, 12795)
(4015, 5418, 4064, 12801)
(3991, 5388, 4053, 12783)
(4005, 5293, 4071, 12806)
(4031, 5341, 4081, 12816)
(4040, 5270, 4093, 12884)
(4023, 5397, 4074, 12757)
(3991, 5239, 4045, 12746)
(3955, 5407, 4018, 12687)
(3968, 5344, 4039, 12771)
(3999, 5295, 4061, 12782)
(4047, 5355, 4107, 12881)
(3974, 5227, 4038, 12777)
(3987, 5845, 4053, 12733)
(3975, 5587, 4036, 12693)
(3978, 5739, 4044, 12658)
(5813, 7826, 5850, 18977)
(3976, 5670, 4041, 12744)
(3961, 5475, 4026, 12718)
(4000, 5549, 4049, 12784)
(4039, 5638, 4096, 12745)
(3969, 5224, 4031, 12636)
(5813, 8174, 5854, 18935)
(5828, 8322, 5871, 19045)
(4049, 5875, 4094, 12786)
(4036, 5477, 4094, 12915)
(4007, 5359, 4058, 12720)
(4011, 5310, 4060, 12873)
(3989, 5304, 4051, 12697)
(4026, 5351, 4094, 12659)
(4053, 5302, 4107, 12899)
(3985, 5484, 4046, 12630)
(4046, 5304, 4104, 12746)
(5866, 8083, 5910, 18931)
(3972, 5172, 4044, 12785)
(5791, 7401, 5831, 18980)
(4028, 5867, 4076, 12833)
(4021, 5735, 4080, 12649)
(4038, 5981, 4092, 12757)
(4039, 5498, 4096, 12761)
(3971, 5328, 4037, 12673)
(4000, 5682, 4049, 12724)
(4030, 5553, 4097, 12833)
(3970, 5101, 4033, 12735)
(5830, 7718, 5871, 19023)
(4006, 5335, 4070, 12633)
(4035, 5318, 4091, 12847)
(3993, 5424, 4057, 12734)
(5851, 7430, 5889, 18984)
(3998, 5228, 4053, 12618)
(3985, 5308, 4049, 12611)
(3995, 5968, 4059, 12709)
(5853, 8894, 5902, 19096)
(3974, 5176, 4043, 12747)
(4010, 6037, 4061, 12680)
(3965, 5422, 4030, 12665)
(3953, 5227, 4018, 12636)
(4001, 5550, 4058, 12601)
(4172, 5851, 4247, 12804)
(4058, 6211, 4109, 12872)
(4024, 6024, 4078, 12876)
(4055, 5415, 4109, 12855)
(3999, 5334, 4046, 12883)
(4041, 5469, 4104, 12782)
(3989, 6250, 4053, 12841)
(3958, 5359, 4023, 12754)
(4013, 5839, 4076, 12815)
(3991, 6272, 4051, 12685)
(3990, 5415, 4053, 12685)
(3954, 5515, 4018, 12713)
(3986, 5165, 4053, 12715)
(3991, 5643, 4056, 12668)
(4057, 5506, 4114, 12742)
(5812, 7449, 5853, 19016)
(3976, 5376, 4043, 12610)
(4037, 5468, 4100, 12656)
(3992, 5519, 4060, 12560)
(3985, 5487, 4046, 12693)
(4012, 5674, 4074, 12719)
(3985, 5504, 4058, 12744)
(4021, 5514, 4070, 12685)
(4035, 5536, 4090, 12759)
(3981, 5406, 4046, 12652)
(5786, 8243, 5824, 18962)
(4000, 6144, 4049, 12700)
(4005, 6906, 4074, 12764)
(4002, 5672, 4075, 12710)
(3988, 5645, 4055, 12699)
(3986, 5312, 4033, 12687)
(4040, 5146, 4095, 12896)
(5860, 9151, 5907, 19088)
(3961, 5499, 4028, 12753)
(3945, 5500, 4009, 12653)
(3953, 5901, 4022, 12658)
(4012, 6585, 4076, 12715)
(4005, 5648, 4063, 12729)
(5836, 8163, 5876, 19112)
(4012, 5754, 4079, 12735)
(4039, 5391, 4100, 12758)
(3992, 6271, 4057, 12732)
(4023, 5523, 4087, 12831)
(4017, 5219, 4082, 12708)
(4012, 6557, 4076, 12633)
(5884, 8130, 5938, 18893)
(3950, 5740, 4014, 12798)
(3973, 6531, 4037, 12759)
(3974, 6237, 4035, 12726)
(4049, 5457, 4099, 12910)
(5899, 8073, 5947, 18949)
(4036, 5273, 4091, 12818)
(4065, 5496, 4121, 12902)
(4016, 5431, 4071, 12768)
(4051, 5490, 4104, 12840)
(3973, 5426, 4036, 12666)
(3978, 5250, 4045, 12723)
(3986, 5313, 4047, 12717)
(4014, 5281, 4074, 12792)
(4053, 5640, 4111, 12862)
(8087, 10508, 8139, 26351)
(3969, 5266, 4033, 12730)
(3986, 5277, 4033, 12790)
(4012, 5286, 4074, 12853)
(4062, 5236, 4113, 12871)
(3980, 5357, 4039, 12746)
(3970, 5176, 4033, 12733)
(3962, 5293, 4026, 12687)
(3988, 5221, 4051, 12709)
(4051, 5937, 4110, 12843)
(3957, 5381, 4022, 12649)
(3993, 5821, 4055, 12663)
(3965, 5539, 4033, 12643)
(3985, 5421, 4042, 12756)
(4039, 5564, 4106, 12845)
(4009, 5462, 4055, 12866)
(3969, 5394, 4035, 12666)
(3971, 5393, 4039, 12713)
(3952, 5467, 4014, 12705)
(3976, 5541, 4044, 12661)
(3998, 5598, 4068, 12748)
(3967, 5519, 4027, 12737)
(3965, 5621, 4028, 12709)
(3972, 5771, 4039, 12751)
(4010, 5719, 4076, 12812)
(3973, 5762, 4029, 12737)
(3986, 5588, 4053, 12787)
(3974, 5403, 4038, 12734)
(5799, 9183, 5840, 18943)
(3938, 5315, 4000, 12605)
(3949, 5292, 4012, 12739)
(3988, 6182, 4056, 12744)
(3958, 5427, 4020, 12739)
(3979, 5491, 4047, 12751)
(4050, 5536, 4101, 12938)
(5853, 8031, 5891, 18866)
(4020, 5691, 4071, 12922)
(3979, 5323, 4032, 12664)
(3996, 5652, 4061, 12713)
(3999, 5358, 4063, 12793)
(3953, 5247, 4017, 12731)
(4002, 5348, 4065, 12824)
(3970, 5343, 4039, 12662)
(3986, 5553, 4055, 12767)
(3969, 5602, 4032, 12730)
(3955, 5780, 4019, 12758)
(4025, 5821, 4073, 12821)
(3979, 5928, 4044, 12659)
(3980, 5628, 4044, 12583)
(3985, 5400, 4033, 12880)
(5794, 7874, 5835, 19037)
(3974, 5397, 4037, 12797)
(4019, 5459, 4065, 12815)
(5829, 8177, 5875, 19083)
(3987, 5439, 4047, 12735)
(3976, 5453, 4050, 12758)
(3941, 5434, 4006, 12685)
(3999, 5537, 4070, 12712)
(3962, 5814, 4028, 12683)
(3981, 6346, 4028, 12781)
(3980, 6457, 4040, 12755)
(3933, 6447, 3996, 12562)
(3966, 5550, 4031, 12651)
(4037, 5674, 4091, 12809)
(3975, 5605, 4041, 12575)
(3990, 5665, 4055, 12673)
(3966, 5983, 4031, 12767)
(4015, 5657, 4083, 12711)
(4053, 5601, 4107, 12904)
(4017, 5415, 4074, 12791)
(4016, 5617, 4074, 12685)
(4011, 5625, 4076, 12747)
(3998, 5639, 4061, 12763)
(5833, 7619, 5875, 18940)
(3958, 5499, 4021, 12596)
(4006, 5651, 4068, 12729)
(3981, 6220, 4035, 12667)
(3990, 5425, 4053, 12696)
(4018, 5473, 4065, 12828)
(3955, 5405, 4019, 12649)
(4008, 5592, 4076, 12717)
(3985, 5614, 4050, 12800)
(4011, 5710, 4071, 12788)
(3970, 5559, 4032, 12697)
(5814, 8150, 5858, 19048)
(4044, 5625, 4095, 12817)
(4001, 5459, 4066, 12803)
(4054, 5472, 4103, 12898)
(3987, 5289, 4050, 12784)
(4001, 5376, 4063, 12608)
(4019, 5604, 4076, 12758)
(4015, 5523, 4081, 12806)
(3973, 6777, 4053, 12647)
(3952, 5324, 4016, 12761)
(4011, 5467, 4058, 12846)
(3997, 5413, 4065, 12797)
(3977, 5641, 4043, 12634)
(4027, 5522, 4074, 12806)
(3970, 6474, 4036, 12673)
(4018, 5247, 4068, 12895)
(3970, 6170, 4035, 12616)
(3958, 5444, 4026, 12777)
(4014, 5499, 4079, 12766)
(4010, 5453, 4060, 12856)
(5797, 8221, 5837, 19032)
(3974, 5442, 4038, 12699)
(3988, 5462, 4055, 12704)
(3993, 5530, 4046, 12638)
(4081, 5788, 4134, 12924)
(3970, 5544, 4032, 12590)
(4034, 5619, 4088, 12727)
(4009, 6201, 4071, 12748)
(4036, 6597, 4090, 12845)
(4047, 5581, 4100, 12830)
(5873, 7823, 5911, 19055)
(4024, 5705, 4091, 12696)
(3956, 5222, 4021, 12611)
(3968, 5463, 4036, 12719)
(3969, 5783, 4033, 12634)
(5880, 7966, 5924, 19065)
(4021, 5455, 4069, 12766)
(3950, 5780, 4016, 12648)
(3990, 5536, 4059, 12740)
(4000, 5797, 4060, 12615)
(5855, 7819, 5904, 19000)
(3980, 5340, 4048, 12772)
(3997, 6668, 4062, 12856)
(5951, 8910, 6005, 19191)
(4000, 6095, 4062, 12735)
(4019, 5958, 4073, 12689)
(3955, 5539, 4020, 12668)
(4012, 5556, 4077, 12767)
(5829, 7956, 5872, 19064)
(4066, 5581, 4115, 12871)
(3976, 5367, 4039, 12779)
(4077, 5590, 4134, 12955)
(3953, 5711, 4016, 12626)
(4018, 5563, 4076, 12855)
(3977, 5380, 4038, 12778)
(3986, 5443, 4048, 12662)
(4031, 5676, 4082, 12756)
(3978, 5594, 4043, 12759)
(3986, 6362, 4049, 12697)
(4029, 6475, 4085, 12758)
(3998, 5364, 4053, 12850)
(3995, 5615, 4059, 12798)
(3967, 5844, 4028, 12736)
(4043, 5404, 4096, 12844)
(3991, 5435, 4058, 12608)
(4033, 5391, 4084, 12802)
(3964, 5709, 4035, 12606)
(3996, 5780, 4061, 12727)
(3999, 5783, 4068, 12794)
(4007, 5968, 4070, 12700)
(4008, 5536, 4064, 12741)
(5788, 8274, 5828, 18847)
(5812, 7753, 5853, 18992)
(3999, 5409, 4053, 12779)
(3990, 5479, 4052, 12696)
(4045, 5380, 4106, 12817)
(4048, 5517, 4101, 12808)
(3999, 5918, 4067, 12837)
(3995, 5538, 4055, 12722)
(5827, 8642, 5874, 18910)
(3967, 5674, 4035, 12759)
(3988, 5609, 4037, 12874)
(4025, 5554, 4080, 12713)
(3967, 5931, 4032, 12747)
(3986, 5853, 4049, 12617)
(3951, 5538, 4013, 12643)
(3987, 5561, 4049, 12626)
(3972, 5389, 4038, 12634)
(3986, 5252, 4048, 12843)
(4036, 5556, 4095, 12890)
(3998, 5574, 4062, 12748)
(4053, 5752, 4150, 12857)
(4027, 5601, 4082, 12685)
(4033, 5652, 4090, 12796)
(4025, 5478, 4075, 12741)
(3992, 5361, 4052, 12667)
(3988, 5981, 4050, 12637)
(3993, 5548, 4062, 12629)
(4014, 6591, 4076, 12618)
(3979, 5945, 4045, 12785)
(4058, 5479, 4119, 12872)
(4002, 5628, 4063, 12723)
(3989, 5513, 4053, 12818)
