(22566, 27481, 22730)
(22557, 27016, 22723)
(22266, 26910, 22421)
(22556, 27128, 22717)
(22554, 27114, 22718)
(22268, 27098, 22424)
(22251, 27346, 22404)
(22559, 27003, 22726)
(22555, 26908, 22723)
(22267, 26622, 22428)
(22560, 27166, 22720)
(22560, 27168, 22720)
(22259, 27244, 22411)
(22266, 27064, 22426)
(22559, 27032, 22721)
(22245, 27303, 22400)
(22263, 27069, 22415)
(22555, 27344, 22720)
(22554, 27148, 22711)
(22708, 27903, 22883)
(22551, 26794, 22713)
(22257, 26690, 22415)
(22250, 48974, 22417)
(22245, 27234, 22401)
(22272, 26294, 22432)
(22281, 26716, 22444)
(22554, 50360, 22718)
(22558, 26707, 22722)
(22556, 31101, 22716)
(22559, 49461, 22717)
(22558, 27548, 22720)
(22250, 26921, 22405)
(22563, 31053, 22722)
(22267, 30840, 22423)
(22252, 49517, 22412)
(22545, 31694, 22705)
(22255, 29238, 22405)
(22559, 26495, 22723)
(22556, 27399, 22718)
(22260, 26214, 22412)
(22259, 27212, 22416)
(22259, 27498, 22414)
(22560, 31554, 22723)
(22251, 27016, 22410)
(22555, 50685, 22717)
(22250, 26998, 22407)
(22275, 27016, 22433)
(22260, 27033, 22416)
(22254, 27023, 22417)
(22253, 26818, 22417)
(22558, 49146, 22719)
(22551, 26679, 22712)
(22554, 26948, 22715)
(22556, 27206, 22713)
(22242, 27472, 22417)
(22255, 27655, 22414)
(22252, 29496, 22412)
(22264, 27000, 22422)
(22558, 26916, 22713)
(22736, 28695, 22937)
(22271, 27527, 22439)
(22543, 26369, 22705)
(22551, 27670, 22716)
(22561, 27346, 22720)
(22250, 27153, 22409)
(22261, 26997, 22421)
(22258, 26662, 22419)
(22578, 26609, 22741)
(22248, 27672, 22408)
(24274, 28780, 24430)
(22245, 26957, 22399)
(22543, 27349, 22716)
(22251, 27445, 22408)
(22251, 27209, 22406)
(22551, 26637, 22716)
(22267, 27617, 22428)
(22256, 30972, 22411)
(22552, 27558, 22711)
(22573, 27296, 22734)
(22548, 27378, 22717)
(22647, 49757, 22843)
(22535, 27064, 22696)
(22254, 31006, 22414)
(22258, 31186, 22414)
(22552, 27479, 22715)
(22256, 31524, 22411)
(22558, 27404, 22719)
(22562, 27224, 22721)
(22551, 27346, 22713)
(22547, 31254, 22710)
(22551, 27953, 22714)
(22249, 49557, 22418)
(22253, 26891, 22411)
(22266, 27117, 22423)
(22264, 30848, 22420)
(22549, 26595, 22715)
(22568, 26968, 22727)
(22261, 27264, 22419)
(22255, 27285, 22402)
(22239, 27081, 22395)
(22245, 27263, 22402)
(22265, 30511, 22428)
(22553, 27303, 22712)
(22248, 27383, 22402)
(22273, 26937, 22427)
(22565, 27033, 22731)
(22290, 26578, 22448)
(22554, 26600, 22723)
(22567, 27124, 22729)
(22547, 27159, 22709)
(22556, 27144, 22719)
(22563, 27068, 22725)
(22718, 27186, 22899)
(22259, 30525, 22415)
(22554, 26721, 22716)
(22244, 30779, 22393)
(22256, 27507, 22410)
(22257, 27078, 22419)
(22270, 26803, 22433)
(22540, 31164, 22704)
(22548, 27147, 22722)
(22558, 26946, 22724)
(22235, 26968, 22388)
(22559, 26787, 22720)
(22560, 45291, 22723)
(22882, 29085, 23107)
(22254, 27596, 22413)
(22551, 27283, 22715)
(22718, 31504, 22904)
(22565, 31416, 22727)
(22250, 27221, 22407)
(22254, 27530, 22408)
(22568, 27259, 22731)
(22257, 27063, 22416)
(22554, 27209, 22718)
(22568, 26795, 22725)
(22250, 27281, 22408)
(22563, 27727, 22722)
(22256, 27018, 22416)
(22546, 27130, 22709)
(22554, 30979, 22719)
(22259, 27375, 22417)
(22258, 27180, 22415)
(22241, 27346, 22395)
(22568, 27065, 22731)
(22558, 26943, 22724)
(22552, 26285, 22718)
(22256, 27398, 22412)
(22719, 27051, 22904)
(22263, 30992, 22421)
(22551, 27370, 22712)
(22602, 27197, 22763)
(22556, 26674, 22718)
(22555, 27653, 22718)
(22239, 27390, 22399)
(22556, 26832, 22723)
(22565, 26619, 22729)
(22262, 27302, 22420)
(22732, 28096, 22921)
(22549, 26552, 22712)
(22252, 27654, 22410)
(22257, 26859, 22412)
(22236, 26599, 22392)
(26484, 31637, 26671)
(22549, 27189, 22706)
(22253, 26770, 22409)
(22617, 27535, 22786)
(22558, 75981, 22721)
(22253, 27076, 22406)
(22567, 26991, 22728)
(22268, 27367, 22427)
(22271, 27199, 22427)
(22272, 27395, 22426)
(22250, 27080, 22409)
(22553, 26578, 22717)
(22249, 27258, 22401)
(22556, 27156, 22720)
(22550, 27023, 22726)
(22247, 27311, 22404)
(22457, 26580, 22630)
(22717, 27068, 22903)
(22267, 27019, 22426)
(22558, 26972, 22717)
(22258, 27170, 22420)
(22561, 26639, 22726)
(22258, 27039, 22413)
(22556, 26962, 22719)
(22549, 26422, 22717)
(22566, 28419, 22724)
(22261, 27134, 22417)
(22259, 26919, 22420)
(22547, 26916, 22705)
(22249, 27073, 22404)
(22346, 27053, 22524)
(22260, 26768, 22417)
(22247, 27513, 22403)
(22266, 27210, 22429)
(22553, 26761, 22715)
(22546, 27143, 22710)
(22552, 27856, 22710)
(22720, 27088, 22907)
(22255, 27258, 22410)
(22262, 27257, 22422)
(22252, 31444, 22411)
(22255, 28203, 22410)
(22562, 27405, 22725)
(22257, 27007, 22413)
(26494, 57155, 26683)
(22271, 30824, 22427)
(22265, 27365, 22421)
(22539, 27056, 22701)
(22566, 27771, 22727)
(22568, 26999, 22730)
(22259, 27509, 22418)
(22259, 27141, 22417)
(22566, 26849, 22740)
(22258, 27068, 22416)
(22563, 27366, 22722)
(22251, 27387, 22405)
(22551, 31253, 22718)
(22560, 27335, 22723)
(22260, 26894, 22420)
(22555, 27617, 22711)
(22249, 26943, 22407)
(22543, 30891, 22711)
(22557, 27759, 22717)
(22558, 27382, 22720)
(22270, 27119, 22426)
(22270, 27140, 22428)
(22265, 27316, 22423)
(22252, 47781, 22416)
(22556, 26475, 22721)
(24274, 29020, 24428)
(22558, 26568, 22716)
(22647, 27431, 22829)
(22241, 50744, 22405)
(22261, 26624, 22422)
(22569, 49105, 22727)
(22566, 27164, 22728)
(22567, 27363, 22727)
(22246, 27113, 22405)
(22249, 48056, 22415)
(22551, 26813, 22711)
(22249, 26249, 22409)
(22557, 26975, 22715)
(22563, 26590, 22727)
(22255, 27403, 22415)
(22563, 26682, 22718)
(22561, 26817, 22716)
(22263, 26885, 22423)
(22253, 26946, 22412)
(22263, 27597, 22419)
(22714, 26915, 22901)
(22556, 31128, 22720)
(22723, 27409, 22915)
(22700, 28637, 22891)
(22272, 27998, 22449)
(24267, 33640, 24426)
(22556, 27246, 22719)
(22556, 31295, 22726)
(22724, 27488, 22910)
(22555, 26689, 22719)
(22570, 26322, 22728)
(22248, 27804, 22407)
(22555, 27213, 22719)
(22260, 26452, 22425)
(22570, 31178, 22728)
(22555, 27297, 22714)
(22337, 29644, 22536)
(22562, 26582, 22725)
(22727, 27476, 22919)
(22568, 26661, 22725)
(22256, 27475, 22414)
(22550, 27544, 22707)
(22576, 26859, 22733)
(22548, 26679, 22710)
(22560, 27144, 22723)
(22239, 26745, 22402)
(22551, 26638, 22714)
(22553, 26587, 22713)
(22546, 27363, 22703)
(22563, 31434, 22723)
(22557, 31251, 22721)
(22255, 27111, 22413)
(22557, 27720, 22724)
(22264, 27494, 22429)
(22549, 27148, 22719)
(22256, 26871, 22419)
(22537, 30886, 22701)
(22251, 27096, 22410)
(22544, 27246, 22701)
(22560, 27081, 22725)
(22557, 31003, 22718)
(22567, 27603, 22731)
(22559, 27367, 22721)
(22554, 27317, 22719)
(22263, 27281, 22426)
(22554, 26743, 22722)
(22601, 30849, 22769)
(22560, 26997, 22722)
(22557, 31551, 22721)
(22551, 31685, 22715)
(22269, 31077, 22426)
(22567, 27003, 22731)
(22643, 27676, 22840)
(22565, 27061, 22729)
(22253, 27308, 22415)
(22255, 26806, 22409)
(22258, 26715, 22420)
(22317, 26180, 22478)
(22263, 27104, 22434)
(22555, 27343, 22710)
(22277, 26470, 22434)
(22558, 27262, 22720)
(22558, 27217, 22719)
(22558, 26981, 22722)
(22322, 26749, 22484)
(22558, 27706, 22721)
(22253, 27141, 22406)
(22250, 27101, 22407)
(22260, 26817, 22416)
(22571, 27771, 22724)
(22556, 26878, 22717)
(22261, 27045, 22419)
(22247, 26792, 22411)
(22248, 27360, 22405)
(22249, 48668, 22410)
(22260, 27040, 22411)
(22573, 26407, 22737)
(22255, 27003, 22417)
(22559, 30692, 22716)
(22267, 26963, 22424)
(22265, 26859, 22422)
(22562, 27311, 22729)
(22240, 30937, 22395)
(22257, 30857, 22407)
(22278, 26792, 22441)
(22554, 26741, 22718)
(24093, 28277, 24243)
(22259, 27602, 22418)
(22274, 26851, 22430)
(22551, 27283, 22713)
(22696, 26914, 22883)
(22310, 31117, 22462)
(22232, 27106, 22400)
(22367, 27349, 22545)
(22628, 27301, 22818)
(22559, 26873, 22721)
(22563, 26980, 22723)
(22249, 26596, 22407)
(22565, 26618, 22727)
(22316, 26475, 22476)
(22254, 27207, 22416)
(22262, 26973, 22424)
(22241, 26581, 22402)
(22271, 27292, 22432)
(22559, 26763, 22727)
(22257, 26939, 22433)
(22242, 27367, 22401)
(22250, 26649, 22403)
(22246, 30950, 22400)
(22547, 26939, 22707)
(22280, 49171, 22434)
(22253, 31215, 22409)
(22249, 31041, 22411)
(22253, 27079, 22415)
(22556, 26848, 22716)
(22246, 30979, 22400)
(22557, 27039, 22716)
(22559, 27242, 22717)
(22556, 27285, 22718)
(26497, 31742, 26685)
(22242, 27123, 22395)
(22259, 26753, 22414)
(22261, 27310, 22418)
(22258, 27042, 22417)
(22247, 26377, 22406)
(22721, 28040, 22911)
(22727, 27237, 22913)
(23372, 28796, 23532)
(22558, 49359, 22722)
(22559, 26800, 22721)
(22719, 27797, 22901)
(22557, 26469, 22723)
(22549, 27323, 22721)
(22554, 26872, 22735)
(22254, 26569, 22432)
(22586, 27601, 22766)
(22579, 27357, 22751)
(22540, 27157, 22728)
(22234, 27212, 22401)
(22214, 27427, 22393)
(22255, 26927, 22421)
(22552, 26784, 22728)
(22553, 26636, 22728)
(22271, 26259, 22450)
(22247, 26755, 22432)
(22561, 26710, 22746)
(22567, 26408, 22742)
(22584, 26379, 22767)
(22534, 26900, 22735)
(22238, 26898, 22400)
(22712, 27383, 22912)
(22566, 26464, 22749)
(22540, 26724, 22718)
(22266, 26532, 22444)
(22241, 26067, 22439)
(22241, 27014, 22396)
(22577, 26758, 22739)
(22268, 26114, 22458)
(22564, 26528, 22740)
(22247, 26706, 22406)
(22268, 26390, 22455)
(22541, 26917, 22718)
(22247, 26939, 22434)
(22239, 26408, 22397)
(22723, 27149, 22908)
(22252, 27292, 22403)
(22542, 26534, 22698)
(22269, 26900, 22430)
(22258, 26656, 22412)
(23395, 27766, 23571)
(22543, 26752, 22704)
(22665, 28092, 22845)
(22551, 26759, 22713)
(22556, 47546, 22722)
(22266, 27446, 22435)
(22265, 26718, 22426)
(22254, 27732, 22427)
(22554, 27514, 22713)
(22251, 40718, 22419)
(22261, 48066, 22425)
(22571, 31331, 22731)
(22550, 27548, 22710)
(22246, 27060, 22409)
(22558, 27038, 22716)
(22250, 47941, 22411)
(22270, 27046, 22426)
(22250, 28432, 22415)
(22251, 28501, 22408)
(22726, 31310, 22908)
(22542, 27252, 22698)
(22271, 26777, 22429)
(22558, 26737, 22716)
(22558, 31148, 22719)
(22249, 31018, 22399)
(22570, 49224, 22736)
(22264, 30816, 22422)
(22250, 47262, 22418)
(22246, 48925, 22406)
(22268, 31202, 22425)
(22251, 31386, 22403)
(22554, 26783, 22715)
(22555, 26145, 22714)
(22557, 27021, 22715)
(22244, 27008, 22396)
(24401, 30964, 24616)
(22548, 49167, 22713)
(22242, 27920, 22396)
(22245, 27053, 22406)
(22551, 27119, 22718)
(22538, 31554, 22700)
(22236, 26865, 22396)
(22257, 26733, 22412)
(22264, 27066, 22419)
(22251, 26698, 22405)
(22282, 25990, 22447)
(22252, 27040, 22409)
(22269, 27137, 22426)
(22557, 31037, 22720)
(22553, 26515, 22721)
(22565, 31552, 22726)
(22245, 26731, 22402)
(22263, 26709, 22426)
(22273, 27523, 22436)
(22556, 27224, 22715)
(22259, 27733, 22411)
(23375, 28070, 23543)
(22552, 27706, 22712)
(22556, 28247, 22715)
(22289, 26593, 22439)
(22397, 28587, 22586)
(22255, 30664, 22419)
(22877, 30572, 23099)
(22262, 26322, 22429)
(22283, 28205, 22445)
(22255, 27149, 22415)
(22562, 26412, 22728)
(22273, 26614, 22429)
(22561, 26582, 22722)
(22549, 26971, 22713)
(22245, 48432, 22412)
(22557, 49835, 22721)
(22267, 26979, 22424)
(22243, 26747, 22407)
(22243, 27226, 22412)
(22540, 26599, 22701)
(22257, 27255, 22419)
(22564, 27531, 22725)
(22553, 26942, 22714)
(22239, 27122, 22399)
(22561, 27043, 22724)
(22250, 30784, 22410)
(22556, 27089, 22722)
(22255, 49291, 22457)
(22558, 26723, 22720)
(22253, 47447, 22416)
(22721, 27196, 22910)
(22325, 28695, 22515)
(22240, 26855, 22392)
(22251, 26633, 22406)
(22286, 49424, 22443)
(22556, 27185, 22713)
(22560, 50434, 22718)
(22229, 26854, 22384)
(22550, 31373, 22715)
(22551, 27022, 22712)
(22277, 31641, 22436)
(22568, 27076, 22726)
(22557, 26920, 22723)
(22251, 26618, 22408)
(22257, 26924, 22407)
(22539, 26994, 22695)
(22560, 26611, 22716)
(22552, 26262, 22714)
(22249, 26803, 22410)
(22262, 26326, 22407)
(22552, 26922, 22712)
(22554, 26998, 22718)
(22245, 26814, 22402)
(22266, 26285, 22428)
(22542, 26857, 22705)
(22277, 26967, 22437)
(22227, 26439, 22387)
(22558, 26569, 22724)
(22233, 26415, 22389)
(22547, 27053, 22712)
(22568, 28818, 22727)
(22249, 27010, 22403)
(22574, 26772, 22737)
(22265, 27080, 22422)
(22549, 27189, 22705)
(22539, 27196, 22699)
(22256, 26813, 22420)
(22244, 27025, 22395)
(22717, 49297, 22899)
(22551, 27857, 22716)
(22566, 26647, 22724)
(22265, 27055, 22425)
(22572, 31670, 22733)
(22542, 27203, 22702)
(22557, 27120, 22715)
(22278, 26310, 22446)
(22260, 27133, 22419)
(22551, 27113, 22716)
(22544, 26840, 22706)
(22261, 26669, 22417)
(22249, 26498, 22414)
(22251, 27241, 22403)
(22571, 26642, 22728)
(22256, 26856, 22417)
(24261, 28476, 24420)
(22554, 26802, 22717)
(26496, 31438, 26682)
(22560, 26130, 22723)
(22258, 26937, 22419)
(22262, 27296, 22420)
(22264, 26750, 22426)
(22249, 27190, 22407)
(22829, 28854, 23015)
(22560, 26715, 22720)
(22242, 26674, 22401)
(22555, 26709, 22713)
(22235, 26773, 22394)
(22562, 26874, 22720)
(22741, 27601, 22933)
(22571, 26934, 22731)
(22257, 26885, 22414)
(22249, 28291, 22402)
(22246, 28453, 22408)
(22548, 49224, 22707)
(22552, 26392, 22712)
(22566, 49345, 22728)
(22551, 27189, 22711)
(22551, 28341, 22718)
(22257, 27140, 22419)
(22555, 27074, 22715)
(22254, 26740, 22412)
(22257, 27434, 22421)
(22688, 27709, 22872)
(22271, 26306, 22433)
(22553, 27234, 22714)
(22556, 27453, 22716)
(22579, 26569, 22734)
(22567, 26266, 22729)
(22556, 26550, 22721)
(22233, 27174, 22395)
(22242, 27305, 22430)
(22261, 27494, 22450)
(22253, 26614, 22414)
(22241, 26979, 22404)
(22540, 27415, 22730)
(22222, 27125, 22403)
(22569, 27162, 22756)
(22249, 27141, 22404)
(22549, 26711, 22709)
(22242, 26998, 22393)
(22552, 48495, 22711)
(22540, 26876, 22713)
(22567, 26723, 22728)
(22556, 27005, 22718)
(22266, 27155, 22428)
(22257, 26805, 22415)
(22262, 26862, 22425)
(22260, 26860, 22418)
(22715, 26756, 22892)
(22568, 30679, 22729)
(22720, 33548, 22938)
(22250, 27162, 22404)
(22551, 31040, 22718)
(22554, 27007, 22715)
(22261, 26807, 22428)
(22553, 28468, 22718)
(22269, 30940, 22430)
(22326, 27536, 22486)
(22550, 27221, 22709)
(22562, 27236, 22719)
(22569, 31027, 22729)
(22255, 26955, 22412)
(22551, 26758, 22714)
(22572, 47713, 22735)
(22559, 31779, 22721)
(22554, 31454, 22717)
(22555, 31557, 22715)
(22572, 26756, 22739)
(22558, 26593, 22724)
(22721, 48873, 22910)
(22276, 27478, 22439)
(22547, 31172, 22712)
(22556, 26625, 22716)
(22257, 26679, 22424)
(22250, 26870, 22410)
(22556, 48718, 22722)
(22254, 30520, 22412)
(22560, 26849, 22724)
(22259, 27192, 22417)
(22558, 27129, 22717)
(22553, 26532, 22716)
(22553, 26666, 22715)
(22254, 27186, 22416)
(22554, 27020, 22714)
(22557, 27041, 22723)
(22624, 28036, 22820)
(22556, 26646, 22718)
(22552, 41482, 22728)
(22248, 27623, 22411)
(22277, 26294, 22429)
(22252, 27167, 22409)
(22268, 27397, 22418)
(22772, 27616, 22983)
(22561, 27168, 22722)
(22248, 46608, 22414)
(22546, 26887, 22703)
(22250, 31462, 22401)
(22233, 31344, 22386)
(22344, 42881, 22549)
(22536, 27152, 22692)
(22245, 26675, 22435)
(22277, 26391, 22436)
(22551, 26957, 22716)
(22830, 31413, 23036)
(22268, 26319, 22427)
(22542, 26654, 22702)
(22561, 47852, 22720)
(22265, 30673, 22428)
(22247, 27171, 22407)
(22246, 26083, 22399)
(22237, 26950, 22395)
(22241, 27147, 22397)
(22269, 26591, 22433)
(22272, 27257, 22435)
(22748, 28732, 22966)
(22555, 26807, 22717)
(22258, 27394, 22413)
(22250, 27322, 22411)
(22537, 26425, 22693)
(22241, 27165, 22394)
(22282, 26738, 22439)
(22547, 27126, 22703)
(22561, 27356, 22728)
(22269, 27442, 22424)
(22266, 26871, 22430)
(22243, 26500, 22407)
(22331, 47232, 22529)
(22622, 27231, 22792)
(22555, 26813, 22717)
(22551, 26833, 22713)
(22231, 26080, 22390)
(22641, 26964, 22819)
(22243, 47994, 22407)
(22721, 27150, 22905)
(22544, 27167, 22710)
(23374, 27750, 23540)
(22555, 27041, 22726)
(22573, 26661, 22730)
(22546, 26694, 22712)
(22259, 27145, 22417)
(22259, 26606, 22414)
(22567, 26776, 22728)
(22252, 30922, 22411)
(22258, 26734, 22416)
(22552, 27120, 22714)
(22261, 27049, 22419)
(22257, 30609, 22421)
(24074, 32692, 24228)
(22554, 27439, 22717)
(22258, 26724, 22417)
(22239, 30526, 22399)
(22252, 26940, 22409)
(22558, 30525, 22724)
(22559, 29025, 22729)
(22553, 47804, 22715)
(22243, 30767, 22403)
(22558, 26733, 22722)
(22246, 26809, 22398)
(22263, 27196, 22417)
(22267, 30953, 22425)
(22260, 27415, 22418)
(22563, 49645, 22734)
(22279, 28290, 22433)
(22554, 27310, 22715)
(22560, 28310, 22720)
(22246, 26668, 22397)
(22557, 30797, 22724)
(22550, 30996, 22714)
(22267, 30933, 22422)
(22723, 27399, 22907)
(22734, 28406, 23037)
(22566, 26359, 22729)
(22256, 27445, 22423)
(22232, 26728, 22396)
(22555, 26716, 22730)
(22227, 26909, 22410)
(22247, 27103, 22418)
(22222, 27123, 22392)
(22326, 27452, 22505)
(22249, 47785, 22414)
(22554, 47771, 22714)
(22255, 26805, 22408)
(22250, 27925, 22412)
(22229, 26817, 22389)
(22326, 26975, 22488)
(22574, 27119, 22735)
(22254, 27378, 22418)
(22631, 27947, 22846)
(22238, 46984, 22404)
(22552, 26968, 22714)
(22566, 27393, 22726)
(22240, 26833, 22395)
(22261, 27332, 22414)
(22251, 48067, 22412)
(22568, 26712, 22732)
(22232, 30841, 22382)
(22263, 31193, 22419)
(22233, 45354, 22410)
(22566, 49296, 22726)
(22250, 49858, 22413)
(22548, 48728, 22710)
(22261, 26854, 22422)
(22257, 27133, 22411)
(24275, 28608, 24432)
(22554, 27291, 22717)
(22269, 27212, 22432)
(22549, 27104, 22713)
(22553, 27053, 22715)
(22247, 26884, 22404)
(22258, 26660, 22417)
(22542, 26833, 22708)
(22260, 27598, 22417)
(22564, 26688, 22725)
(22551, 26749, 22716)
(22551, 26867, 22718)
(22554, 26942, 22717)
(22558, 26741, 22722)
(22271, 26766, 22428)
(22261, 26856, 22422)
(22560, 27067, 22716)
(22543, 26909, 22711)
(22264, 27278, 22422)
(22561, 30752, 22728)
(22256, 30802, 22415)
(22562, 26939, 22725)
(22266, 26330, 22423)
(22674, 28188, 22966)
(22368, 27381, 22656)
(22629, 27770, 22865)
(22271, 27156, 22430)
(22250, 27194, 22410)
(24242, 28569, 24400)
(22255, 26884, 22411)
(22258, 26898, 22417)
(22727, 26944, 22909)
(22234, 26972, 22388)
(22261, 27136, 22418)
(22559, 27413, 22718)
(22548, 27484, 22712)
(22554, 26548, 22718)
(22259, 28241, 22420)
(22250, 30578, 22399)
(22336, 28059, 22529)
(22572, 28558, 22735)
(22546, 26784, 22708)
(22544, 26557, 22702)
(22545, 27798, 22711)
(22252, 27229, 22409)
(22567, 26929, 22733)
(22256, 31254, 22409)
(22253, 27137, 22412)
(22565, 26738, 22723)
(22609, 31465, 22777)
(22263, 30483, 22424)
(22555, 49597, 22717)
(22551, 27212, 22710)
(22253, 27078, 22410)
(22256, 26670, 22413)
(22554, 27063, 22716)
(22281, 26893, 22433)
(22251, 26868, 22412)
(22245, 26958, 22401)
(22246, 27294, 22401)
(22255, 27581, 22414)
(22551, 27431, 22714)
(22259, 26575, 22422)
(23366, 28162, 23539)
(22552, 29571, 22716)
(22245, 26388, 22402)
(22566, 26895, 22726)
(22562, 26825, 22721)
(22677, 27208, 22886)
(22557, 26924, 22723)
(22566, 27084, 22726)
(22558, 26795, 22717)
(22731, 27463, 22915)
(22251, 27387, 22401)
(22567, 26881, 22728)
(22558, 30849, 22737)
(22249, 31660, 22401)
(22251, 27189, 22408)
(22562, 26783, 22722)
(22264, 26979, 22427)
(22559, 26688, 22719)
(22551, 26765, 22709)
(22551, 26833, 22709)
(22268, 26735, 22423)
(22552, 27316, 22712)
(22567, 26602, 22731)
(22552, 27416, 22713)
(22556, 26916, 22717)
(22248, 27106, 22407)
(22720, 27271, 22906)
(22250, 26598, 22413)
(22242, 27462, 22401)
(22554, 27159, 22716)
(22244, 49143, 22409)
(22247, 49414, 22411)
(22259, 27240, 22421)
(22647, 27187, 22841)
(22264, 26828, 22417)
(22563, 28403, 22725)
(22557, 26959, 22716)
(22243, 30618, 22398)
(22244, 27055, 22399)
(22534, 27068, 22691)
(22239, 27013, 22392)
(22261, 31174, 22421)
(22559, 50006, 22717)
(22271, 27481, 22431)
(22544, 26992, 22726)
(22559, 26858, 22721)
(22662, 28276, 22853)
(22551, 27083, 22716)
(22556, 26887, 22718)
(22243, 26870, 22408)
(22559, 28677, 22721)
(22285, 26097, 22438)
(22274, 30832, 22430)
(22255, 26777, 22416)
(22562, 26755, 22728)
(22552, 26971, 22717)
(22266, 26886, 22421)
(22240, 48518, 22405)
(22241, 49188, 22403)
(22265, 26832, 22428)
(22253, 27167, 22416)
(22249, 27194, 22408)
(22556, 48747, 22720)
(22265, 30582, 22422)
(22255, 30988, 22414)
(22572, 26509, 22736)
(22251, 48040, 22414)
(22557, 27268, 22721)
(22569, 26866, 22730)
(22557, 26560, 22717)
(22554, 27550, 22710)
(22267, 27037, 22421)
(22691, 27547, 22926)
(22554, 26854, 22714)
(22563, 26795, 22724)
(22549, 26706, 22714)
(22294, 26981, 22481)
(22573, 26853, 22731)
(22289, 26356, 22452)
(22553, 26647, 22712)
(22731, 26955, 22916)
(22262, 27068, 22419)
(22245, 26162, 22402)
(22261, 26888, 22416)
(22548, 27037, 22704)
(24245, 28455, 24398)
(22267, 26357, 22423)
(22548, 26700, 22714)
(22262, 27281, 22423)
(22252, 26924, 22407)
(24536, 29517, 24767)
(22246, 48201, 22409)
(22259, 26628, 22411)
(22546, 27518, 22702)
(22542, 27127, 22698)
(22273, 30658, 22435)
(22251, 27000, 22410)
(22548, 26369, 22709)
(22537, 27546, 22698)
(22550, 26382, 22711)
(22556, 27519, 22716)
(22558, 26277, 22722)
(22250, 27157, 22406)
(22538, 27468, 22695)
(22260, 26995, 22424)
(22549, 31669, 22705)
(22552, 27126, 22714)
(22556, 26870, 22718)
(22251, 26959, 22411)
(22556, 26757, 22719)
(22552, 49190, 22714)
(22567, 26633, 22729)
(22665, 27574, 22858)
(22563, 48726, 22724)
(22562, 26810, 22735)
(26785, 33147, 26973)
(22249, 27252, 22402)
(22551, 27213, 22716)
(22251, 28232, 22407)
(22558, 26863, 22719)
(22732, 31439, 22925)
(22266, 31241, 22423)
(22662, 28501, 22856)
(22350, 47189, 22543)
(22545, 27612, 22772)
(22261, 27073, 22417)
(22860, 27657, 23052)
(22553, 26879, 22714)
(22257, 26863, 22416)
(22563, 26864, 22726)
(22562, 31357, 22730)
(22280, 27017, 22431)
(22558, 50260, 22722)
(22259, 26927, 22409)
(22559, 27212, 22722)
(22574, 26742, 22730)
(22556, 27152, 22719)
(22243, 26746, 22402)
(22254, 26831, 22415)
(22551, 27009, 22715)
(22561, 27011, 22734)
(22269, 26867, 22428)
(22722, 26941, 22905)
(22546, 27037, 22704)
(22254, 26869, 22418)
(22282, 30850, 22445)
(22548, 27140, 22710)
(22256, 26534, 22418)
(22563, 26755, 22724)
(22247, 27213, 22401)
(22551, 26847, 22711)
(22248, 26461, 22415)
(22235, 26887, 22397)
(22252, 26986, 22415)
(22247, 48297, 22415)
(22560, 27787, 22722)
(22254, 27793, 22414)
(22574, 26873, 22735)
(22383, 26955, 22565)
(22569, 27507, 22730)
(22562, 27317, 22727)
(22248, 26461, 22401)
(22269, 26848, 22423)
(22558, 27140, 22717)
(22566, 26502, 22728)
(26655, 31814, 26829)
(22552, 26996, 22713)
