(112469, 135802, 112859)
(101336, 108853, 101668)
(108949, 118666, 109391)
(112442, 120434, 112791)
(108996, 117638, 109448)
(112075, 119807, 112368)
(112440, 120937, 112793)
(112050, 122253, 112348)
(108959, 120648, 109445)
(108196, 121975, 108675)
(108908, 118595, 109275)
(112911, 123049, 113273)
(112051, 122285, 112342)
(108936, 122477, 109353)
(102326, 127138, 102697)
(108958, 119456, 109479)
(108954, 118699, 109348)
(112047, 120719, 112344)
(111906, 119692, 112187)
(101331, 107666, 101664)
(107460, 115471, 107821)
(112043, 120643, 112344)
(108194, 116853, 108746)
(101019, 108448, 101319)
(102242, 111770, 102670)
(102790, 113090, 103117)
(112126, 144687, 112665)
(108967, 122845, 109434)
(102789, 113450, 103111)
(112478, 123604, 112837)
(108919, 121607, 109324)
(108951, 146710, 109393)
(111882, 121124, 112167)
(117192, 127087, 117524)
(102263, 111398, 102586)
(111901, 121414, 112188)
(101038, 115943, 101340)
(108911, 120013, 109312)
(101074, 111140, 101358)
(108968, 118377, 109389)
(112478, 121031, 112830)
(111914, 119864, 112198)
(101041, 111015, 101325)
(102227, 111963, 102561)
