(10773, 15331, 11585)
(7283, 10830, 7988)
(7327, 11147, 8025)
(7288, 10917, 7969)
(7270, 11381, 7953)
(7326, 11054, 8051)
(7301, 10989, 8019)
(10861, 15206, 11679)
(7280, 10980, 7965)
(7320, 11028, 8044)
(10855, 15518, 11686)
(7338, 11376, 8060)
(7342, 11119, 8057)
(7297, 10960, 8018)
(7291, 11167, 7993)
(7268, 10973, 7974)
(7305, 10966, 8003)
(7316, 11010, 8016)
(7282, 10861, 7987)
(7300, 11117, 8008)
(7313, 11164, 8038)
(7253, 10678, 7940)
(7334, 11422, 8058)
(7297, 10896, 8000)
(7237, 11102, 7917)
(7303, 10928, 8029)
(7294, 11177, 8007)
(7341, 11164, 8067)
(7384, 11104, 8107)
(7268, 10960, 7967)
(7320, 10845, 8020)
(7289, 11001, 7977)
(7315, 11074, 8039)
(10850, 15512, 11686)
(7284, 11152, 7987)
(7270, 10819, 7948)
(7296, 11275, 8010)
(7260, 10764, 7944)
(7327, 11300, 8044)
(7313, 11318, 8006)
(7307, 11269, 8037)
(7313, 11238, 8047)
(7315, 11197, 8043)
(7308, 10859, 8014)
(7297, 11137, 7999)
(7316, 11100, 8012)
(7312, 10968, 8037)
(7283, 10885, 7965)
(7369, 11087, 8081)
(7311, 12249, 8012)
(10646, 15385, 11449)
(7344, 10986, 8076)
(7290, 10899, 7994)
(7294, 10978, 7995)
(7297, 11026, 8000)
(7325, 10835, 8029)
(7313, 11347, 8021)
(7295, 11303, 8003)
(7267, 10745, 7946)
(7306, 10787, 8005)
(7320, 11135, 8019)
(7493, 11057, 8211)
(10781, 15704, 11593)
(7303, 12372, 8023)
(7297, 10962, 7996)
(7317, 11213, 8003)
(7357, 11139, 8072)
(10874, 15474, 11703)
(7255, 10850, 7937)
(10881, 17171, 11733)
(7298, 10927, 7998)
(10652, 15105, 11445)
(7278, 10987, 7951)
(7278, 11016, 7980)
(7343, 11090, 8051)
(7322, 11163, 8021)
(7282, 11016, 7992)
(7295, 10902, 8001)
(7308, 11013, 8012)
(7309, 10812, 8009)
(7317, 10986, 8014)
(7307, 10885, 8030)
(10856, 18044, 11684)
(7312, 10964, 8013)
(10813, 17564, 11628)
(7347, 12962, 8069)
(10666, 15469, 11464)
(7223, 11034, 7902)
(7336, 10928, 8039)
(10864, 15737, 11698)
(7310, 11222, 8008)
(10679, 15251, 11472)
(7292, 11051, 7994)
(7275, 11075, 7956)
(7313, 11129, 8012)
(10771, 18098, 11581)
(7304, 11189, 8005)
(7316, 11052, 8019)
(7306, 11197, 8034)
(7353, 10945, 8051)
(7276, 10848, 7976)
(7282, 10831, 7961)
(10647, 15324, 11436)
(7398, 11797, 8110)
(7289, 10851, 7987)
(7324, 11113, 8026)
(7301, 12219, 8031)
(7307, 10900, 8014)
(7232, 11099, 7915)
(10862, 15285, 11690)
(7299, 10901, 8002)
(7293, 12273, 8001)
(7294, 10685, 8003)
(7315, 10981, 8020)
(7304, 11011, 7998)
(7311, 10984, 8017)
(7303, 10734, 8007)
(7244, 10757, 7931)
(10894, 15442, 11740)
(7293, 10988, 7993)
(10766, 15115, 11581)
(7347, 10889, 8043)
(7289, 10852, 7980)
(7281, 11002, 7987)
(7350, 10950, 8053)
(7292, 11100, 7998)
(7319, 11072, 8041)
(7327, 11027, 8021)
(7302, 11113, 8013)
(7285, 11130, 7985)
(7236, 11005, 7925)
(7351, 11254, 8057)
(7309, 11070, 8029)
(7321, 11037, 8042)
(7324, 10992, 8011)
(7304, 11207, 8003)
(7380, 11367, 8142)
(7290, 11031, 7988)
(7289, 10948, 7996)
(7282, 10822, 7960)
(7257, 10965, 7941)
(7309, 10882, 8015)
(7336, 11193, 8075)
(7593, 11555, 8331)
(7290, 10809, 7993)
(7282, 10976, 7984)
(7332, 11082, 8069)
(7273, 10731, 7953)
(7336, 11025, 8043)
(7313, 10943, 8017)
(7285, 12699, 7989)
(10759, 14842, 11553)
(7306, 11447, 8005)
(10669, 14963, 11462)
(7284, 12369, 7987)
(7308, 10836, 8012)
(7293, 10936, 7994)
(7290, 10936, 7990)
(7322, 11318, 8045)
(10779, 15336, 11591)
(7301, 11140, 8025)
(7298, 10898, 8010)
(7318, 12932, 8021)
(7297, 12944, 7998)
(7289, 10734, 7998)
(7350, 10867, 8078)
(7307, 10860, 8013)
(7319, 12936, 8020)
(7251, 12841, 7928)
(10663, 15308, 11453)
(7298, 10831, 7999)
(7305, 10750, 8004)
(7291, 10705, 7968)
(7283, 10990, 7985)
(7356, 10947, 8084)
(7344, 11129, 8043)
(7316, 11012, 8007)
(7313, 11100, 8007)
(7309, 11269, 8029)
(7341, 10935, 8052)
(7300, 10829, 8011)
(7349, 11001, 8062)
(7306, 10906, 8010)
(7288, 11108, 8002)
(7331, 11349, 8041)
(7333, 10964, 8032)
(7309, 11411, 8019)
(7318, 10948, 8013)
(7343, 11151, 8064)
(7371, 11405, 8103)
(7299, 10860, 8004)
(10708, 15538, 11518)
(7297, 11084, 8022)
(7339, 11204, 8052)
(7302, 11016, 7999)
(7314, 11260, 8049)
(10679, 15423, 11476)
(10897, 15382, 11735)
(7309, 11102, 8024)
(7343, 11773, 8080)
(7293, 11095, 8001)
(7316, 10978, 8043)
(7313, 11077, 8008)
(7304, 12157, 8022)
(10934, 15431, 11765)
(7336, 11011, 8041)
(7303, 10754, 8014)
(7324, 10882, 8030)
(7324, 10926, 8021)
(7284, 10794, 7993)
(7329, 11174, 8030)
(7305, 11211, 8002)
(7287, 11094, 7993)
(7313, 10962, 8012)
(7269, 10777, 7980)
(7339, 11078, 8070)
(7250, 10792, 7941)
(7300, 12913, 8002)
(7276, 11211, 7977)
(7320, 11175, 8028)
(7294, 11201, 8009)
(7302, 10991, 8022)
(7276, 10881, 7976)
(7285, 10965, 7985)
(7254, 10848, 7945)
(7297, 11065, 8006)
(7310, 10823, 8018)
(7305, 11035, 8003)
(7299, 11032, 8008)
(7316, 10916, 8042)
(7304, 11032, 8013)
(7249, 10829, 7931)
(7322, 11080, 8025)
(7337, 10850, 8042)
(7317, 10910, 8013)
(7325, 11135, 8040)
(7307, 11028, 8041)
(7300, 12259, 8018)
(7335, 11046, 8055)
(7326, 10901, 8036)
(7280, 10937, 7982)
(7283, 10947, 7985)
(7277, 11051, 7982)
(7279, 10997, 7997)
(7295, 11066, 8002)
(7273, 10970, 7956)
(7303, 11165, 8033)
(7270, 10958, 7972)
(7281, 10927, 7970)
(7329, 10980, 8039)
(7257, 11760, 7948)
(7283, 10801, 7967)
(7307, 11835, 8025)
(7321, 11040, 8019)
(7275, 11027, 7977)
(10664, 15061, 11468)
(7302, 10960, 8016)
(7309, 11144, 8006)
(7269, 10803, 7961)
(7242, 10753, 7934)
(7351, 11083, 8075)
(7293, 10698, 7990)
(7288, 10750, 7997)
(7307, 11127, 8036)
(7301, 10979, 8006)
(7336, 11202, 8039)
(7327, 10881, 8049)
(7318, 10960, 8042)
(7283, 10648, 7989)
(10626, 14692, 11418)
(7301, 10901, 8005)
(7294, 12279, 7998)
(7307, 12315, 8005)
(7323, 11104, 8031)
(10872, 15880, 11695)
(7349, 11111, 8067)
(7342, 10882, 8046)
(7310, 11115, 8013)
(10678, 15440, 11466)
(7298, 10926, 8001)
(10769, 15095, 11579)
(7295, 11080, 7996)
(7312, 11051, 8034)
(7309, 10897, 8015)
(7298, 11177, 8027)
(7863, 13506, 8627)
(7322, 11170, 8053)
(7282, 10912, 7987)
(7306, 11074, 8036)
(7300, 11109, 7997)
(7332, 11235, 8050)
(7297, 11083, 7999)
(7275, 11036, 7983)
(7298, 11332, 8001)
(7323, 11212, 8020)
(7311, 11448, 8022)
(10672, 15500, 11464)
(7288, 10762, 7991)
(7264, 10947, 7943)
(7321, 11119, 8059)
(7272, 11105, 7994)
(7324, 11184, 8023)
(7275, 11088, 7978)
(7256, 10887, 7942)
(7294, 11204, 8009)
(7406, 11341, 8103)
(7279, 11045, 7986)
(7338, 11433, 8069)
(7343, 11408, 8053)
(7252, 11177, 7937)
(7322, 11443, 8032)
(10839, 15535, 11665)
(7325, 12833, 8060)
(7351, 11205, 8072)
(7298, 11036, 7999)
(7313, 12686, 8036)
(7283, 10911, 7992)
(7285, 12707, 7989)
(7371, 11135, 8103)
(7282, 10893, 7986)
(10711, 15221, 11513)
(7311, 10999, 8012)
(7287, 10869, 7985)
(7241, 10813, 7924)
(7275, 11125, 7993)
(7289, 11270, 7994)
(10859, 15218, 11685)
(7344, 11267, 8080)
(10758, 15463, 11564)
(7323, 10908, 8015)
(7352, 11129, 8075)
(7284, 10797, 7984)
(7351, 11203, 8066)
(7293, 11026, 8010)
(7294, 11015, 7994)
(7319, 11058, 8051)
(7301, 11183, 8011)
(7310, 10937, 8013)
(7300, 11196, 7989)
(7315, 11289, 8041)
(7303, 10978, 8000)
(7286, 11344, 7990)
(7316, 11181, 8014)
(7292, 10835, 7996)
(7318, 11013, 8026)
(7540, 11802, 8296)
(7322, 11033, 8039)
(7243, 11025, 7935)
(7315, 10997, 8029)
(7334, 11317, 8075)
(7312, 11119, 8008)
(7308, 11290, 8012)
(10673, 15628, 11464)
(10654, 15260, 11447)
(7358, 11436, 8088)
(10670, 15379, 11460)
(7354, 11075, 8079)
(7327, 11454, 8045)
(7350, 11467, 8081)
(7327, 11681, 8019)
(15069, 20734, 16051)
(7363, 11502, 8090)
(7293, 11100, 8001)
(7300, 10978, 8008)
(7352, 11353, 8076)
(10803, 15575, 11624)
(10678, 15236, 11480)
(7306, 10858, 8006)
(7308, 11201, 8016)
(7238, 10752, 7924)
(7287, 11027, 7999)
(7297, 11146, 8006)
(7318, 10909, 8039)
(10639, 15166, 11451)
(7245, 10909, 7926)
(10658, 15172, 11447)
(7282, 10872, 7987)
(7333, 10863, 8031)
(7289, 10754, 7993)
(7293, 10956, 8008)
(7294, 11058, 8015)
(7313, 11191, 8052)
(7284, 10915, 7991)
(7318, 10789, 8035)
(7327, 10985, 8029)
(7282, 10982, 7990)
(7297, 10875, 8007)
(7349, 11411, 8098)
(7314, 11119, 8020)
(7284, 11008, 7989)
(7247, 10688, 7934)
(7304, 11105, 8003)
(7304, 11024, 8008)
(7291, 10937, 8006)
(10654, 15263, 11452)
(7307, 11031, 8003)
(7278, 11216, 7980)
(7311, 11160, 8013)
(7288, 11051, 7988)
(10666, 15166, 11466)
(7283, 10878, 7983)
(7309, 10883, 8030)
(7306, 10969, 8008)
(7288, 10789, 7990)
(7319, 11229, 8039)
(7290, 12837, 7993)
(7425, 11085, 8133)
(7240, 10751, 7923)
(10681, 15202, 11476)
(7306, 11052, 8030)
(7301, 11284, 8007)
(7308, 10720, 8005)
(7313, 11190, 8010)
(7301, 11093, 7994)
(10734, 15645, 11548)
(7288, 11063, 7996)
(7320, 10991, 8018)
(7298, 10949, 8000)
(7328, 11120, 8040)
(7279, 11079, 7988)
(7291, 11192, 8008)
(7291, 10936, 7991)
(7314, 11338, 8054)
(7303, 11029, 8004)
(7463, 11586, 8215)
(7289, 10953, 7988)
(7277, 10929, 7964)
(7300, 10998, 8010)
(7283, 10867, 7989)
(7309, 11469, 8052)
(7713, 11842, 8435)
(7326, 11086, 8039)
(7327, 10917, 8020)
(7339, 11067, 8070)
(7280, 11080, 8001)
(7557, 11429, 8281)
(7319, 10826, 8022)
(7330, 11153, 8037)
(7329, 11057, 8058)
(7312, 11116, 8023)
(10619, 15076, 11421)
(7322, 11020, 8026)
(10767, 15314, 11578)
(7317, 11115, 8052)
(10878, 15533, 11708)
(10661, 15402, 11474)
(10668, 15127, 11462)
(7277, 11002, 7999)
(7221, 10996, 7901)
(7288, 10948, 7990)
(7485, 11490, 8185)
(7345, 10972, 8047)
(7287, 11108, 7989)
(7305, 11144, 8011)
(7295, 11052, 8004)
(10644, 15452, 11434)
(7308, 10892, 8001)
(7258, 10809, 7959)
(7303, 10936, 8002)
(7302, 10937, 7998)
(10852, 15735, 11685)
(7275, 11025, 7980)
(7241, 10699, 7926)
(7298, 11133, 8002)
(7287, 11042, 7993)
(7314, 10977, 8016)
(7303, 11386, 8016)
(7314, 11251, 8046)
(7293, 11050, 7995)
(7323, 11025, 8019)
(10771, 15223, 11580)
(7302, 11011, 8000)
(10878, 15703, 11720)
(10772, 15206, 11584)
(7314, 11137, 8019)
(10756, 15246, 11560)
(7318, 11193, 8054)
(7303, 10817, 8002)
(7320, 11121, 8026)
(7292, 12151, 8003)
(7307, 11209, 8044)
(7281, 10734, 7989)
(7277, 11873, 7980)
(7328, 10926, 8027)
(7321, 11144, 8017)
(7308, 11055, 8004)
(7318, 11069, 8011)
(7326, 11240, 8032)
(7324, 10896, 8023)
(7353, 11096, 8081)
(7385, 11187, 8106)
(7279, 11030, 7979)
(7349, 11245, 8052)
(7307, 11320, 8031)
(10670, 15356, 11469)
(7305, 10947, 8009)
(7268, 11156, 7968)
(7343, 11281, 8073)
(7279, 11347, 7986)
(7323, 11077, 8012)
(7293, 10899, 7995)
(7318, 11054, 8022)
(7333, 10960, 8053)
(7304, 11059, 8022)
(7331, 11055, 8060)
(7335, 10846, 8035)
(7487, 11428, 8203)
(10859, 15307, 11678)
(7307, 10783, 7990)
(7324, 11083, 8054)
(7312, 10677, 8032)
(7283, 10972, 7988)
(7316, 10840, 8014)
(10628, 14837, 11416)
(7239, 10780, 7920)
(10750, 14949, 11556)
(7297, 11201, 8019)
(10675, 14983, 11471)
(7350, 11164, 8069)
(10641, 14970, 11445)
(7308, 10966, 8016)
(7305, 10878, 8005)
(7302, 10930, 8017)
(7293, 10744, 8000)
(7301, 11086, 8024)
(7312, 10960, 8034)
(7299, 12218, 8000)
(7320, 12485, 8020)
(7343, 12430, 8039)
(11019, 16025, 11858)
(7328, 12612, 8029)
(7286, 12423, 7987)
(7322, 10834, 8025)
(7297, 11133, 8023)
(7274, 10892, 7978)
(7247, 10410, 7932)
(7313, 11069, 8022)
(10776, 15370, 11583)
(7309, 12597, 8040)
(7301, 10964, 8000)
(7301, 10851, 8007)
(7293, 11016, 7988)
(7380, 10862, 8104)
(7377, 11430, 8101)
(7295, 10920, 7995)
(7257, 10717, 7935)
(7273, 10934, 7970)
(7327, 10881, 8027)
(7280, 10693, 7964)
(7310, 10817, 8012)
(7352, 10880, 8083)
(7274, 10773, 7979)
(7350, 11063, 8052)
(7302, 10819, 8004)
(7259, 10690, 7944)
(10780, 14784, 11590)
(10918, 15372, 11743)
(7301, 10998, 8010)
(7354, 11062, 8084)
(7255, 10701, 7938)
(10666, 15063, 11458)
(7237, 10776, 7943)
(7353, 10990, 8092)
(7324, 10802, 8027)
(7314, 10874, 8044)
(7322, 10902, 8055)
(7297, 10784, 8013)
(7335, 11477, 8042)
(7325, 11082, 8040)
(7256, 10917, 7939)
(7280, 10980, 7993)
(7302, 11056, 8041)
(7324, 11005, 8018)
(7304, 10923, 8008)
(7290, 10861, 8003)
(7324, 10984, 8032)
(7338, 10986, 8078)
(7289, 10736, 8000)
(10685, 15220, 11482)
(7351, 10890, 8083)
(10741, 15115, 11570)
(7299, 11125, 8022)
(7304, 10888, 8026)
(7308, 10830, 8004)
(10885, 15351, 11712)
(7287, 11126, 8002)
(7348, 10966, 8052)
(7320, 10879, 8032)
(7322, 10867, 8052)
(7287, 11437, 7992)
(7338, 10925, 8058)
(7294, 12344, 7998)
(7283, 10980, 8010)
(7317, 10994, 8053)
(7367, 11261, 8091)
(7309, 11607, 7984)
(7312, 12073, 8038)
(7336, 10775, 8062)
(7290, 12612, 7994)
(10865, 17217, 11691)
(7295, 10732, 7997)
(7283, 10730, 7987)
(7291, 10684, 7995)
(7314, 12270, 8018)
(7314, 12490, 8013)
(7296, 10886, 8024)
(7309, 12284, 8010)
(7294, 10818, 7999)
(7304, 10679, 8030)
(7245, 11163, 7923)
(7329, 11269, 8040)
(7309, 10936, 8031)
(7320, 11153, 8049)
(7291, 10966, 8014)
(7329, 11525, 8035)
(7299, 11171, 8000)
(7291, 10899, 8003)
(7314, 10635, 8023)
(7317, 10920, 8034)
(7283, 10932, 7987)
(7307, 11042, 8033)
(7321, 10889, 8018)
(7293, 10999, 7995)
(7309, 10991, 8027)
(7354, 11062, 8069)
(7292, 10972, 8003)
(7296, 11173, 8007)
(10869, 14893, 11706)
(7253, 10586, 7928)
(7299, 10404, 8006)
(10843, 14966, 11659)
(7285, 10895, 7991)
(7305, 10893, 8030)
(10866, 15262, 11699)
(7280, 10776, 7979)
(7277, 10850, 7979)
(7315, 10850, 8042)
(7257, 10617, 7946)
(7344, 10838, 8060)
(7265, 10590, 7948)
(7315, 10667, 8010)
(7340, 10838, 8054)
(7335, 10863, 8040)
(7306, 10568, 8007)
(7317, 10741, 8017)
(7291, 10962, 7992)
(7313, 10790, 8041)
(7268, 10571, 7960)
(7234, 10526, 7914)
(7285, 10704, 7968)
(7308, 10773, 8004)
(7298, 10794, 7980)
(7296, 10950, 8021)
(7299, 10668, 8002)
(7292, 10922, 7989)
(7319, 10978, 8016)
(7389, 10992, 8115)
(7330, 10952, 8037)
(7308, 11071, 8035)
(7300, 11159, 8026)
(7372, 11484, 8105)
(7315, 10878, 8013)
(7308, 10626, 8003)
(7308, 10948, 8036)
(7321, 10821, 8029)
(7415, 11167, 8125)
(7303, 10893, 7985)
(7276, 10729, 7979)
(7300, 10796, 8007)
(7288, 10733, 7992)
(7311, 10772, 8035)
(7386, 11296, 8102)
(7311, 10910, 8032)
(7240, 10832, 7922)
(7334, 10966, 8035)
(10699, 15568, 11495)
(7293, 10745, 7980)
(15036, 20845, 16023)
(15139, 20424, 16110)
(7388, 10757, 8086)
(7348, 10781, 8049)
(7424, 11475, 8129)
(10725, 15067, 11529)
(7311, 12698, 8034)
(7278, 10862, 7968)
(7353, 10936, 8080)
(7322, 10898, 8039)
(7310, 10882, 8014)
(7334, 10624, 8032)
(7249, 10682, 7930)
(7322, 11444, 8023)
(7319, 10758, 8014)
(10766, 14982, 11581)
(10714, 14883, 11514)
(7319, 10946, 8012)
(7309, 10915, 8007)
(7291, 10875, 8018)
(7501, 12037, 8206)
(7276, 10889, 7980)
(7264, 10748, 7946)
(7337, 11164, 8075)
(7288, 10846, 7983)
(7265, 10761, 7964)
(7383, 11310, 8075)
(7322, 11032, 8032)
(7291, 16187, 8018)
(7293, 11214, 8021)
(7349, 11207, 8076)
(7301, 10729, 8001)
(7310, 10994, 8004)
(7296, 10811, 7996)
(10933, 15420, 11763)
(7303, 11095, 8006)
(7277, 10808, 7979)
(7285, 10642, 7962)
(7319, 11084, 8047)
(7298, 11031, 7994)
(10925, 15426, 11754)
(10756, 14900, 11566)
(7322, 11151, 8063)
(7299, 10750, 8022)
(7318, 10755, 8039)
(7337, 10882, 8056)
(7507, 12078, 8219)
(7282, 10707, 7985)
(7301, 10708, 8003)
(7315, 10723, 8020)
(7385, 11071, 8121)
(10664, 15248, 11462)
(7296, 10764, 7999)
(10960, 15464, 11795)
(7340, 10825, 8057)
(7332, 11260, 8056)
(7275, 10907, 7975)
(7337, 11196, 8043)
(7291, 10782, 7993)
(7256, 10729, 7935)
(7315, 11171, 8017)
(7326, 11191, 8032)
(10667, 15181, 11460)
(7309, 11072, 8019)
(7351, 10823, 8071)
(7304, 10807, 8006)
(10670, 15286, 11472)
(7277, 10811, 7981)
(7302, 10998, 8002)
(7319, 10901, 8016)
(10823, 15639, 11652)
(7285, 10904, 7987)
(7326, 10975, 8052)
(7320, 10698, 8030)
(7326, 10969, 8024)
(7291, 10835, 7993)
(7322, 10919, 8026)
(7308, 10862, 8030)
(7308, 10882, 8029)
(7312, 10753, 8036)
(7339, 10758, 8053)
(7275, 10949, 7978)
(7322, 10715, 8023)
(7303, 10676, 8007)
(7297, 10898, 8000)
(7293, 11042, 7996)
(7316, 10788, 8016)
(7308, 10840, 8008)
(7302, 10857, 8002)
(7347, 10986, 8045)
(7257, 10926, 7937)
(10865, 14963, 11696)
(7295, 10730, 8002)
(7312, 10686, 8011)
(7294, 10884, 8001)
(7293, 10771, 7993)
(7315, 10686, 8014)
(7302, 10875, 8006)
(7252, 10463, 7933)
(7243, 10766, 7924)
(7317, 10636, 8015)
(10779, 14904, 11584)
(7312, 10815, 8038)
(7283, 10677, 7992)
(7293, 10841, 7993)
(7310, 10843, 8016)
(7251, 10671, 7937)
(7338, 10894, 8060)
(10634, 15104, 11428)
(7324, 10694, 8022)
(7310, 10943, 8013)
(7277, 10737, 7980)
(7321, 10842, 8019)
(7311, 10886, 8013)
(10784, 18526, 11596)
(7383, 11207, 8093)
(7296, 10810, 8005)
(7287, 10800, 7991)
(7287, 10760, 7986)
(7300, 11009, 7997)
(7448, 10983, 8154)
(10861, 15554, 11692)
(7302, 10866, 8027)
(7296, 10970, 8007)
(7370, 10832, 8073)
(7335, 10964, 8018)
(11054, 16256, 11900)
(7306, 12570, 8025)
(7304, 12297, 8026)
(7301, 12652, 8026)
(7334, 11829, 8062)
(7286, 12523, 7990)
(7311, 12423, 8010)
(7273, 11919, 7978)
(7270, 12102, 7959)
(7434, 12610, 8163)
(15087, 20411, 16082)
(7287, 10904, 8004)
(7310, 12700, 8039)
(7279, 10810, 7984)
(7258, 10830, 7936)
(7289, 10620, 7994)
(7363, 11081, 8068)
(7272, 10871, 7975)
(7318, 10938, 8027)
(7221, 10966, 7903)
(7291, 11323, 7988)
(7310, 10537, 8010)
(7318, 10852, 8015)
(7289, 10913, 7995)
(7306, 10909, 8009)
(7333, 10756, 8048)
(7326, 10688, 8022)
(7294, 10904, 8004)
(7527, 12330, 8258)
(7292, 11033, 7991)
(7283, 10750, 7979)
(7295, 10727, 7998)
(7314, 10771, 8023)
(7275, 10943, 7981)
(7311, 10855, 8005)
(7295, 12741, 7995)
(7312, 12641, 8013)
(7372, 11565, 8100)
(10691, 14972, 11481)
(7322, 11060, 8020)
(7316, 10792, 8012)
(7311, 10555, 8015)
(7295, 11271, 7998)
(7281, 10862, 7981)
(7257, 10727, 7934)
(10671, 15143, 11466)
(7295, 11046, 8019)
(7365, 11115, 8075)
(7332, 10889, 8027)
(7296, 11026, 8020)
(7299, 11179, 8014)
(7330, 11054, 8025)
(7279, 10787, 7983)
(7269, 10871, 7972)
(7304, 12492, 8010)
(7300, 10988, 8009)
(7350, 11210, 8076)
(7301, 10952, 8030)
(7321, 10806, 8020)
(7278, 10911, 7956)
(10684, 15086, 11504)
(7352, 10817, 8047)
(7350, 11083, 8084)
(10889, 15189, 11722)
(7300, 11194, 8013)
(7315, 11137, 8036)
(7326, 10811, 8028)
(7287, 10873, 8001)
(7279, 10699, 7986)
(7306, 11015, 8033)
(7283, 10657, 7981)
(7295, 10790, 8005)
(7383, 10856, 8084)
(7293, 10888, 7990)
(7298, 10763, 7997)
(7338, 10936, 8034)
(7299, 11010, 8003)
(7276, 10878, 7981)
(7310, 10753, 8034)
(7291, 10669, 7992)
(7303, 10836, 7999)
(7339, 10928, 8052)
(7291, 10699, 7989)
(10706, 15118, 11501)
(7311, 11013, 8015)
(7339, 11004, 8044)
(7288, 11078, 7989)
(7339, 12692, 8038)
(7451, 11617, 8195)
(7290, 10878, 7986)
(7325, 10631, 8028)
(7307, 12514, 8012)
(7322, 10883, 8023)
(7312, 10761, 8018)
(10671, 15254, 11463)
(7251, 10780, 7937)
(7361, 11121, 8087)
(7251, 10767, 7937)
(7286, 11158, 7987)
(7315, 11028, 8012)
(7274, 10734, 7947)
(7303, 11051, 7999)
(7298, 10745, 8002)
(7309, 12648, 8009)
(7304, 10905, 8027)
(7285, 10647, 7983)
(7285, 10992, 7984)
(7278, 11113, 7959)
(7293, 11277, 7995)
(7302, 11359, 8039)
(7316, 11171, 8013)
(7282, 11228, 7980)
(7280, 11424, 7981)
(7227, 11038, 7907)
(10656, 15461, 11452)
(7308, 11003, 8004)
(7291, 11244, 8004)
(7300, 12684, 8005)
(7223, 11040, 7910)
(7284, 10932, 7992)
(7328, 11175, 8032)
(7282, 10851, 7984)
(7230, 12327, 7919)
(7339, 10703, 8069)
(10683, 15390, 11478)
(7318, 10933, 8019)
(7289, 11059, 7994)
(7296, 10771, 8003)
(7266, 10946, 7970)
(10835, 15168, 11664)
(7241, 10525, 7923)
(7280, 10594, 7982)
(7285, 10717, 7985)
(7333, 11075, 8037)
(10858, 15061, 11684)
(7296, 10900, 8001)
(7268, 11181, 7984)
(10663, 15218, 11473)
(7330, 11004, 8049)
(7351, 11123, 8081)
(7341, 10803, 8041)
(7280, 11042, 7982)
(10668, 15007, 11461)
(7330, 10968, 8059)
(7308, 10797, 8007)
(7309, 10837, 8027)
(7297, 10588, 8000)
(7304, 10718, 7992)
(7291, 10695, 7991)
(7282, 10767, 7986)
(7315, 10814, 7998)
(7297, 10861, 7993)
(7329, 12775, 8025)
(7242, 10807, 7922)
(7253, 10667, 7936)
(7282, 11030, 7988)
(7289, 11646, 7991)
(7321, 10826, 8044)
(7316, 10882, 8017)
(7342, 10968, 8063)
(7401, 11808, 8109)
(7316, 10799, 8010)
(7275, 10759, 7978)
(7287, 10692, 7992)
(7291, 10608, 7991)
(10654, 14992, 11451)
(10770, 18935, 11577)
(7317, 11358, 8013)
(7287, 11961, 7991)
(7258, 10558, 7939)
(7307, 10912, 8025)
(7311, 10646, 8009)
(7296, 12306, 8000)
(10704, 15065, 11497)
(7325, 10727, 8019)
(7304, 10583, 7991)
(7230, 10940, 7911)
(7305, 12160, 8006)
(7299, 10817, 8001)
(7306, 12707, 8007)
(7290, 10867, 7989)
(7316, 10812, 8022)
(7275, 10666, 7984)
(7345, 10806, 8058)
(7311, 10987, 8011)
(7299, 10675, 7977)
(7228, 10558, 7912)
(7246, 10727, 7926)
(7513, 11310, 8242)
(7330, 10917, 8035)
(7305, 10695, 8005)
(7316, 12470, 8013)
(7299, 12132, 7999)
(7299, 10685, 7998)
(7301, 10592, 8023)
(7338, 10855, 8037)
(7330, 10930, 8027)
